#dist_cut	num_seqs	num_clusters	num_clusters(recip_simpson_index)	avg_intra_clust_phylo_dist_phylum(norm_shannon_index)	avg_inter_clust_phylo_dist_phylum(norm_shannon_index)	avg_intra_clust_phylo_dist_order(norm_shannon_index)	avg_inter_clust_phylo_dist_order(norm_shannon_index)	avg_silhouette_width	avg_inter_clust_dist	avg_intra_clust_dist	dunn_index
0	58	58	58	0	0.301513110932261	0	0.240227622997319	1	1.93137580413793	0	0.06850429
0.01	58	58	58	0	0.301513110932261	0	0.240227622997319	1	1.93137580413793	0	0.06850429
0.02	58	58	58	0	0.301513110932261	0	0.240227622997319	1	1.93137580413793	0	0.06850429
0.03	58	58	58	0	0.301513110932261	0	0.240227622997319	1	1.93137580413793	0	0.06850429
0.04	58	58	58	0	0.301513110932261	0	0.240227622997319	1	1.93137580413793	0	0.06850429
0.05	58	58	58	0	0.301513110932261	0	0.240227622997319	1	1.93137580413793	0	0.06850429
0.06	58	58	58	0	0.301513110932261	0	0.240227622997319	1	1.93137580413793	0	0.06850429
0.07	58	57	56.0666666666667	0	0.30554623739934	0	0.241789546518916	0.964912280701754	1.94678243983709	0.00120182964912281	1.36876858369016
0.08	58	57	56.0666666666667	0	0.30554623739934	0	0.241789546518916	0.964912280701754	1.9467824398371	0.00120182964912281	1.36876858369016
0.09	58	57	56.0666666666667	0	0.30554623739934	0	0.241789546518916	0.964912280701754	1.9467824398371	0.00120182964912281	1.36876858369016
0.1	58	56	54.258064516129	0	0.309676894420562	0	0.243309072515462	0.962671531829457	1.95301834120455	0.00289769303571429	1.22023447174962
0.11	58	56	54.258064516129	0	0.309676894420562	0	0.243309072515462	0.963106388164714	1.95301834120455	0.00289769303571429	1.22023447174962
0.12	58	55	52.5625	0	0.313907770993929	0	0.241405387499252	0.96141394557918	1.94164187619528	0.00503069	1.62946189705493
0.13	58	55	52.5625	0	0.313907770993929	0	0.241405387499252	0.962208229560987	1.94164187619528	0.00503069	1.62946189705493
0.14	58	55	52.5625	0	0.313907770993929	0	0.241405387499252	0.961973466804273	1.94164187619529	0.00503069	1.62946189705493
0.15	58	55	52.5625	0	0.313907770993929	0	0.241405387499252	0.96141394557918	1.94164187619528	0.00503069	1.62946189705493
0.16	58	55	52.5625	0	0.313907770993929	0	0.241405387499252	0.962208229560987	1.94164187619528	0.00503069	1.62946189705493
0.17	58	55	52.5625	0	0.313907770993929	0	0.241405387499252	0.96141394557918	1.94164187619528	0.00503069	1.62946189705493
0.18	58	55	52.5625	0	0.313907770993929	0	0.241405387499252	0.961468588323583	1.94164187619528	0.00503069	1.62946189705493
0.19	58	54	50.969696969697	0	0.318241553070792	0	0.242947697643316	0.959437962201041	1.95894393784766	0.00857641333333333	1.09362369988538
0.2	58	54	50.969696969697	0	0.318241553070792	0	0.242947697643316	0.958115234505241	1.95894393784766	0.00857641333333333	1.09362369988538
0.21	58	53	49.4705882352941	0	0.322680903456185	0	0.24443346169723	0.9534365455891	1.97854089374456	0.0125852781132075	1.24639640161021
0.22	58	53	49.4705882352941	0	0.322680903456185	0	0.24443346169723	0.954281328743615	1.97854089374456	0.0125852781132075	1.24639640161021
0.23	58	53	49.4705882352941	0	0.322680903456185	0	0.24443346169723	0.955826171402178	1.97854089374456	0.0125852781132075	1.24639640161021
0.24	58	53	49.4705882352941	0	0.322680903456185	0	0.24443346169723	0.956271779512392	1.97854089374456	0.0125852781132075	1.24639640161021
0.25	58	52	46.7222222222222	0	0.32703872963079	0	0.245642185927651	0.954138774831015	1.99542268061463	0.0152071454487179	1.45230562124074
0.26	58	52	46.7222222222222	0	0.32703872963079	0	0.245642185927651	0.953854418996186	1.99542268061463	0.0152071454487179	1.45230562124074
0.27	58	52	46.7222222222222	0	0.32703872963079	0	0.245642185927651	0.954138774831015	1.99542268061463	0.0152071454487179	1.45230562124074
0.28	58	52	46.7222222222222	0	0.32703872963079	0	0.245642185927651	0.951002022252688	1.99542268061463	0.0152071454487179	1.45230562124074
0.29	58	52	46.7222222222222	0	0.32703872963079	0	0.245642185927651	0.953401791541004	1.99542268061463	0.0152071454487179	1.45230562124074
0.3	58	52	46.7222222222222	0	0.32703872963079	0	0.245642185927651	0.953401791541004	1.99542268061463	0.0152071454487179	1.45230562124074
0.31	58	51	44.2631578947368	0	0.331492098837829	0	0.246755895577529	0.950563138218611	2.0017733028366	0.0181504102614379	1.37058362183287
0.32	58	50	43.1282051282051	0	0.33624738656045	0	0.247987691226568	0.936707809486001	2.02208862523538	0.0247815326666667	1.08372010835412
0.33	58	50	43.1282051282051	0	0.33624738656045	0	0.247987691226568	0.936770092712984	2.02208862523537	0.0247815326666667	1.08372010835412
0.34	58	49	42.05	0	0.31911038712681	0	0.246660545938929	0.929172544729599	2.03574943234694	0.0322187898639456	1.0107321173015
0.35	58	48	41.0243902439024	0	0.300382934955952	0	0.245329771061517	0.926872295653829	2.01564555867612	0.0400418723611111	1.0289182149265
0.36	58	47	40.047619047619	0	0.305375634430755	0	0.243998576273983	0.918110870701559	2.03999074051187	0.0484090713475177	1.07524405429781
0.37	58	47	40.047619047619	0	0.305375634430755	0	0.243998576273983	0.920642027766343	2.03999074051187	0.0484090713475177	1.07524405429781
0.38	58	46	39.1162790697674	0	0.310521904356501	0	0.242963233061396	0.915141107950215	2.02989109912078	0.0577178320289855	1.04041423306618
0.39	58	46	39.1162790697674	0	0.310521904356501	0	0.242963233061396	0.913820609134103	2.02989109912077	0.0577178320289855	1.04041423306618
0.4	58	45	38.2272727272727	0	0.315827556765971	0	0.241350825986331	0.908142838198872	2.03419609012795	0.0677814060740741	1.14085417178085
0.41	58	45	38.2272727272727	0	0.315827556765971	0	0.241350825986331	0.90722801243163	2.03419609012795	0.0677814060740741	1.14085417178085
0.42	58	45	38.2272727272727	0	0.315827556765971	0	0.241350825986331	0.904682157835501	2.03419609012794	0.0677814060740741	1.14085417178085
0.43	58	45	38.2272727272727	0	0.315827556765971	0	0.241350825986331	0.905313956524579	2.03419609012795	0.0677814060740741	1.14085417178085
0.44	58	45	38.2272727272727	0	0.315827556765971	0	0.241350825986331	0.907563234048764	2.03419609012794	0.0677814060740741	1.14085417178085
0.45	58	44	35.0416666666667	0	0.320662685973766	0	0.242413136243267	0.919055003854491	2.05725261174243	0.067183266969697	1.11104520392576
0.46	58	44	35.0416666666667	0	0.320662685973766	0	0.242413136243267	0.918056866281644	2.05725261174242	0.067183266969697	1.11104520392576
0.47	58	42	31.7358490566038	0	0.331363102036454	0	0.244757245348272	0.902307887195591	2.11157121888405	0.0763336896428571	0.993292642291617
0.48	58	40	29	0	0.342641488173833	0.00699605815388638	0.251010003892735	0.897677975984987	2.16277070742949	0.08318261825	1.14711710485496
0.49	58	40	29	0	0.342641488173833	0.00699605815388638	0.251010003892734	0.894456713764995	2.16277070742949	0.08318261825	1.14711710485496
0.5	58	40	29	0	0.342641488173833	0.00699605815388638	0.251010003892734	0.894456713764995	2.16277070742949	0.08318261825	1.14711710485496
0.51	58	40	29	0	0.342641488173833	0.00699605815388638	0.251010003892734	0.898219324312839	2.16277070742949	0.08318261825	1.14711710485496
0.52	58	40	29	0	0.342641488173833	0.00699605815388638	0.251010003892734	0.897568708155067	2.16277070742949	0.08318261825	1.14711710485496
0.53	58	40	29	0	0.342641488173833	0.00699605815388638	0.251010003892735	0.896265661742398	2.16277070742949	0.08318261825	1.14711710485496
0.54	58	40	29	0	0.342641488173833	0.00699605815388638	0.251010003892735	0.896265661742398	2.16277070742949	0.08318261825	1.14711710485496
0.55	58	39	28.5084745762712	0	0.348906168643618	0.00717544426039629	0.250078894695794	0.892048574959402	2.13275398843005	0.099272281025641	1.15247370990099
0.56	58	39	28.5084745762712	0	0.348906168643618	0.00717544426039629	0.250078894695794	0.891379585272417	2.13275398843005	0.099272281025641	1.15247370990099
0.57	58	39	28.5084745762712	0	0.348906168643618	0.00717544426039629	0.250078894695794	0.891379585272417	2.13275398843005	0.099272281025641	1.15247370990099
0.58	58	39	28.5084745762712	0	0.348906168643618	0.00717544426039629	0.250078894695794	0.890839450382218	2.13275398843005	0.099272281025641	1.15247370990099
0.59	58	39	28.5084745762712	0	0.348906168643618	0.00717544426039629	0.250078894695794	0.892048574959402	2.13275398843005	0.099272281025641	1.15247370990099
0.6	58	39	28.5084745762712	0	0.348906168643618	0.00717544426039629	0.250078894695794	0.887906426648135	2.13275398843005	0.099272281025641	1.15247370990099
0.61	58	38	26.6984126984127	0	0.355158927551171	0.00736427174093304	0.251679587994545	0.893841320619378	2.15835460337388	0.10406330504386	1.17314285536867
0.62	58	38	26.6984126984127	0	0.355158927551171	0.00736427174093304	0.251679587994545	0.893720374204449	2.15835460337388	0.10406330504386	1.17314285536867
0.63	58	38	26.6984126984127	0	0.355158927551171	0.00736427174093304	0.251679587994545	0.894677055376359	2.15835460337387	0.10406330504386	1.17314285536867
0.64	58	38	26.6984126984127	0	0.355158927551171	0.00736427174093304	0.251679587994545	0.893841320619378	2.15835460337387	0.10406330504386	1.17314285536867
0.65	58	37	25.4848484848485	0	0.361408140304525	0.0075633061123096	0.252938357218779	0.884515956871129	2.17706200727628	0.113072651216216	1.25335734838312
0.66	58	37	25.4848484848485	0	0.361408140304525	0.0075633061123096	0.252938357218779	0.879377558458244	2.17706200727628	0.113072651216216	1.25335734838312
0.67	58	37	25.4848484848485	0	0.361408140304525	0.0075633061123096	0.252938357218779	0.877667906774324	2.17706200727628	0.113072651216216	1.25335734838312
0.68	58	37	25.4848484848485	0	0.361408140304525	0.0075633061123096	0.252938357218779	0.877404009305797	2.17555176082433	0.117200228072072	1.12449426829589
0.69	58	35	19.3333333333333	0	0.376616967479122	0.015990990066026	0.263725272248154	0.878869648903027	2.19638824030719	0.128777015984127	1.02675554598028
0.7	58	35	19.3333333333333	0	0.376616967479122	0.015990990066026	0.263725272248154	0.878533559519824	2.19638824030719	0.128777015984127	1.02675554598028
0.71	58	34	18.8988764044944	0	0.355195273461667	0.0164613133032621	0.262129256513393	0.864509317217649	2.22480078629382	0.139639660473856	1.15769686536027
0.72	58	34	18.8988764044944	0	0.355195273461667	0.0164613133032621	0.262129256513393	0.871450148089284	2.22480078629382	0.139639660473856	1.15769686536027
0.73	58	34	18.8988764044944	0	0.355195273461667	0.0164613133032621	0.262129256513393	0.866330276096189	2.22480078629382	0.139639660473856	1.15769686536027
0.74	58	33	14.5	0	0.363981585786507	0.0169601409791185	0.264941935882508	0.872239963321982	2.24228188133839	0.141011646051423	1.14421522088034
0.75	58	33	14.5	0	0.363981585786507	0.0169601409791185	0.264941935882508	0.873465495706372	2.24228188133838	0.141011646051423	1.14421522088034
0.76	58	32	13.140625	0	0.372144229080023	0.017490145384716	0.266748054008775	0.86862933219008	2.27157610127158	0.146709260492788	1.08322745914415
0.77	58	32	13.140625	0	0.372144229080023	0.017490145384716	0.266748054008775	0.86792860801845	2.27157610127158	0.146709260492788	1.08322745914415
0.78	58	32	13.140625	0	0.372144229080023	0.017490145384716	0.266748054008775	0.873576022751408	2.27157610127158	0.146709260492788	1.08322745914415
0.79	58	31	10.1939393939394	0	0.38280104198217	0.0180543436229326	0.270274829633947	0.87681228339728	2.28139477221774	0.147170487524194	0.974027066081948
0.8	58	31	10.1939393939394	0	0.38280104198217	0.0180543436229326	0.270274829633947	0.869751406907921	2.28139477221774	0.147170487524194	0.974027066081948
0.81	58	31	10.1939393939394	0	0.38280104198217	0.0180543436229326	0.270274829633947	0.876594640447838	2.28139477221774	0.147170487524194	0.974027066081948
0.820000000000001	58	31	10.1939393939394	0	0.38280104198217	0.0180543436229326	0.270274829633947	0.87681228339728	2.28139477221774	0.147170487524194	0.974027066081947
0.830000000000001	58	31	10.1939393939394	0	0.38280104198217	0.0180543436229326	0.270274829633947	0.869751406907921	2.28139477221774	0.147170487524194	0.974027066081947
0.840000000000001	58	30	10.1325301204819	0	0.391379026944989	0.0279842326155455	0.280887503546928	0.853305909687437	2.29262400332232	0.180062105441667	1.1110481064439
0.850000000000001	58	30	10.1325301204819	0	0.391379026944989	0.0279842326155455	0.280887503546928	0.852536424190996	2.29262400332232	0.180062105441667	1.1110481064439
0.860000000000001	58	29	8.49494949494949	0	0.401275868133834	0.0289492061540126	0.282863472339583	0.849730008921291	2.33207663666941	0.180806767724814	1.07992344793167
0.870000000000001	58	29	7.89671361502347	0	0.402520982740937	0.0310313110591673	0.287202855818747	0.851340528138502	2.33075998775733	0.180742412064932	1.05299354309683
0.880000000000001	58	29	7.89671361502347	0	0.402520982740937	0.0310313110591673	0.287202855818747	0.853857167570598	2.33075998775733	0.180742412064932	1.05299354309683
0.890000000000001	58	29	7.89671361502347	0	0.402520982740937	0.0310313110591673	0.287202855818747	0.851940106634665	2.33075998775733	0.180742412064932	1.05299354309683
0.900000000000001	58	29	7.89671361502347	0	0.402520982740937	0.0310313110591673	0.287202855818747	0.858063576428801	2.33075998775732	0.180742412064932	1.05299354309683
0.910000000000001	58	29	7.89671361502347	0	0.402520982740937	0.0310313110591673	0.287202855818747	0.851940106634664	2.33075998775733	0.180742412064932	1.05299354309683
0.920000000000001	58	28	7.25	0	0.412435335999415	0.0348532766104933	0.292154642715054	0.844315403803286	2.36446282814285	0.188019093073935	1.02710521479512
0.930000000000001	58	28	7.25	0	0.412435335999415	0.0348532766104933	0.292154642715054	0.852942282059161	2.36446282814286	0.188019093073935	1.02710521479512
0.940000000000001	58	28	7.25	0	0.412435335999415	0.0348532766104933	0.292154642715054	0.856868622822711	2.36446282814286	0.188019093073935	1.02710521479512
0.950000000000001	58	28	7.25	0	0.412435335999415	0.0348532766104933	0.292154642715054	0.837141477734594	2.36446282814286	0.188019093073935	1.02710521479512
0.960000000000001	58	27	7.1271186440678	0	0.420301489696107	0.0413264040063533	0.3008005861958	0.848322360734883	2.35914384682051	0.194125168990253	1.05308374873408
0.970000000000001	58	27	7.1271186440678	0	0.420301489696107	0.0413264040063533	0.3008005861958	0.851826398061658	2.35914384682051	0.194125168990253	1.05308374873408
0.980000000000001	58	27	10.6455696202532	0	0.413984647394222	0.0454090911926643	0.301300417561803	0.817617444897958	2.35808600084249	0.230331351526252	0.936825521162429
0.990000000000001	58	26	9.77906976744186	0	0.423814735164387	0.0469632247173766	0.302566128795033	0.813416315575462	2.37576306640279	0.241687139934066	0.959729791749778
1	58	26	10.5125	0	0.422909071338071	0.0474087618476641	0.302456854641671	0.805279985513668	2.37489141700237	0.240140920394477	0.957258744146242
1.01	58	25	8.71502590673575	0	0.434900960021054	0.048440878554415	0.308176947383023	0.800596107107431	2.42277379880444	0.231948469619048	1.01649745979759
1.02	58	25	8.71502590673575	0	0.434900960021054	0.048440878554415	0.308176947383023	0.80970020912439	2.42277379880445	0.231948469619048	1.01649745979759
1.03	58	25	8.71502590673575	0	0.434900960021054	0.048440878554415	0.308176947383023	0.810558854507821	2.42277379880445	0.231948469619048	1.01649745979759
1.04	58	25	7.37719298245614	0.0305767590411683	0.48090003019768	0.0618549202451428	0.325853754967942	0.797216907546987	2.40951893100409	0.266657467579883	0.804884951115144
1.05	58	25	7.37719298245614	0.0305767590411683	0.48090003019768	0.0618549202451428	0.325853754967942	0.787038328060428	2.40951893100409	0.266657467579883	0.804884951115144
1.06	58	25	7.37719298245614	0.0305767590411683	0.48090003019768	0.0618549202451428	0.325853754967942	0.783509441325609	2.40951893100409	0.266657467579883	0.804884951115144
1.07	58	25	8.00952380952381	0.0248062557269579	0.473806967594503	0.0691101107304911	0.335852052903723	0.801278545060221	2.41694909478037	0.269807413814902	0.764582664346726
1.08	58	25	8.00952380952381	0.0248062557269579	0.473806967594503	0.0691101107304911	0.335852052903723	0.786113131261262	2.41694909478037	0.269807413814902	0.764582664346727
1.09	58	24	7.93396226415094	0.0258398497155811	0.45129281739703	0.0719896986775949	0.336878750482001	0.781984621189591	2.39357854176449	0.301884398140523	0.764582664346726
1.1	58	24	7.93396226415094	0.0258398497155811	0.45129281739703	0.0719896986775949	0.336878750482001	0.771749935014654	2.39357854176449	0.301884398140523	0.764582664346727
1.11	58	24	7.4424778761062	0.0258398497155811	0.452708171045046	0.0672122035274643	0.330832635338376	0.778390620838438	2.39263428022502	0.295621799544347	0.76583838585454
1.12	58	23	5.92253521126761	0.0088660964702971	0.444964109358314	0.0558522774058478	0.319445414495678	0.831969298258792	2.43019220529572	0.251256089028421	1.05352474068537
1.13	58	23	5.92253521126761	0.0088660964702971	0.444964109358314	0.0558522774058478	0.319445414495678	0.820201023623895	2.43019220529572	0.251256089028421	1.05352474068538
1.14	58	22	5.49673202614379	0.0178312949474415	0.436215382742484	0.0609161832846717	0.325612397619736	0.825039355561574	2.46173031391963	0.264994134211403	1.02394068208914
1.15	58	22	5.49673202614379	0.0178312949474415	0.436215382742484	0.0609161832846717	0.325612397619736	0.825270100525619	2.46173031391963	0.264994134211403	1.02394068208914
1.16	58	21	4.7247191011236	0.0278144420548436	0.429287563409291	0.0730960130114798	0.342888712670435	0.822942803819884	2.51962734105778	0.254431610190476	1.01008649140007
1.17	58	21	4.7247191011236	0.0278144420548436	0.429287563409291	0.0730960130114798	0.342888712670435	0.822942803819885	2.51962734105778	0.254431610190476	1.01008649140008
1.18	58	21	5.46103896103896	0.0492010671648315	0.461173870337906	0.0776004349316757	0.34850632343642	0.790017007745695	2.52711946859596	0.271848300728372	0.943380064206001
1.19	58	21	5.46103896103896	0.0492010671648315	0.461173870337906	0.0776004349316757	0.34850632343642	0.790017007745695	2.52711946859596	0.271848300728372	0.943380064206001
1.2	58	21	5.46103896103896	0.0492010671648315	0.461173870337906	0.0776004349316757	0.34850632343642	0.792204396101226	2.52711946859596	0.271848300728372	0.943380064206001
1.21	58	20	5.30599369085173	0.0520173371779733	0.435371972828433	0.0850857669511205	0.357408349032282	0.782225574724486	2.55733048374737	0.28761196515368	0.913457174157006
1.22	58	20	5.30599369085173	0.0520173371779733	0.435371972828433	0.0850857669511205	0.357408349032282	0.780930650266749	2.55733048374737	0.28761196515368	0.913457174157006
1.23	58	20	5.30599369085173	0.0520173371779733	0.435371972828433	0.0850857669511205	0.357408349032282	0.78085221670437	2.55733048374737	0.28761196515368	0.913457174157006
1.24	58	19	5.28930817610063	0.0547550917662877	0.450560065910955	0.104292508693572	0.376603100470866	0.712827225817778	2.59578370381978	0.370843517530189	0.930436148508189
1.25	58	18	4.97633136094675	0.0543872265487501	0.462134472205286	0.10109319212872	0.377325309030474	0.757521441072193	2.63235235887502	0.324475537308802	0.858099760586482
1.26	58	18	4.97633136094675	0.0543872265487501	0.462134472205286	0.10109319212872	0.377325309030474	0.757521441072193	2.63235235887502	0.324475537308802	0.858099760586482
1.27	58	17	4.40314136125654	0.0575864751692648	0.481161598145664	0.0913912309564704	0.367474311496324	0.768298489203429	2.67256063863562	0.299207342589902	0.874049773611668
1.28	58	16	4.39164490861619	0.0611856298673439	0.455265114476595	0.0971031828912498	0.373824874726405	0.716068830743451	2.67405405451273	0.397521803376771	0.971411784880937
1.29	58	16	4.39164490861619	0.0611856298673439	0.455265114476595	0.0971031828912498	0.373824874726405	0.718758624174862	2.67405405451273	0.39752180337677	0.971411784880936
1.3	58	15	4.13267813267813	0.0652646718585001	0.476441602145734	0.105664655362831	0.383308401810527	0.689359823158897	2.7199183458546	0.426006840196768	0.980730572492388
1.31	58	15	4.13267813267813	0.0652646718585001	0.476441602145734	0.105664655362831	0.383308401810527	0.702839214922649	2.7199183458546	0.426006840196768	0.980730572492388
1.32	58	14	3.76286353467562	0.0721927843876299	0.503315885241154	0.114847071313247	0.396114541939876	0.672248850498926	2.75052868921264	0.461002089625597	0.962387057413347
1.33	58	14	3.76286353467562	0.0721927843876299	0.503315885241154	0.114847071313247	0.396114541939876	0.682910389949854	2.75052868921264	0.461002089625597	0.962387057413348
1.34	58	14	3.76286353467562	0.0721927843876299	0.503315885241154	0.114847071313247	0.396114541939876	0.672248850498926	2.75052868921264	0.461002089625597	0.962387057413347
1.35	58	14	3.625	0.074310481682819	0.507420697914352	0.115107093707538	0.396278730213532	0.684459512718902	2.75199085674882	0.460888283470522	0.955521430830408
1.36	58	14	3.625	0.074310481682819	0.507420697914352	0.115107093707538	0.396278730213532	0.684810907491749	2.75199085674882	0.460888283470522	0.955521430830408
1.37	58	14	3.625	0.074310481682819	0.507420697914352	0.115107093707538	0.396278730213532	0.67414936804082	2.75199085674882	0.460888283470522	0.955521430830408
1.38	58	14	3.625	0.074310481682819	0.507420697914352	0.115107093707538	0.396278730213532	0.684459512718902	2.75199085674882	0.460888283470522	0.955521430830408
1.39	58	14	3.625	0.0743104816828189	0.507420697914352	0.115107093707538	0.396278730213532	0.684810907491748	2.75199085674882	0.460888283470522	0.955521430830408
1.4	58	13	2.26075268817204	0.0386174556663739	0.484051500959269	0.0853534982500305	0.363850299374772	0.731470191278632	2.83344468942645	0.394533783271328	1.08758468043357
1.41	58	13	2.26075268817204	0.0386174556663739	0.484051500959269	0.0853534982500305	0.363850299374772	0.730559090725857	2.83344468942645	0.394533783271328	1.08758468043357
1.42	58	13	2.26075268817204	0.0386174556663739	0.484051500959269	0.0853534982500305	0.363850299374772	0.730559090725856	2.83344468942645	0.394533783271328	1.08758468043357
1.43	58	11	2.14814814814815	0.0448262235615168	0.535080492752913	0.127776557753088	0.407453389522157	0.644445859617779	2.8329948832634	0.598692075211631	1.10080100403928
1.44	58	11	2.14814814814815	0.0448262235615168	0.535080492752913	0.127776557753089	0.407453389522157	0.636907490947653	2.8329948832634	0.598692075211631	1.10080100403928
1.45	58	11	2.14814814814815	0.0448262235615168	0.535080492752913	0.127776557753089	0.407453389522157	0.651553478174842	2.8329948832634	0.598692075211631	1.10080100403928
1.46	58	11	2.14814814814815	0.0448262235615168	0.535080492752913	0.127776557753089	0.407453389522157	0.644445859617779	2.8329948832634	0.59869207521163	1.10080100403928
1.47	58	11	2.14814814814815	0.0448262235615168	0.535080492752913	0.127776557753088	0.407453389522157	0.638078138812073	2.8329948832634	0.598692075211631	1.10080100403928
1.48	58	11	2.14814814814815	0.0448262235615168	0.535080492752913	0.127776557753088	0.407453389522157	0.634099901377831	2.8329948832634	0.598692075211631	1.10080100403928
1.49	58	11	2.14814814814815	0.0448262235615168	0.535080492752913	0.127776557753088	0.407453389522157	0.652090603330866	2.8329948832634	0.59869207521163	1.10080100403928
1.5	58	10	2.04622871046229	0.0484492916959086	0.560960976220601	0.142110007838039	0.422156112472946	0.604265819565327	2.76265972457778	0.662686927612821	1.10080100403928
1.51	58	10	2.04622871046229	0.0484492916959086	0.560960976220601	0.142110007838039	0.422156112472946	0.588274177975928	2.76265972457778	0.662686927612821	1.10080100403928
1.52	58	10	2.04622871046229	0.0484492916959086	0.560960976220601	0.142110007838039	0.422156112472946	0.618132340814695	2.76265972457778	0.662686927612821	1.10080100403928
1.53	58	10	2.04622871046229	0.0484492916959086	0.560960976220601	0.142110007838039	0.422156112472946	0.616442386511532	2.76265972457778	0.662686927612821	1.10080100403928
1.54	58	10	2.04622871046229	0.0484492916959086	0.560960976220601	0.142110007838039	0.422156112472946	0.592885265501383	2.76265972457778	0.662686927612821	1.10080100403928
1.55	58	10	2.04622871046229	0.0484492916959086	0.560960976220601	0.142110007838039	0.422156112472946	0.592885265501383	2.76265972457778	0.662686927612821	1.10080100403928
1.56	58	10	2.04622871046229	0.0484492916959086	0.560960976220601	0.142110007838039	0.422156112472946	0.612675037649722	2.76265972457778	0.662686927612821	1.10080100403928
1.57	58	10	2.04622871046229	0.0484492916959086	0.560960976220601	0.142110007838039	0.422156112472946	0.59726132667905	2.76265972457778	0.662686927612821	1.10080100403928
1.58	58	10	2.04622871046229	0.0484492916959086	0.560960976220601	0.142110007838039	0.422156112472946	0.61870002211464	2.76265972457778	0.662686927612821	1.10080100403928
1.59	58	10	2.04622871046229	0.0484492916959086	0.560960976220601	0.142110007838039	0.422156112472946	0.616442386511532	2.76265972457778	0.662686927612821	1.10080100403928
1.6	58	10	2.04622871046229	0.0484492916959086	0.560960976220601	0.142110007838039	0.422156112472946	0.604273767890723	2.76265972457778	0.662686927612821	1.10080100403928
1.61	58	9	1.95127610208817	0.0665701756089362	0.575902605980372	0.161088460370481	0.449652514378437	0.579628653219807	2.83859140264228	0.740100350133695	1.10080100403928
1.62	58	8	1.93333333333333	0.0748914475600532	0.603334157078046	0.195856627819659	0.494509613459408	0.517620744600628	2.89999095175377	0.83518398798374	1.35493250584871
1.63	58	8	1.93333333333333	0.0748914475600532	0.603334157078046	0.195856627819659	0.494509613459408	0.487858217097918	2.89999095175377	0.83518398798374	1.35493250584871
1.64	58	8	1.93333333333333	0.0748914475600532	0.603334157078046	0.195856627819659	0.494509613459408	0.487858217097917	2.89999095175377	0.83518398798374	1.35493250584871
1.65	58	8	1.93333333333333	0.0748914475600532	0.603334157078046	0.195856627819659	0.494509613459408	0.517620744600628	2.89999095175377	0.83518398798374	1.35493250584871
1.66	58	8	1.93333333333333	0.0748914475600532	0.603334157078046	0.195856627819659	0.494509613459408	0.487858217097918	2.89999095175377	0.83518398798374	1.35493250584871
1.67	58	8	1.93333333333333	0.0748914475600532	0.603334157078046	0.195856627819659	0.494509613459408	0.517620744600628	2.89999095175377	0.83518398798374	1.35493250584871
1.68	58	8	1.93333333333333	0.0748914475600532	0.603334157078046	0.195856627819659	0.494509613459408	0.519683834167577	2.89999095175377	0.83518398798374	1.35493250584871
1.69	58	8	1.93333333333333	0.0748914475600532	0.603334157078046	0.195856627819659	0.494509613459408	0.487858217097917	2.89999095175377	0.83518398798374	1.35493250584871
1.7	58	8	1.93333333333333	0.0748914475600532	0.603334157078046	0.195856627819659	0.494509613459408	0.479872175983468	2.89999095175377	0.83518398798374	1.35493250584871
1.71	58	8	1.93333333333333	0.0748914475600532	0.603334157078046	0.195856627819659	0.494509613459408	0.517620744600628	2.89999095175377	0.83518398798374	1.35493250584871
1.72	58	8	1.93333333333333	0.0748914475600532	0.603334157078046	0.195856627819659	0.494509613459408	0.479872175983468	2.89999095175377	0.83518398798374	1.35493250584871
1.73	58	8	1.93333333333333	0.0748914475600532	0.603334157078046	0.195856627819659	0.494509613459408	0.479872175983468	2.89999095175377	0.83518398798374	1.35493250584871
1.74	58	8	1.93333333333333	0.0748914475600532	0.603334157078046	0.195856627819659	0.494509613459408	0.479872175983468	2.89999095175377	0.83518398798374	1.35493250584871
1.75	58	8	1.93333333333333	0.0748914475600532	0.603334157078046	0.195856627819659	0.494509613459408	0.519683834167577	2.89999095175377	0.83518398798374	1.35493250584871
1.76	58	8	1.93333333333333	0.0748914475600532	0.603334157078046	0.195856627819659	0.494509613459408	0.519683834167577	2.89999095175377	0.83518398798374	1.35493250584871
1.77	58	8	1.93333333333333	0.0748914475600532	0.603334157078046	0.195856627819659	0.494509613459408	0.519683834167577	2.89999095175377	0.83518398798374	1.35493250584871
1.78	58	8	1.93333333333333	0.0748914475600532	0.603334157078046	0.195856627819659	0.494509613459408	0.517620744600628	2.89999095175377	0.83518398798374	1.35493250584871
1.79	58	8	1.93333333333333	0.0748914475600532	0.603334157078046	0.195856627819659	0.494509613459408	0.487858217097917	2.89999095175377	0.83518398798374	1.35493250584871
1.8	58	8	1.93333333333333	0.0748914475600532	0.603334157078046	0.195856627819659	0.494509613459408	0.517620744600628	2.89999095175377	0.835183987983739	1.35493250584871
1.81	58	8	1.93333333333333	0.0748914475600532	0.603334157078046	0.195856627819659	0.494509613459408	0.487858217097917	2.89999095175377	0.835183987983739	1.35493250584871
1.82	58	8	1.93333333333333	0.0748914475600532	0.603334157078046	0.195856627819659	0.494509613459408	0.487858217097917	2.89999095175377	0.83518398798374	1.35493250584871
1.83	58	7	1.50716845878136	0.0776176712005568	0.654859844460017	0.165283243451065	0.480743627652675	0.507111994650642	2.95119261908815	0.81263021730144	1.21216099132097
1.84	58	7	1.50716845878136	0.0776176712005568	0.654859844460017	0.165283243451065	0.480743627652675	0.523369929027704	2.95119261908815	0.81263021730144	1.21216099132097
1.85	58	6	1.3900826446281	0.118201924706879	0.677476914061615	0.19833809777528	0.52389159827648	0.510321250264127	2.98108140555782	0.745472896853741	1.16952046176842
1.86	58	6	1.3900826446281	0.118201924706879	0.677476914061615	0.19833809777528	0.52389159827648	0.510321250264126	2.98108140555782	0.74547289685374	1.16952046176843
1.87	58	6	1.3900826446281	0.118201924706879	0.677476914061616	0.19833809777528	0.52389159827648	0.510321250264127	2.98108140555782	0.745472896853741	1.16952046176843
1.88	58	6	1.3900826446281	0.118201924706879	0.677476914061615	0.19833809777528	0.52389159827648	0.497489533273355	2.98108140555782	0.745472896853741	1.16952046176842
1.89	58	6	1.3900826446281	0.118201924706879	0.677476914061615	0.19833809777528	0.52389159827648	0.497489533273355	2.98108140555782	0.74547289685374	1.16952046176843
1.9	58	6	1.3900826446281	0.118201924706879	0.677476914061615	0.19833809777528	0.52389159827648	0.497489533273357	2.98108140555782	0.74547289685374	1.16952046176843
1.91	58	6	1.3900826446281	0.118201924706879	0.677476914061615	0.19833809777528	0.52389159827648	0.497489533273355	2.98108140555782	0.745472896853741	1.16952046176843
1.92	58	5	1.38778877887789	0.282234861880219	0.803294281053706	0.28940132579047	0.615801471142823	0.354892759743356	3.101731322	1.08020600755782	1.49461271004914
1.93	58	5	1.38778877887789	0.282234861880219	0.803294281053706	0.28940132579047	0.615801471142823	0.333906641718006	3.101731322	1.08020600755782	1.49461271004914
1.94	58	5	1.38778877887789	0.282234861880219	0.803294281053706	0.28940132579047	0.615801471142823	0.354892759743356	3.101731322	1.08020600755782	1.49461271004914
1.95	58	5	1.38778877887789	0.282234861880219	0.803294281053706	0.28940132579047	0.615801471142823	0.354892759743356	3.101731322	1.08020600755782	1.49461271004914
1.96	58	5	1.38778877887789	0.282234861880219	0.803294281053706	0.28940132579047	0.615801471142823	0.333906641718006	3.101731322	1.08020600755782	1.49461271004914
1.97	58	5	1.38778877887789	0.282234861880219	0.803294281053706	0.28940132579047	0.615801471142823	0.333906641718007	3.101731322	1.08020600755782	1.49461271004914
1.98	58	5	1.38778877887789	0.282234861880219	0.803294281053706	0.28940132579047	0.615801471142823	0.354892759743356	3.101731322	1.08020600755782	1.49461271004914
1.99	58	5	1.38778877887789	0.282234861880219	0.803294281053706	0.28940132579047	0.615801471142823	0.333906641718006	3.101731322	1.08020600755782	1.49461271004914
2	58	5	1.38778877887789	0.282234861880219	0.803294281053706	0.28940132579047	0.615801471142823	0.354892759743356	3.101731322	1.08020600755782	1.49461271004914
2.01	58	4	1.23767476085357	0.403377017638217	0.871480463854527	0.370886498069105	0.716180373383908	0.220766987721828	3.05176416551282	1.16166483974359	1.44296611684052
2.02	58	4	1.23767476085357	0.403377017638217	0.871480463854527	0.370886498069105	0.716180373383908	0.220766987721828	3.05176416551282	1.16166483974359	1.44296611684052
2.03	58	4	1.23767476085357	0.403377017638217	0.871480463854527	0.370886498069105	0.716180373383908	0.220766987721828	3.05176416551282	1.16166483974359	1.44296611684052
2.04	58	4	1.23767476085357	0.403377017638217	0.871480463854527	0.370886498069105	0.716180373383908	0.220766987721828	3.05176416551282	1.16166483974359	1.44296611684052
2.05	58	4	1.23767476085357	0.403377017638217	0.871480463854527	0.370886498069105	0.716180373383908	0.220766987721828	3.05176416551282	1.16166483974359	1.44296611684052
2.06	58	4	1.23767476085357	0.403377017638217	0.871480463854527	0.370886498069105	0.716180373383908	0.220766987721828	3.05176416551282	1.16166483974359	1.44296611684052
2.07	58	4	1.23767476085357	0.403377017638217	0.871480463854527	0.370886498069105	0.716180373383908	0.220766987721828	3.05176416551282	1.16166483974359	1.44296611684052
2.08	58	4	1.23767476085357	0.403377017638217	0.871480463854527	0.370886498069105	0.716180373383908	0.220766987721828	3.05176416551282	1.16166483974359	1.44296611684052
2.09	58	4	1.23767476085357	0.403377017638217	0.871480463854527	0.370886498069105	0.716180373383908	0.220766987721828	3.05176416551282	1.16166483974359	1.44296611684052
2.1	58	3	1.19206236711552	0.566511112774663	0.849582647856236	0.501157363254838	0.835072220541771	-0.0437980157950598	2.64384409937107	1.56168996189324	1.41188542546275
2.11	58	3	1.19206236711552	0.566511112774663	0.849582647856236	0.501157363254838	0.835072220541771	-0.0437980157950598	2.64384409937107	1.56168996189324	1.41188542546275
2.12	58	3	1.19206236711552	0.566511112774663	0.849582647856236	0.501157363254838	0.835072220541771	-0.0437980157950598	2.64384409937107	1.56168996189324	1.41188542546275
2.13	58	3	1.19206236711552	0.566511112774663	0.849582647856236	0.501157363254838	0.835072220541771	-0.0437980157950598	2.64384409937107	1.56168996189324	1.41188542546275
2.14	58	3	1.19206236711552	0.566511112774663	0.849582647856236	0.501157363254838	0.835072220541771	-0.0437980157950598	2.64384409937107	1.56168996189324	1.41188542546275
2.15	58	3	1.14969241285031	0.56208237343292	0.868038832087765	0.410864799982275	0.798578655610802	0.148627612594784	2.68736443555556	1.09637866065921	1.43018405722234
2.16	58	3	1.14969241285031	0.56208237343292	0.868038832087765	0.410864799982275	0.798578655610802	0.148627612594784	2.68736443555556	1.09637866065921	1.43018405722234
2.17	58	3	1.11023102310231	0.578598045576393	0.891124921150319	0.42013079221956	0.808110686727074	0.0892152162960347	2.65721169581818	1.27048810402245	1.30803506080495
2.18	58	3	1.11023102310231	0.578598045576393	0.891124921150319	0.42013079221956	0.808110686727073	0.0892152162960347	2.65721169581818	1.27048810402245	1.30803506080495
2.19	58	2	1.07133757961783	0.861623017965484	1	0.63452663285386	1	-0.359746920482247	2.58859018660714	1.92299446449351	1.31907342593404
2.2	58	2	1.07133757961783	0.861623017965484	1	0.63452663285386	1	-0.359746920482246	2.58859018660714	1.92299446449351	1.31907342593404
2.21	58	2	1.07133757961783	0.861623017965484	1	0.63452663285386	1	-0.359746920482247	2.58859018660714	1.92299446449351	1.31907342593404
2.22	58	1	1	1	0	1	0	-1	0	1.93137580413793	0.517765624824294
