#dist_cut	num_seqs	num_clusters	num_clusters(recip_simpson_index)	avg_intra_clust_phylo_dist_phylum(norm_shannon_index)	avg_inter_clust_phylo_dist_phylum(norm_shannon_index)	avg_intra_clust_phylo_dist_order(norm_shannon_index)	avg_inter_clust_phylo_dist_order(norm_shannon_index)	avg_silhouette_width	avg_inter_clust_dist	avg_intra_clust_dist	dunn_index
0	40	40	40	0	0.328422001162728	0	0.262987944895248	1	2.46096834666667	0	0.04584732
0.01	40	40	40	0	0.328422001162728	0	0.262987944895248	1	2.46096834666667	0	0.04584732
0.02	40	40	40	0	0.328422001162728	0	0.262987944895248	1	2.46096834666667	0	0.04584732
0.03	40	40	40	0	0.328422001162728	0	0.262987944895248	1	2.46096834666667	0	0.04584732
0.04	40	40	40	0	0.328422001162728	0	0.262987944895248	1	2.46096834666667	0	0.04584732
0.05	40	39	38.0952380952381	0	0.335066427719768	0	0.266556773065265	0.948717948717949	2.48910842045884	0.00117557230769231	2.1227650820157
0.06	40	39	38.0952380952381	0	0.335066427719768	0	0.266556773065265	0.948717948717949	2.48910842045884	0.00117557230769231	2.1227650820157
0.07	40	39	38.0952380952381	0	0.335066427719768	0	0.266556773065265	0.948717948717949	2.48910842045884	0.00117557230769231	2.1227650820157
0.08	40	39	38.0952380952381	0	0.335066427719768	0	0.266556773065265	0.948717948717949	2.48910842045884	0.00117557230769231	2.1227650820157
0.09	40	39	38.0952380952381	0	0.335066427719768	0	0.266556773065265	0.948717948717949	2.48910842045884	0.00117557230769231	2.1227650820157
0.1	40	38	36.3636363636364	0	0.341961998540212	0	0.270137326691934	0.945008483945869	2.51864749002134	0.00376764236842105	1.29839445089547
0.11	40	38	36.3636363636364	0	0.341961998540212	0	0.270137326691934	0.945008483945869	2.51864749002134	0.00376764236842105	1.29839445089547
0.12	40	38	36.3636363636364	0	0.341961998540212	0	0.270137326691934	0.942356916320198	2.51864749002134	0.00376764236842105	1.29839445089547
0.13	40	37	33.3333333333333	0	0.348843584554763	0	0.273448016971809	0.94093665987196	2.54508938582583	0.00532021720720721	1.3695374332278
0.14	40	36	32	0	0.356261729122052	0	0.276991033533798	0.937347541009751	2.56876910566402	0.00925419935185185	1.73121991173498
0.15	40	36	32	0	0.356261729122052	0	0.276991033533798	0.937347541009751	2.56876910566402	0.00925419935185185	1.73121991173498
0.16	40	36	32	0	0.356261729122052	0	0.276991033533798	0.935021353236609	2.56876910566402	0.00925419935185185	1.73121991173498
0.17	40	36	32	0	0.356261729122052	0	0.276991033533798	0.935021353236609	2.56876910566402	0.00925419935185185	1.73121991173498
0.18	40	36	32	0	0.356261729122052	0	0.276991033533798	0.935021353236609	2.56876910566402	0.00925419935185185	1.73121991173498
0.19	40	36	32	0	0.356261729122052	0	0.276991033533798	0.935021353236609	2.56876910566402	0.00925419935185185	1.73121991173498
0.2	40	36	32	0	0.356261729122052	0	0.276991033533798	0.935021353236609	2.56876910566402	0.00925419935185185	1.73121991173498
0.21	40	36	32	0	0.356261729122052	0	0.276991033533798	0.935021353236609	2.56876910566402	0.00925419935185185	1.73121991173498
0.22	40	36	32	0	0.356261729122052	0	0.276991033533798	0.935021353236609	2.56876910566402	0.00925419935185185	1.73121991173498
0.23	40	36	32	0	0.356261729122052	0	0.276991033533798	0.937347541009751	2.56876910566402	0.00925419935185185	1.73121991173498
0.24	40	35	30.7692307692308	0	0.363966304840862	0	0.280491299074556	0.931510381628409	2.59496079359104	0.0162606253333333	1.46767295822435
0.25	40	35	30.7692307692308	0	0.363966304840862	0	0.280491299074556	0.933285290775021	2.59496079359104	0.0162606253333333	1.46767295822435
0.26	40	35	30.7692307692308	0	0.363966304840862	0	0.280491299074556	0.931352662681198	2.59496079359104	0.0162606253333333	1.46767295822435
0.27	40	35	30.7692307692308	0	0.363966304840862	0	0.280491299074556	0.933285290775021	2.59496079359104	0.0162606253333333	1.46767295822435
0.28	40	35	30.7692307692308	0	0.363966304840862	0	0.280491299074556	0.933285290775021	2.59496079359104	0.0162606253333333	1.46767295822435
0.29	40	35	30.7692307692308	0	0.363966304840862	0	0.280491299074556	0.931352662681198	2.59496079359104	0.0162606253333333	1.46767295822435
0.3	40	35	30.7692307692308	0	0.363966304840862	0	0.280491299074556	0.932862897879849	2.59496079359104	0.0162606253333333	1.46767295822435
0.31	40	35	30.7692307692308	0	0.363966304840862	0	0.280491299074556	0.931352662681198	2.59496079359104	0.0162606253333333	1.46767295822435
0.32	40	35	30.7692307692308	0	0.363966304840862	0	0.280491299074556	0.932862897879849	2.59496079359104	0.0162606253333333	1.46767295822435
0.33	40	35	30.7692307692308	0	0.363966304840862	0	0.280491299074556	0.931352662681198	2.59496079359104	0.0162606253333333	1.46767295822435
0.34	40	35	30.7692307692308	0	0.363966304840862	0	0.280491299074556	0.931510381628409	2.59496079359104	0.0162606253333333	1.46767295822435
0.35	40	34	29.6296296296296	0	0.371969720880096	0	0.283922094068501	0.919643407845545	2.61886075926025	0.0269249916666667	1.0357773442579
0.36	40	32	25.8064516129032	0	0.388177617123266	0	0.289717685584718	0.916358892348504	2.66465091175403	0.0337192779166667	1.03242377459992
0.37	40	32	25.8064516129032	0	0.388177617123266	0	0.289717685584718	0.917942351869275	2.66465091175403	0.0337192779166667	1.03242377459992
0.38	40	31	25	0	0.397099269089377	0	0.292662244888362	0.90849915469502	2.70366458376344	0.046850322688172	1.08265367479261
0.39	40	31	25	0	0.397099269089377	0	0.292662244888362	0.902856161153512	2.70366458376344	0.046850322688172	1.08265367479261
0.4	40	31	25	0	0.397099269089377	0	0.292662244888362	0.902758175210672	2.70366458376344	0.046850322688172	1.08265367479261
0.41	40	30	24.2424242424242	0	0.406359131402255	0	0.28911087151675	0.892532676715578	2.72620369921839	0.0618853764444444	1.29961550015505
0.42	40	30	24.2424242424242	0	0.406359131402255	0	0.28911087151675	0.8881985248627	2.72620369921839	0.0618853764444444	1.29961550015505
0.43	40	30	24.2424242424242	0	0.406359131402255	0	0.28911087151675	0.8881985248627	2.72620369921839	0.0618853764444444	1.29961550015505
0.44	40	30	24.2424242424242	0	0.406359131402255	0	0.28911087151675	0.899134773834435	2.72620369921839	0.0618853764444444	1.29961550015505
0.45	40	30	24.2424242424242	0	0.406359131402255	0	0.28911087151675	0.8890356998793	2.72620369921839	0.0618853764444444	1.29961550015505
0.46	40	30	24.2424242424242	0	0.406359131402255	0	0.28911087151675	0.892532676715578	2.72620369921839	0.0618853764444444	1.29961550015505
0.47	40	30	24.2424242424242	0	0.406359131402255	0	0.28911087151675	0.882446882913651	2.72620369921839	0.0618853764444444	1.29961550015505
0.48	40	30	24.2424242424242	0	0.406359131402255	0	0.28911087151675	0.8890356998793	2.72620369921839	0.0618853764444444	1.29961550015505
0.49	40	30	24.2424242424242	0	0.406359131402255	0	0.28911087151675	0.89308212955791	2.72620369921839	0.0618853764444444	1.29961550015505
0.5	40	29	20.5128205128205	0	0.41600240269808	0	0.291961190265886	0.883908662963041	2.76196845683087	0.0694650622988506	1.40439685385467
0.51	40	29	20.5128205128205	0	0.41600240269808	0	0.291961190265886	0.884426545496584	2.76196845683087	0.0694650622988506	1.40439685385467
0.52	40	29	20.5128205128205	0	0.41600240269808	0	0.291961190265886	0.883908662963041	2.76196845683087	0.0694650622988506	1.40439685385467
0.53	40	29	20.5128205128205	0	0.41600240269808	0	0.291961190265886	0.883908662963041	2.76196845683087	0.0694650622988506	1.40439685385467
0.54	40	29	20.5128205128205	0	0.41600240269808	0	0.291961190265886	0.884426545496583	2.76196845683087	0.0694650622988506	1.40439685385467
0.55	40	29	20.5128205128205	0	0.41600240269808	0	0.291961190265886	0.879959653402683	2.76196845683087	0.0694650622988506	1.40439685385467
0.56	40	29	20.5128205128205	0	0.41600240269808	0	0.291961190265886	0.884426545496584	2.76196845683087	0.0694650622988506	1.40439685385467
0.57	40	28	20	0	0.42595777124032	0	0.288487480686731	0.870936039629554	2.78620193376984	0.0922194938095238	1.16146258012424
0.58	40	28	20	0	0.42595777124032	0	0.288487480686731	0.870936039629554	2.78620193376984	0.0922194938095238	1.16146258012424
0.59	40	28	20	0	0.42595777124032	0	0.288487480686731	0.870936039629554	2.78620193376984	0.0922194938095238	1.16146258012424
0.6	40	28	20	0	0.42595777124032	0	0.288487480686731	0.870226845136367	2.78620193376984	0.0922194938095238	1.16146258012424
0.61	40	28	20	0	0.42595777124032	0	0.288487480686731	0.870226845136367	2.78620193376984	0.0922194938095238	1.16146258012424
0.62	40	28	20	0	0.42595777124032	0	0.288487480686731	0.863968684546822	2.78620193376984	0.0922194938095238	1.16146258012424
0.63	40	28	20	0	0.42595777124032	0	0.288487480686731	0.870936039629554	2.78620193376984	0.0922194938095238	1.16146258012424
0.64	40	28	20	0	0.42595777124032	0	0.288487480686731	0.870226845136366	2.78620193376984	0.0922194938095238	1.16146258012424
0.65	40	27	18.1818181818182	0	0.435575060875721	0	0.290632171537096	0.879081557711761	2.8276147434378	0.0931084240740741	1.20290976790962
0.66	40	27	18.1818181818182	0	0.435575060875721	0	0.290632171537096	0.88043605932073	2.8276147434378	0.0931084240740741	1.20290976790962
0.67	40	27	18.1818181818182	0	0.435575060875721	0	0.290632171537096	0.879081557711761	2.8276147434378	0.0931084240740741	1.20290976790962
0.68	40	27	18.1818181818182	0	0.435575060875721	0	0.290632171537096	0.88043605932073	2.8276147434378	0.0931084240740741	1.20290976790962
0.69	40	26	17.7777777777778	0	0.398880019790564	0	0.288538948760143	0.865939900260744	2.86124023102564	0.122952693461538	1.1874419772319
0.7	40	26	17.7777777777778	0	0.398880019790564	0	0.288538948760143	0.864809486377436	2.86124023102564	0.122952693461538	1.1874419772319
0.71	40	26	17.7777777777778	0	0.398880019790564	0	0.288538948760143	0.864809486377436	2.86124023102564	0.122952693461538	1.1874419772319
0.72	40	26	17.7777777777778	0	0.398880019790564	0	0.288538948760143	0.865939900260745	2.86124023102564	0.122952693461538	1.1874419772319
0.73	40	26	17.7777777777778	0	0.398880019790564	0	0.288538948760143	0.865108013781729	2.86124023102564	0.122952693461538	1.1874419772319
0.74	40	26	17.7777777777778	0	0.398880019790564	0	0.288538948760143	0.865939900260744	2.86124023102564	0.122952693461538	1.1874419772319
0.75	40	25	16.6666666666667	0	0.409843368132051	0	0.291280594533959	0.85524964830986	2.8939159628	0.136855158333333	1.20636845757334
0.76	40	25	16.6666666666667	0	0.409843368132051	0	0.291280594533959	0.85524964830986	2.8939159628	0.136855158333333	1.20636845757334
0.77	40	25	16.6666666666667	0	0.409843368132051	0	0.291280594533959	0.850807836347146	2.8939159628	0.136855158333333	1.20636845757334
0.78	40	25	16.6666666666667	0	0.409843368132051	0	0.291280594533959	0.848150891336551	2.8939159628	0.136855158333333	1.20636845757334
0.79	40	24	16	0	0.361503655607575	0	0.286823003355682	0.84041420253252	2.92223211299819	0.146471822430556	1.1577195205648
0.8	40	24	16	0	0.361503655607575	0	0.286823003355682	0.84041420253252	2.92223211299819	0.146471822430556	1.1577195205648
0.81	40	24	16	0	0.361503655607575	0	0.286823003355682	0.843413237486106	2.92223211299819	0.146471822430556	1.1577195205648
0.820000000000001	40	24	16	0	0.361503655607575	0	0.286823003355682	0.84800147656507	2.92223211299819	0.146471822430556	1.1577195205648
0.830000000000001	40	24	16	0	0.361503655607575	0	0.286823003355682	0.84041420253252	2.92223211299819	0.146471822430556	1.1577195205648
0.840000000000001	40	24	16	0	0.361503655607575	0	0.286823003355682	0.843413237486106	2.92223211299819	0.146471822430556	1.1577195205648
0.850000000000001	40	24	16	0	0.361503655607575	0	0.286823003355682	0.853682049823886	2.92223211299819	0.146471822430556	1.1577195205648
0.860000000000001	40	24	16	0	0.361503655607575	0	0.286823003355682	0.84800147656507	2.92223211299819	0.146471822430556	1.1577195205648
0.870000000000001	40	23	12.3076923076923	0	0.374029625712586	0	0.290941164273794	0.852927959162402	2.9648855031917	0.152823241651139	1.36181492287671
0.880000000000001	40	23	12.3076923076923	0	0.374029625712586	0	0.290941164273794	0.842441509234085	2.9648855031917	0.152823241651139	1.36181492287671
0.890000000000001	40	23	12.3076923076923	0	0.374029625712586	0	0.290941164273794	0.842441509234085	2.9648855031917	0.152823241651139	1.36181492287671
0.900000000000001	40	23	12.3076923076923	0	0.374029625712586	0	0.290941164273794	0.852927959162402	2.9648855031917	0.152823241651139	1.36181492287671
0.910000000000001	40	23	12.3076923076923	0	0.374029625712586	0	0.290941164273794	0.852927959162402	2.9648855031917	0.152823241651139	1.36181492287671
0.920000000000001	40	23	12.3076923076923	0	0.374029625712586	0	0.290941164273794	0.842441509234085	2.9648855031917	0.152823241651139	1.36181492287671
0.930000000000001	40	23	12.3076923076923	0	0.374029625712586	0	0.290941164273794	0.842441509234085	2.9648855031917	0.152823241651139	1.36181492287671
0.940000000000001	40	23	12.3076923076923	0	0.374029625712586	0	0.290941164273794	0.852927959162401	2.9648855031917	0.152823241651139	1.36181492287671
0.950000000000001	40	23	12.3076923076923	0	0.374029625712586	0	0.290941164273794	0.842441509234085	2.9648855031917	0.152823241651139	1.36181492287671
0.960000000000001	40	23	12.3076923076923	0	0.374029625712586	0	0.290941164273794	0.842441509234085	2.9648855031917	0.152823241651139	1.36181492287671
0.970000000000001	40	22	8.24742268041237	0	0.389616229849741	0	0.297253786070394	0.858878757055689	3.00125801220779	0.142869173636364	1.28899934039445
0.980000000000001	40	22	8.24742268041237	0	0.389616229849741	0	0.297253786070394	0.858878757055689	3.00125801220779	0.142869173636364	1.28899934039445
0.990000000000001	40	21	7.3394495412844	0	0.404195473218035	0	0.300197988396645	0.852076797847416	3.05068111043956	0.151482893357753	1.23402231706644
1	40	21	7.3394495412844	0	0.404195473218035	0	0.300197988396645	0.852317415022453	3.05068111043956	0.151482893357753	1.23402231706644
1.01	40	21	7.3394495412844	0	0.404195473218035	0	0.300197988396645	0.852076797847416	3.05068111043956	0.151482893357753	1.23402231706644
1.02	40	20	7.14285714285714	0.0422407391066751	0.443176888236069	0.0142725528317485	0.315747081887217	0.842348432341112	3.07075838715891	0.167137468775641	1.50532984223424
1.03	40	20	7.14285714285714	0.0422407391066751	0.443176888236069	0.0142725528317485	0.315747081887217	0.84322866343884	3.07075838715891	0.167137468775641	1.50532984223424
1.04	40	20	7.14285714285714	0.0422407391066751	0.443176888236069	0.0142725528317485	0.315747081887217	0.842348432341112	3.07075838715891	0.167137468775641	1.50532984223424
1.05	40	20	7.14285714285714	0.0422407391066751	0.443176888236069	0.0142725528317485	0.315747081887217	0.84322866343884	3.07075838715891	0.167137468775641	1.50532984223424
1.06	40	20	7.14285714285714	0.0422407391066751	0.443176888236069	0.0142725528317485	0.315747081887217	0.84199096530786	3.07075838715891	0.167137468775641	1.50532984223424
1.07	40	20	7.14285714285714	0.0422407391066751	0.443176888236069	0.0142725528317485	0.315747081887217	0.846237778900852	3.07075838715891	0.167137468775641	1.50532984223424
1.08	40	20	7.14285714285714	0.0422407391066751	0.443176888236069	0.0142725528317485	0.315747081887217	0.84322866343884	3.07075838715891	0.167137468775641	1.50532984223424
1.09	40	20	7.14285714285714	0.0422407391066751	0.443176888236069	0.0142725528317485	0.315747081887217	0.84199096530786	3.07075838715891	0.167137468775641	1.50532984223424
1.1	40	20	7.14285714285714	0.0422407391066751	0.443176888236069	0.0142725528317485	0.315747081887217	0.84322866343884	3.07075838715891	0.167137468775641	1.50532984223424
1.11	40	20	7.14285714285714	0.0422407391066751	0.443176888236069	0.0142725528317485	0.315747081887217	0.846237778900852	3.07075838715891	0.167137468775641	1.50532984223424
1.12	40	20	7.14285714285714	0.0422407391066751	0.443176888236069	0.0142725528317485	0.315747081887217	0.842348432341112	3.07075838715891	0.167137468775641	1.50532984223424
1.13	40	20	7.14285714285714	0.0422407391066751	0.443176888236069	0.0142725528317485	0.315747081887217	0.84322866343884	3.07075838715891	0.167137468775641	1.50532984223424
1.14	40	20	7.14285714285714	0.0422407391066751	0.443176888236069	0.0142725528317485	0.315747081887217	0.84199096530786	3.07075838715891	0.167137468775641	1.50532984223424
1.15	40	20	7.14285714285714	0.0422407391066751	0.443176888236069	0.0142725528317485	0.315747081887217	0.846237778900852	3.07075838715891	0.167137468775641	1.50532984223424
1.16	40	20	7.14285714285714	0.0422407391066751	0.443176888236069	0.0142725528317485	0.315747081887217	0.842348432341112	3.07075838715891	0.167137468775641	1.50532984223424
1.17	40	20	7.14285714285714	0.0422407391066751	0.443176888236069	0.0142725528317485	0.315747081887217	0.846237778900852	3.07075838715891	0.167137468775641	1.50532984223424
1.18	40	20	7.14285714285714	0.0422407391066751	0.443176888236069	0.0142725528317485	0.315747081887217	0.842348432341112	3.07075838715891	0.167137468775641	1.50532984223424
1.19	40	20	7.14285714285714	0.0422407391066751	0.443176888236069	0.0142725528317485	0.315747081887217	0.84199096530786	3.07075838715891	0.167137468775641	1.50532984223424
1.2	40	20	7.14285714285714	0.0422407391066751	0.443176888236069	0.0142725528317485	0.315747081887217	0.84322866343884	3.0707583871589	0.167137468775641	1.50532984223424
1.21	40	20	7.14285714285714	0.0422407391066751	0.443176888236069	0.0142725528317485	0.315747081887217	0.842348432341112	3.07075838715891	0.167137468775641	1.50532984223424
1.22	40	20	7.14285714285714	0.0422407391066751	0.443176888236069	0.0142725528317485	0.315747081887217	0.846237778900852	3.07075838715891	0.167137468775641	1.50532984223424
1.23	40	20	7.14285714285714	0.0422407391066751	0.443176888236069	0.0142725528317485	0.315747081887217	0.84322866343884	3.07075838715891	0.167137468775641	1.50532984223424
1.24	40	20	7.14285714285714	0.0422407391066751	0.443176888236069	0.0142725528317485	0.315747081887217	0.84199096530786	3.07075838715891	0.167137468775641	1.50532984223424
1.25	40	20	7.14285714285714	0.0422407391066751	0.443176888236069	0.0142725528317485	0.315747081887217	0.842348432341112	3.07075838715891	0.167137468775641	1.50532984223424
1.26	40	20	7.14285714285714	0.0422407391066751	0.443176888236069	0.0142725528317485	0.315747081887217	0.842348432341112	3.07075838715891	0.167137468775641	1.50532984223424
1.27	40	20	7.14285714285714	0.0422407391066751	0.443176888236069	0.0142725528317485	0.315747081887217	0.84322866343884	3.07075838715891	0.167137468775641	1.50532984223424
1.28	40	20	7.14285714285714	0.0422407391066751	0.443176888236069	0.0142725528317485	0.315747081887217	0.846237778900852	3.07075838715891	0.167137468775641	1.50532984223424
1.29	40	20	7.14285714285714	0.0422407391066751	0.443176888236069	0.0142725528317485	0.315747081887217	0.84199096530786	3.07075838715891	0.167137468775641	1.50532984223424
1.3	40	20	7.14285714285714	0.0422407391066751	0.443176888236069	0.0142725528317485	0.315747081887217	0.842348432341112	3.07075838715891	0.167137468775641	1.50532984223424
1.31	40	20	7.14285714285714	0.0422407391066751	0.443176888236069	0.0142725528317485	0.315747081887217	0.84199096530786	3.07075838715891	0.167137468775641	1.50532984223424
1.32	40	20	7.14285714285714	0.0422407391066751	0.443176888236069	0.0142725528317485	0.315747081887217	0.84199096530786	3.07075838715891	0.167137468775641	1.50532984223424
1.33	40	20	7.14285714285714	0.0422407391066751	0.443176888236069	0.0142725528317485	0.315747081887217	0.84199096530786	3.07075838715891	0.167137468775641	1.50532984223424
1.34	40	20	7.14285714285714	0.0422407391066751	0.443176888236069	0.0142725528317485	0.315747081887217	0.84199096530786	3.07075838715891	0.167137468775641	1.50532984223424
1.35	40	20	7.14285714285714	0.0422407391066751	0.443176888236069	0.0142725528317485	0.315747081887217	0.84322866343884	3.0707583871589	0.167137468775641	1.50532984223424
1.36	40	20	7.14285714285714	0.0422407391066751	0.443176888236069	0.0142725528317485	0.315747081887217	0.846237778900852	3.07075838715891	0.167137468775641	1.50532984223424
1.37	40	20	7.14285714285714	0.0422407391066751	0.443176888236069	0.0142725528317485	0.315747081887217	0.842348432341112	3.07075838715891	0.167137468775641	1.50532984223424
1.38	40	20	7.14285714285714	0.0422407391066751	0.443176888236069	0.0142725528317485	0.315747081887217	0.846237778900852	3.07075838715891	0.167137468775641	1.50532984223424
1.39	40	20	7.14285714285714	0.0422407391066751	0.443176888236069	0.0142725528317485	0.315747081887217	0.84322866343884	3.07075838715891	0.167137468775641	1.50532984223424
1.4	40	20	7.14285714285714	0.0422407391066751	0.443176888236069	0.0142725528317485	0.315747081887217	0.84199096530786	3.07075838715891	0.167137468775641	1.50532984223424
1.41	40	19	7.01754385964912	0.0444639359017633	0.459450408167846	0.032029298428925	0.334391078670017	0.822143687157099	3.11623936710376	0.211316429412955	1.47963269695373
1.42	40	19	7.01754385964912	0.0444639359017633	0.459450408167845	0.032029298428925	0.334391078670017	0.822143687157099	3.11623936710376	0.211316429412955	1.47963269695373
1.43	40	19	7.01754385964912	0.0444639359017633	0.459450408167845	0.032029298428925	0.334391078670017	0.822143687157099	3.11623936710376	0.211316429412955	1.47963269695373
1.44	40	19	7.01754385964912	0.0444639359017633	0.459450408167845	0.032029298428925	0.334391078670017	0.822143687157099	3.11623936710376	0.211316429412955	1.47963269695373
1.45	40	19	7.01754385964912	0.0444639359017633	0.459450408167846	0.032029298428925	0.334391078670017	0.822143687157099	3.11623936710376	0.211316429412955	1.47963269695373
1.46	40	19	7.01754385964912	0.0444639359017633	0.459450408167845	0.032029298428925	0.334391078670017	0.822143687157099	3.11623936710376	0.211316429412955	1.47963269695373
1.47	40	19	7.01754385964912	0.0444639359017633	0.459450408167845	0.032029298428925	0.334391078670017	0.822143687157099	3.11623936710376	0.211316429412955	1.47963269695373
1.48	40	19	7.01754385964912	0.0444639359017633	0.459450408167846	0.032029298428925	0.334391078670017	0.820587675535571	3.11623936710376	0.211316429412955	1.47963269695373
1.49	40	18	6.2992125984252	0.0469341545629724	0.479032283580029	0.0410653370967731	0.345219773229396	0.812338742172162	3.15307543002879	0.22864236213777	1.47963269695373
1.5	40	18	6.2992125984252	0.0469341545629724	0.479032283580029	0.0410653370967731	0.345219773229396	0.810714748669231	3.15307543002879	0.22864236213777	1.47963269695373
1.51	40	17	4.37158469945355	0.0496949871843237	0.507203483049788	0.0422041536799414	0.354968134969079	0.820791244317858	3.226089228317	0.224591231178393	1.28913829693498
1.52	40	17	4.37158469945355	0.0496949871843237	0.507203483049788	0.0422041536799414	0.354968134969079	0.820791244317858	3.22608922831699	0.224591231178393	1.28913829693498
1.53	40	16	4.27807486631016	0.0469856997719594	0.440420870260823	0.0571495835148788	0.371761442143577	0.804113553849986	3.23108450647222	0.257393733189543	1.28589848426406
1.54	40	15	4.21052631578947	0.0501180797567566	0.461731526501518	0.0746045326329587	0.392773359312487	0.785856904182043	3.27988793116085	0.291884606624401	1.19180753065686
1.55	40	15	4.21052631578947	0.0501180797567566	0.461731526501518	0.0746045326329587	0.392773359312487	0.785856904182043	3.27988793116085	0.291884606624401	1.19180753065686
1.56	40	15	4.21052631578947	0.0501180797567566	0.461731526501518	0.0746045326329587	0.392773359312487	0.785856904182043	3.27988793116085	0.291884606624401	1.19180753065686
1.57	40	15	4.21052631578947	0.0501180797567566	0.461731526501518	0.0746045326329587	0.392773359312487	0.785856904182043	3.27988793116084	0.291884606624401	1.19180753065686
1.58	40	14	3.53982300884956	0.053697942596525	0.488868282684173	0.0909424529704331	0.416304957613375	0.787208750306454	3.35027676687363	0.279629495209273	1.18887076811109
1.59	40	14	3.53982300884956	0.053697942596525	0.488868282684173	0.0909424529704331	0.416304957613375	0.787208750306454	3.35027676687363	0.279629495209273	1.18887076811109
1.6	40	13	3.52422907488987	0.0578285535654884	0.515656376324276	0.125003680982052	0.450178761276325	0.707847228526125	3.41050983953846	0.423660336379217	1.11741017907755
1.61	40	13	3.52422907488987	0.0578285535654884	0.515656376324276	0.125003680982052	0.450178761276325	0.707847228526125	3.41050983953846	0.423660336379217	1.11741017907755
1.62	40	13	3.52422907488987	0.0578285535654884	0.515656376324276	0.125003680982052	0.450178761276325	0.707847228526124	3.41050983953846	0.423660336379217	1.11741017907755
1.63	40	12	3.46320346320346	0.0626475996959458	0.543868712823413	0.136063610828858	0.458794774116477	0.677932391840391	3.50281142822727	0.474007972105263	1.11741017907755
1.64	40	12	3.46320346320346	0.0626475996959458	0.543868712823413	0.136063610828858	0.458794774116477	0.696686996351469	3.50281142822727	0.474007972105263	1.11741017907755
1.65	40	12	3.46320346320346	0.0626475996959458	0.543868712823413	0.136063610828858	0.458794774116477	0.696686996351469	3.50281142822727	0.474007972105263	1.11741017907755
1.66	40	12	3.46320346320346	0.0626475996959458	0.543868712823413	0.136063610828858	0.458794774116477	0.69668699635147	3.50281142822727	0.474007972105263	1.11741017907755
1.67	40	12	3.46320346320346	0.0626475996959458	0.543868712823413	0.136063610828858	0.458794774116477	0.677932391840391	3.50281142822727	0.474007972105263	1.11741017907755
1.68	40	12	3.46320346320346	0.0626475996959458	0.543868712823413	0.136063610828858	0.458794774116477	0.696686996351469	3.50281142822727	0.474007972105263	1.11741017907755
1.69	40	12	3.46320346320346	0.0626475996959458	0.543868712823413	0.136063610828858	0.458794774116477	0.69668699635147	3.50281142822727	0.474007972105263	1.11741017907755
1.7	40	11	3.18725099601594	0.0683428360319409	0.57763744069061	0.147642102258834	0.475866473121652	0.669269122287275	3.59205109120346	0.521278330623377	1.11741017907755
1.71	40	11	3.18725099601594	0.0683428360319409	0.57763744069061	0.147642102258834	0.475866473121652	0.648765975081695	3.59205109120346	0.521278330623377	1.11741017907755
1.72	40	11	3.18725099601594	0.0683428360319409	0.57763744069061	0.147642102258834	0.475866473121652	0.669269122287275	3.59205109120346	0.521278330623377	1.11741017907755
1.73	40	11	3.18725099601594	0.0683428360319409	0.57763744069061	0.147642102258834	0.475866473121652	0.648765975081695	3.59205109120346	0.521278330623377	1.11741017907755
1.74	40	11	3.18725099601594	0.0683428360319409	0.57763744069061	0.147642102258834	0.475866473121652	0.669269122287275	3.59205109120346	0.521278330623377	1.11741017907755
1.75	40	11	3.18725099601594	0.0683428360319409	0.57763744069061	0.147642102258834	0.475866473121652	0.648765975081695	3.59205109120346	0.521278330623377	1.11741017907755
1.76	40	11	3.18725099601594	0.0683428360319409	0.57763744069061	0.147642102258834	0.475866473121652	0.669269122287275	3.59205109120346	0.521278330623377	1.11741017907755
1.77	40	11	3.18725099601594	0.0683428360319409	0.57763744069061	0.147642102258834	0.475866473121652	0.669269122287275	3.59205109120346	0.521278330623377	1.11741017907755
1.78	40	11	3.18725099601594	0.0683428360319409	0.57763744069061	0.147642102258834	0.475866473121652	0.648765975081695	3.59205109120346	0.521278330623377	1.11741017907755
1.79	40	11	3.18725099601594	0.0683428360319409	0.57763744069061	0.147642102258834	0.475866473121652	0.669269122287275	3.59205109120346	0.521278330623377	1.11741017907755
1.8	40	11	3.18725099601594	0.0683428360319409	0.57763744069061	0.147642102258834	0.475866473121652	0.669269122287275	3.59205109120346	0.521278330623377	1.11741017907755
1.81	40	11	3.18725099601594	0.0683428360319409	0.57763744069061	0.147642102258834	0.475866473121652	0.648765975081695	3.59205109120346	0.521278330623377	1.11741017907755
1.82	40	11	3.18725099601594	0.0683428360319409	0.57763744069061	0.147642102258834	0.475866473121652	0.648765975081695	3.59205109120346	0.521278330623377	1.11741017907755
1.83	40	11	3.18725099601594	0.0683428360319409	0.57763744069061	0.147642102258834	0.475866473121652	0.648765975081695	3.59205109120346	0.521278330623377	1.11741017907755
1.84	40	11	3.18725099601594	0.0683428360319409	0.57763744069061	0.147642102258834	0.475866473121652	0.669269122287275	3.59205109120346	0.521278330623377	1.11741017907755
1.85	40	10	3.125	0.075177119635135	0.610692618510187	0.164624200186497	0.491051520437598	0.625435445276732	3.66421214219365	0.590100057819048	1.14698324868017
1.86	40	10	3.125	0.075177119635135	0.610692618510187	0.164624200186497	0.491051520437598	0.625435445276732	3.66421214219365	0.590100057819048	1.14698324868017
1.87	40	10	3.125	0.075177119635135	0.610692618510187	0.164624200186497	0.491051520437598	0.625435445276732	3.66421214219365	0.590100057819047	1.14698324868017
1.88	40	10	3.125	0.075177119635135	0.610692618510187	0.164624200186497	0.491051520437598	0.625435445276732	3.66421214219365	0.590100057819048	1.14698324868017
1.89	40	9	2.98507462686567	0.0835301329279277	0.645910719293911	0.169820474430266	0.510791621734745	0.64871327597563	3.7373909574418	0.4901164125	1.38720497715178
1.9	40	9	2.98507462686567	0.0835301329279277	0.645910719293911	0.169820474430266	0.510791621734745	0.64871327597563	3.7373909574418	0.4901164125	1.38720497715178
1.91	40	9	2.98507462686567	0.0835301329279277	0.645910719293911	0.169820474430266	0.510791621734745	0.64871327597563	3.7373909574418	0.4901164125	1.38720497715178
1.92	40	9	2.98507462686567	0.0835301329279277	0.645910719293911	0.169820474430266	0.510791621734745	0.64871327597563	3.7373909574418	0.4901164125	1.38720497715178
1.93	40	9	2.98507462686567	0.0835301329279277	0.645910719293911	0.169820474430266	0.510791621734745	0.64871327597563	3.7373909574418	0.4901164125	1.38720497715178
1.94	40	9	2.98507462686567	0.0835301329279277	0.645910719293911	0.169820474430266	0.510791621734745	0.64871327597563	3.7373909574418	0.4901164125	1.38720497715178
1.95	40	9	2.98507462686567	0.0835301329279277	0.645910719293911	0.169820474430266	0.510791621734745	0.64871327597563	3.7373909574418	0.4901164125	1.38720497715178
1.96	40	9	2.98507462686567	0.0835301329279277	0.645910719293911	0.169820474430266	0.510791621734745	0.64871327597563	3.7373909574418	0.4901164125	1.38720497715178
1.97	40	9	2.98507462686567	0.0835301329279277	0.645910719293911	0.169820474430266	0.510791621734745	0.64871327597563	3.7373909574418	0.4901164125	1.38720497715178
1.98	40	9	2.98507462686567	0.0835301329279277	0.645910719293911	0.169820474430266	0.510791621734745	0.64871327597563	3.7373909574418	0.4901164125	1.38720497715178
1.99	40	9	2.98507462686567	0.0835301329279277	0.645910719293911	0.169820474430266	0.510791621734745	0.64871327597563	3.7373909574418	0.4901164125	1.38720497715178
2	40	9	2.98507462686567	0.0835301329279277	0.645910719293911	0.169820474430266	0.510791621734745	0.64871327597563	3.7373909574418	0.4901164125	1.38720497715178
2.01	40	9	2.98507462686567	0.0835301329279277	0.645910719293911	0.169820474430266	0.510791621734745	0.64871327597563	3.7373909574418	0.4901164125	1.38720497715178
2.02	40	9	2.98507462686567	0.0835301329279277	0.645910719293911	0.169820474430266	0.510791621734745	0.64871327597563	3.7373909574418	0.4901164125	1.38720497715178
2.03	40	9	2.98507462686567	0.0835301329279277	0.645910719293911	0.169820474430266	0.510791621734745	0.64871327597563	3.7373909574418	0.4901164125	1.38720497715178
2.04	40	9	2.98507462686567	0.0835301329279277	0.645910719293911	0.169820474430266	0.510791621734745	0.64871327597563	3.7373909574418	0.4901164125	1.38720497715178
2.05	40	9	2.98507462686567	0.0835301329279277	0.645910719293911	0.169820474430266	0.510791621734745	0.64871327597563	3.7373909574418	0.4901164125	1.38720497715178
2.06	40	9	2.98507462686567	0.0835301329279277	0.645910719293911	0.169820474430266	0.510791621734745	0.64871327597563	3.7373909574418	0.4901164125	1.38720497715178
2.07	40	9	2.98507462686567	0.0835301329279277	0.645910719293911	0.169820474430266	0.510791621734745	0.64871327597563	3.7373909574418	0.4901164125	1.38720497715178
2.08	40	9	2.98507462686567	0.0835301329279277	0.645910719293911	0.169820474430266	0.510791621734745	0.64871327597563	3.7373909574418	0.4901164125	1.38720497715178
2.09	40	9	2.98507462686567	0.0835301329279277	0.645910719293911	0.169820474430266	0.510791621734745	0.64871327597563	3.7373909574418	0.4901164125	1.38720497715178
2.1	40	9	2.98507462686567	0.0835301329279277	0.645910719293911	0.169820474430266	0.510791621734745	0.64871327597563	3.7373909574418	0.4901164125	1.38720497715178
2.11	40	9	2.98507462686567	0.0835301329279277	0.645910719293911	0.169820474430266	0.510791621734745	0.64871327597563	3.7373909574418	0.4901164125	1.38720497715178
2.12	40	9	2.98507462686567	0.0835301329279277	0.645910719293911	0.169820474430266	0.510791621734745	0.64871327597563	3.7373909574418	0.4901164125	1.38720497715178
2.13	40	9	2.98507462686567	0.0835301329279277	0.645910719293911	0.169820474430266	0.510791621734745	0.64871327597563	3.7373909574418	0.4901164125	1.38720497715178
2.14	40	9	2.98507462686567	0.0835301329279277	0.645910719293911	0.169820474430266	0.510791621734745	0.64871327597563	3.7373909574418	0.4901164125	1.38720497715178
2.15	40	8	1.8348623853211	0.0939713995439187	0.73134886954159	0.139419517132484	0.497642159589781	0.690894417687669	3.83956922499507	0.38802534632266	1.39161304196056
2.16	40	8	1.8348623853211	0.0939713995439187	0.73134886954159	0.139419517132484	0.497642159589781	0.690894417687669	3.83956922499507	0.38802534632266	1.39161304196056
2.17	40	8	1.8348623853211	0.0939713995439187	0.73134886954159	0.139419517132484	0.497642159589781	0.690894417687668	3.83956922499507	0.38802534632266	1.39161304196056
2.18	40	8	1.8348623853211	0.0939713995439187	0.73134886954159	0.139419517132484	0.497642159589781	0.690894417687669	3.83956922499507	0.38802534632266	1.39161304196056
2.19	40	8	1.8348623853211	0.0939713995439187	0.73134886954159	0.139419517132484	0.497642159589781	0.690894417687669	3.83956922499507	0.38802534632266	1.39161304196056
2.2	40	8	1.8348623853211	0.0939713995439187	0.73134886954159	0.139419517132483	0.497642159589781	0.690894417687669	3.83956922499507	0.38802534632266	1.39161304196056
2.21	40	8	1.8348623853211	0.0939713995439187	0.73134886954159	0.139419517132484	0.497642159589781	0.690894417687669	3.83956922499507	0.38802534632266	1.39161304196056
2.22	40	8	1.8348623853211	0.0939713995439187	0.73134886954159	0.139419517132484	0.497642159589781	0.690894417687668	3.83956922499507	0.38802534632266	1.39161304196056
2.23	40	8	1.8348623853211	0.0939713995439187	0.73134886954159	0.139419517132484	0.497642159589781	0.690894417687668	3.83956922499507	0.38802534632266	1.39161304196056
2.24	40	8	1.8348623853211	0.0939713995439187	0.73134886954159	0.139419517132484	0.497642159589781	0.690894417687668	3.83956922499507	0.38802534632266	1.39161304196056
2.25	40	8	1.8348623853211	0.0939713995439187	0.73134886954159	0.139419517132484	0.497642159589781	0.690894417687669	3.83956922499507	0.38802534632266	1.39161304196056
2.26	40	8	1.8348623853211	0.0939713995439187	0.73134886954159	0.139419517132484	0.497642159589781	0.690894417687669	3.83956922499507	0.38802534632266	1.39161304196056
2.27	40	8	1.8348623853211	0.0939713995439187	0.73134886954159	0.139419517132484	0.497642159589781	0.690894417687669	3.83956922499507	0.38802534632266	1.39161304196056
2.28	40	8	2.04081632653061	0.128244443551723	0.758924608465214	0.148911176861766	0.506807587899355	0.65315032826258	3.83410352993575	0.461094120572853	1.31882171398334
2.29	40	8	2.04081632653061	0.128244443551723	0.758924608465214	0.148911176861766	0.506807587899355	0.65315032826258	3.83410352993575	0.461094120572853	1.31882171398334
2.29999999999999	40	7	1.90930787589499	0.146565078344826	0.812185025132447	0.168304035481555	0.526533727919584	0.604508026603213	3.78833780151118	0.536948990404384	1.28276848391991
2.30999999999999	40	7	1.90930787589499	0.146565078344826	0.812185025132447	0.168304035481555	0.526533727919584	0.604508026603213	3.78833780151118	0.536948990404384	1.28276848391991
2.31999999999999	40	7	1.90930787589499	0.146565078344826	0.812185025132447	0.168304035481555	0.526533727919584	0.604508026603213	3.78833780151118	0.536948990404384	1.28276848391992
2.32999999999999	40	7	1.90930787589499	0.146565078344826	0.812185025132447	0.168304035481555	0.526533727919584	0.604508026603213	3.78833780151118	0.536948990404384	1.28276848391991
2.33999999999999	40	7	1.90930787589499	0.146565078344826	0.812185025132447	0.168304035481555	0.526533727919584	0.604508026603213	3.78833780151118	0.536948990404384	1.28276848391992
2.34999999999999	40	7	1.90930787589499	0.146565078344826	0.812185025132447	0.168304035481555	0.526533727919584	0.604508026603213	3.78833780151118	0.536948990404384	1.28276848391991
2.35999999999999	40	6	1.78970917225951	0.170992591402297	0.857555938884629	0.205999403744199	0.57092990308746	0.544613865770978	3.88171582668637	0.636418634611385	1.24748634386039
2.36999999999999	40	6	1.78970917225951	0.170992591402297	0.857555938884629	0.205999403744199	0.57092990308746	0.544613865770977	3.88171582668637	0.636418634611385	1.24748634386039
2.37999999999999	40	6	1.78970917225951	0.170992591402297	0.857555938884629	0.205999403744199	0.57092990308746	0.544613865770977	3.88171582668637	0.636418634611385	1.24748634386039
2.38999999999999	40	6	1.78970917225951	0.170992591402297	0.857555938884629	0.205999403744199	0.57092990308746	0.544613865770978	3.88171582668637	0.636418634611384	1.24748634386039
2.39999999999999	40	6	1.78970917225951	0.170992591402297	0.857555938884629	0.205999403744199	0.57092990308746	0.544613865770977	3.88171582668637	0.636418634611385	1.24748634386039
2.40999999999999	40	6	1.78970917225951	0.170992591402297	0.857555938884629	0.205999403744199	0.57092990308746	0.544613865770977	3.88171582668637	0.636418634611385	1.24748634386039
2.41999999999999	40	6	1.78970917225951	0.170992591402297	0.857555938884629	0.205999403744199	0.57092990308746	0.544613865770977	3.88171582668637	0.636418634611385	1.24748634386039
2.42999999999999	40	6	1.78970917225951	0.170992591402297	0.857555938884629	0.234337065601221	0.612301430491092	0.528578272779875	3.90871903223645	0.671456228656267	1.20641147221839
2.43999999999999	40	6	1.78970917225951	0.170992591402297	0.857555938884629	0.234337065601221	0.612301430491092	0.528578272779875	3.90871903223645	0.671456228656267	1.20641147221838
2.44999999999999	40	6	1.78970917225951	0.170992591402297	0.857555938884629	0.234337065601221	0.612301430491092	0.528578272779875	3.90871903223645	0.671456228656267	1.20641147221839
2.45999999999999	40	6	1.78970917225951	0.170992591402297	0.857555938884629	0.234337065601221	0.612301430491092	0.528578272779874	3.90871903223645	0.671456228656267	1.20641147221838
2.46999999999999	40	6	1.78970917225951	0.170992591402297	0.857555938884629	0.234337065601221	0.612301430491092	0.528578272779875	3.90871903223645	0.671456228656267	1.20641147221839
2.47999999999999	40	6	1.78970917225951	0.170992591402297	0.857555938884629	0.234337065601221	0.612301430491092	0.528578272779875	3.90871903223645	0.671456228656267	1.20641147221839
2.48999999999999	40	6	1.78970917225951	0.170992591402297	0.857555938884629	0.234337065601221	0.612301430491092	0.528578272779874	3.90871903223645	0.671456228656267	1.20641147221839
2.49999999999999	40	6	1.78970917225951	0.170992591402297	0.857555938884629	0.234337065601221	0.612301430491092	0.528578272779875	3.90871903223645	0.671456228656267	1.20641147221839
2.50999999999999	40	6	1.78970917225951	0.170992591402297	0.857555938884629	0.234337065601221	0.612301430491092	0.528578272779874	3.90871903223645	0.671456228656267	1.20641147221839
2.51999999999999	40	6	1.78970917225951	0.170992591402297	0.857555938884629	0.234337065601221	0.612301430491092	0.528578272779875	3.90871903223645	0.671456228656267	1.20641147221838
2.52999999999999	40	6	1.78970917225951	0.170992591402297	0.857555938884629	0.234337065601221	0.612301430491092	0.528578272779875	3.90871903223645	0.671456228656267	1.20641147221839
2.53999999999999	40	6	1.78970917225951	0.170992591402297	0.857555938884629	0.234337065601221	0.612301430491092	0.528578272779875	3.90871903223645	0.671456228656267	1.20641147221839
2.54999999999999	40	6	1.78970917225951	0.170992591402297	0.857555938884629	0.234337065601221	0.612301430491092	0.528578272779875	3.90871903223645	0.671456228656267	1.20641147221839
2.55999999999999	40	6	1.78970917225951	0.170992591402297	0.857555938884629	0.234337065601221	0.612301430491092	0.528578272779874	3.90871903223645	0.671456228656267	1.20641147221839
2.56999999999999	40	6	1.78970917225951	0.170992591402297	0.857555938884629	0.234337065601221	0.612301430491092	0.528578272779875	3.90871903223645	0.671456228656267	1.20641147221839
2.57999999999999	40	6	1.78970917225951	0.170992591402297	0.857555938884629	0.234337065601221	0.612301430491092	0.528578272779875	3.90871903223645	0.671456228656267	1.20641147221839
2.58999999999999	40	6	1.78970917225951	0.170992591402297	0.857555938884629	0.234337065601221	0.612301430491092	0.528578272779874	3.90871903223645	0.671456228656267	1.20641147221839
2.59999999999999	40	6	1.78970917225951	0.170992591402297	0.857555938884629	0.234337065601221	0.612301430491092	0.528578272779875	3.90871903223645	0.671456228656267	1.20641147221839
2.60999999999999	40	6	1.78970917225951	0.170992591402297	0.857555938884629	0.234337065601221	0.612301430491092	0.528578272779875	3.90871903223645	0.671456228656267	1.20641147221839
2.61999999999999	40	6	1.78970917225951	0.170992591402297	0.857555938884629	0.234337065601221	0.612301430491092	0.528578272779875	3.90871903223645	0.671456228656267	1.20641147221838
2.62999999999999	40	6	1.78970917225951	0.170992591402297	0.857555938884629	0.234337065601221	0.612301430491092	0.528578272779875	3.90871903223645	0.671456228656267	1.20641147221839
2.63999999999999	40	6	1.78970917225951	0.170992591402297	0.857555938884629	0.234337065601221	0.612301430491092	0.528578272779875	3.90871903223645	0.671456228656267	1.20641147221839
2.64999999999999	40	6	1.78970917225951	0.170992591402297	0.857555938884629	0.234337065601221	0.612301430491092	0.528578272779875	3.90871903223645	0.671456228656267	1.20641147221839
2.65999999999999	40	6	1.78970917225951	0.170992591402297	0.857555938884629	0.234337065601221	0.612301430491092	0.528578272779875	3.90871903223645	0.671456228656267	1.20641147221839
2.66999999999999	40	6	1.78970917225951	0.170992591402297	0.857555938884629	0.234337065601221	0.612301430491092	0.528578272779875	3.90871903223645	0.671456228656267	1.20641147221839
2.67999999999999	40	6	1.78970917225951	0.170992591402297	0.857555938884629	0.234337065601221	0.612301430491092	0.528578272779874	3.90871903223645	0.671456228656267	1.20641147221838
2.68999999999999	40	6	1.78970917225951	0.170992591402297	0.857555938884629	0.234337065601221	0.612301430491092	0.528578272779875	3.90871903223645	0.671456228656267	1.20641147221839
2.69999999999999	40	6	1.78970917225951	0.170992591402297	0.857555938884629	0.234337065601221	0.612301430491092	0.528578272779875	3.90871903223645	0.671456228656267	1.20641147221838
2.70999999999999	40	6	1.78970917225951	0.170992591402297	0.857555938884629	0.234337065601221	0.612301430491092	0.528578272779875	3.90871903223645	0.671456228656267	1.20641147221839
2.71999999999999	40	6	1.78970917225951	0.170992591402297	0.857555938884629	0.234337065601221	0.612301430491092	0.528578272779875	3.90871903223645	0.671456228656267	1.20641147221838
2.72999999999999	40	6	1.78970917225951	0.170992591402297	0.857555938884629	0.234337065601221	0.612301430491092	0.528578272779875	3.90871903223645	0.671456228656267	1.20641147221839
2.73999999999999	40	6	1.78970917225951	0.170992591402297	0.857555938884629	0.234337065601221	0.612301430491092	0.528578272779874	3.90871903223645	0.671456228656267	1.20641147221839
2.74999999999999	40	6	1.78970917225951	0.170992591402297	0.857555938884629	0.234337065601221	0.612301430491092	0.528578272779875	3.90871903223645	0.671456228656267	1.20641147221839
2.75999999999999	40	6	1.78970917225951	0.170992591402297	0.857555938884629	0.234337065601221	0.612301430491092	0.528578272779875	3.90871903223645	0.671456228656267	1.20641147221839
2.76999999999998	40	6	1.78970917225951	0.170992591402297	0.857555938884629	0.234337065601221	0.612301430491092	0.528578272779875	3.90871903223645	0.671456228656267	1.20641147221839
2.77999999999998	40	6	1.78970917225951	0.170992591402297	0.857555938884629	0.234337065601221	0.612301430491092	0.528578272779874	3.90871903223645	0.671456228656267	1.20641147221839
2.78999999999998	40	6	1.78970917225951	0.170992591402297	0.857555938884629	0.234337065601221	0.612301430491092	0.528578272779874	3.90871903223645	0.671456228656267	1.20641147221839
2.79999999999998	40	6	1.78970917225951	0.170992591402297	0.857555938884629	0.234337065601221	0.612301430491092	0.528578272779875	3.90871903223645	0.671456228656267	1.20641147221839
2.80999999999998	40	6	1.78970917225951	0.170992591402297	0.857555938884629	0.234337065601221	0.612301430491092	0.528578272779875	3.90871903223645	0.671456228656267	1.20641147221838
2.81999999999998	40	6	1.78970917225951	0.170992591402297	0.857555938884629	0.234337065601221	0.612301430491092	0.528578272779875	3.90871903223645	0.671456228656267	1.20641147221838
2.82999999999998	40	6	1.78970917225951	0.170992591402297	0.857555938884629	0.234337065601221	0.612301430491092	0.528578272779874	3.90871903223645	0.671456228656267	1.20641147221839
2.83999999999998	40	6	1.78970917225951	0.170992591402297	0.857555938884629	0.234337065601221	0.612301430491092	0.528578272779875	3.90871903223645	0.671456228656267	1.20641147221839
2.84999999999998	40	6	1.78970917225951	0.170992591402297	0.857555938884629	0.234337065601221	0.612301430491092	0.528578272779875	3.90871903223645	0.671456228656267	1.20641147221839
2.85999999999998	40	6	1.78970917225951	0.170992591402297	0.857555938884629	0.234337065601221	0.612301430491092	0.528578272779875	3.90871903223645	0.671456228656267	1.20641147221839
2.86999999999998	40	6	1.78970917225951	0.170992591402297	0.857555938884629	0.234337065601221	0.612301430491092	0.528578272779874	3.90871903223645	0.671456228656267	1.20641147221839
2.87999999999998	40	6	1.78970917225951	0.170992591402297	0.857555938884629	0.234337065601221	0.612301430491092	0.528578272779874	3.90871903223645	0.671456228656267	1.20641147221838
2.88999999999998	40	6	1.78970917225951	0.170992591402297	0.857555938884629	0.234337065601221	0.612301430491092	0.528578272779875	3.90871903223645	0.671456228656267	1.20641147221839
2.89999999999998	40	6	1.78970917225951	0.170992591402297	0.857555938884629	0.234337065601221	0.612301430491092	0.528578272779875	3.90871903223645	0.671456228656267	1.20641147221839
2.90999999999998	40	6	1.78970917225951	0.170992591402297	0.857555938884629	0.234337065601221	0.612301430491092	0.528578272779874	3.90871903223645	0.671456228656267	1.20641147221839
2.91999999999998	40	6	1.78970917225951	0.170992591402297	0.857555938884629	0.234337065601221	0.612301430491092	0.528578272779874	3.90871903223645	0.671456228656267	1.20641147221838
2.92999999999998	40	6	1.78970917225951	0.170992591402297	0.857555938884629	0.234337065601221	0.612301430491092	0.528578272779875	3.90871903223645	0.671456228656267	1.20641147221839
2.93999999999998	40	6	1.78970917225951	0.170992591402297	0.857555938884629	0.234337065601221	0.612301430491092	0.528578272779875	3.90871903223645	0.671456228656267	1.20641147221839
2.94999999999998	40	6	1.78970917225951	0.170992591402297	0.857555938884629	0.234337065601221	0.612301430491092	0.528578272779875	3.90871903223645	0.671456228656267	1.20641147221839
2.95999999999998	40	5	1.78571428571429	0.413458720176193	0.984274124847068	0.351575180957588	0.71171208225432	0.280889495865415	3.90067650303448	1.39699468838752	0.859460753350106
2.96999999999998	40	5	1.78571428571429	0.413458720176193	0.984274124847068	0.351575180957588	0.71171208225432	0.280889495865415	3.90067650303448	1.39699468838752	0.859460753350105
2.97999999999998	40	5	1.78571428571429	0.413458720176193	0.984274124847068	0.351575180957588	0.71171208225432	0.280889495865416	3.90067650303448	1.39699468838752	0.859460753350105
2.98999999999998	40	5	1.78571428571429	0.413458720176193	0.984274124847068	0.351575180957588	0.71171208225432	0.280889495865415	3.90067650303448	1.39699468838752	0.859460753350106
2.99999999999998	40	5	1.78571428571429	0.413458720176193	0.984274124847068	0.351575180957588	0.71171208225432	0.280889495865415	3.90067650303448	1.39699468838752	0.859460753350106
3.00999999999998	40	4	1.75824175824176	0.626270874000279	1.0590573458949	0.463883544499235	0.807807064374693	0.0770480820374518	3.95199892010057	1.83133647113916	0.905951596964545
3.01999999999998	40	4	1.75824175824176	0.626270874000279	1.0590573458949	0.463883544499235	0.807807064374693	0.0770480820374518	3.95199892010057	1.83133647113916	0.905951596964545
3.02999999999998	40	4	1.75824175824176	0.626270874000279	1.0590573458949	0.463883544499235	0.807807064374693	0.0770480820374518	3.95199892010057	1.83133647113916	0.905951596964545
3.03999999999998	40	4	1.75824175824176	0.626270874000279	1.0590573458949	0.463883544499235	0.807807064374693	0.0770480820374518	3.95199892010057	1.83133647113916	0.905951596964544
3.04999999999998	40	4	1.75824175824176	0.626270874000279	1.0590573458949	0.463883544499235	0.807807064374693	0.0770480820374518	3.95199892010057	1.83133647113916	0.905951596964545
3.05999999999998	40	4	1.75824175824176	0.626270874000279	1.0590573458949	0.463883544499235	0.807807064374693	0.0770480820374518	3.95199892010057	1.83133647113916	0.905951596964545
3.06999999999998	40	4	1.75824175824176	0.626270874000279	1.0590573458949	0.463883544499235	0.807807064374693	0.0770480820374518	3.95199892010057	1.83133647113916	0.905951596964545
3.07999999999998	40	4	1.75824175824176	0.626270874000279	1.0590573458949	0.463883544499235	0.807807064374693	0.0770480820374519	3.95199892010057	1.83133647113916	0.905951596964544
3.08999999999998	40	4	1.75824175824176	0.626270874000279	1.0590573458949	0.463883544499235	0.807807064374693	0.0770480820374519	3.95199892010057	1.83133647113916	0.905951596964545
3.09999999999998	40	4	1.75824175824176	0.626270874000279	1.0590573458949	0.463883544499235	0.807807064374693	0.0770480820374519	3.95199892010057	1.83133647113916	0.905951596964545
3.10999999999998	40	4	1.75824175824176	0.626270874000279	1.0590573458949	0.463883544499235	0.807807064374693	0.0770480820374518	3.95199892010057	1.83133647113916	0.905951596964545
3.11999999999998	40	4	1.75824175824176	0.626270874000279	1.0590573458949	0.463883544499235	0.807807064374693	0.0770480820374518	3.95199892010057	1.83133647113916	0.905951596964544
3.12999999999998	40	4	1.75824175824176	0.626270874000279	1.0590573458949	0.463883544499235	0.807807064374693	0.0770480820374519	3.95199892010057	1.83133647113916	0.905951596964545
3.13999999999998	40	4	1.75824175824176	0.626270874000279	1.0590573458949	0.463883544499235	0.807807064374693	0.0770480820374518	3.95199892010057	1.83133647113916	0.905951596964545
3.14999999999998	40	4	1.75824175824176	0.626270874000279	1.0590573458949	0.463883544499235	0.807807064374693	0.0770480820374518	3.95199892010057	1.83133647113916	0.905951596964545
3.15999999999998	40	4	1.75824175824176	0.626270874000279	1.0590573458949	0.463883544499235	0.807807064374693	0.0770480820374519	3.95199892010057	1.83133647113916	0.905951596964545
3.16999999999998	40	4	1.75824175824176	0.626270874000279	1.0590573458949	0.463883544499235	0.807807064374693	0.0770480820374518	3.95199892010057	1.83133647113916	0.905951596964544
3.17999999999998	40	4	1.75824175824176	0.626270874000279	1.0590573458949	0.463883544499235	0.807807064374693	0.0770480820374518	3.95199892010057	1.83133647113916	0.905951596964544
3.18999999999998	40	4	1.75824175824176	0.626270874000279	1.0590573458949	0.463883544499235	0.807807064374693	0.0770480820374518	3.95199892010057	1.83133647113916	0.905951596964545
3.19999999999998	40	4	1.75824175824176	0.626270874000279	1.0590573458949	0.463883544499235	0.807807064374693	0.0770480820374519	3.95199892010057	1.83133647113916	0.905951596964544
3.20999999999998	40	4	1.75824175824176	0.626270874000279	1.0590573458949	0.463883544499235	0.807807064374693	0.0770480820374517	3.95199892010057	1.83133647113916	0.905951596964544
3.21999999999998	40	4	1.75824175824176	0.626270874000279	1.0590573458949	0.463883544499235	0.807807064374693	0.0770480820374519	3.95199892010057	1.83133647113916	0.905951596964544
3.22999999999998	40	4	1.75824175824176	0.626270874000279	1.0590573458949	0.463883544499235	0.807807064374693	0.0770480820374518	3.95199892010057	1.83133647113916	0.905951596964545
3.23999999999997	40	4	1.75824175824176	0.626270874000279	1.0590573458949	0.463883544499235	0.807807064374693	0.0770480820374518	3.95199892010057	1.83133647113916	0.905951596964544
3.24999999999997	40	4	1.75824175824176	0.626270874000279	1.0590573458949	0.463883544499235	0.807807064374693	0.0770480820374518	3.95199892010057	1.83133647113916	0.905951596964545
3.25999999999997	40	4	1.75824175824176	0.626270874000279	1.0590573458949	0.463883544499235	0.807807064374693	0.0770480820374518	3.95199892010057	1.83133647113916	0.905951596964545
3.26999999999997	40	4	1.75824175824176	0.626270874000279	1.0590573458949	0.463883544499235	0.807807064374693	0.0770480820374519	3.95199892010057	1.83133647113916	0.905951596964544
3.27999999999997	40	4	1.75824175824176	0.626270874000279	1.0590573458949	0.463883544499235	0.807807064374693	0.0770480820374518	3.95199892010057	1.83133647113916	0.905951596964545
3.28999999999997	40	4	1.75824175824176	0.626270874000279	1.0590573458949	0.463883544499235	0.807807064374693	0.0770480820374519	3.95199892010057	1.83133647113916	0.905951596964544
3.29999999999997	40	4	1.75824175824176	0.626270874000279	1.0590573458949	0.463883544499235	0.807807064374693	0.0770480820374519	3.95199892010057	1.83133647113916	0.905951596964544
3.30999999999997	40	3	1.65289256198347	0.835027832000373	1.07708113344129	0.635937170377164	0.91180561697642	-0.22628574291253	3.53326759655555	2.48187621962069	0.9220399954392
3.31999999999997	40	3	1.65289256198347	0.835027832000373	1.07708113344129	0.635937170377164	0.91180561697642	-0.22628574291253	3.53326759655556	2.48187621962069	0.9220399954392
3.32999999999997	40	3	1.65289256198347	0.835027832000373	1.07708113344129	0.635937170377164	0.911805616976419	-0.22628574291253	3.53326759655555	2.48187621962069	0.9220399954392
3.33999999999997	40	3	1.65289256198347	0.835027832000373	1.07708113344129	0.635937170377164	0.911805616976419	-0.22628574291253	3.53326759655555	2.48187621962069	0.9220399954392
3.34999999999997	40	3	1.65289256198347	0.835027832000373	1.07708113344129	0.635937170377164	0.91180561697642	-0.22628574291253	3.53326759655555	2.48187621962069	0.9220399954392
3.35999999999997	40	3	1.65289256198347	0.835027832000373	1.07708113344129	0.635937170377164	0.911805616976419	-0.22628574291253	3.53326759655556	2.48187621962069	0.922039995439201
3.36999999999997	40	3	1.65289256198347	0.835027832000373	1.07708113344129	0.635937170377164	0.91180561697642	-0.22628574291253	3.53326759655555	2.48187621962069	0.9220399954392
3.37999999999997	40	3	1.65289256198347	0.835027832000373	1.07708113344129	0.635937170377164	0.911805616976419	-0.22628574291253	3.53326759655556	2.48187621962069	0.9220399954392
3.38999999999997	40	3	1.65289256198347	0.835027832000373	1.07708113344129	0.635937170377164	0.911805616976419	-0.22628574291253	3.53326759655556	2.48187621962069	0.9220399954392
3.39999999999997	40	3	1.65289256198347	0.835027832000373	1.07708113344129	0.635937170377164	0.91180561697642	-0.22628574291253	3.53326759655556	2.48187621962069	0.922039995439201
3.40999999999997	40	3	1.65289256198347	0.835027832000373	1.07708113344129	0.635937170377164	0.911805616976419	-0.22628574291253	3.53326759655555	2.48187621962069	0.9220399954392
3.41999999999997	40	3	1.65289256198347	0.835027832000373	1.07708113344129	0.635937170377164	0.911805616976419	-0.22628574291253	3.53326759655556	2.48187621962069	0.922039995439201
3.42999999999997	40	3	1.65289256198347	0.835027832000373	1.07708113344129	0.635937170377164	0.911805616976419	-0.22628574291253	3.53326759655556	2.48187621962069	0.9220399954392
3.43999999999997	40	3	1.65289256198347	0.835027832000373	1.07708113344129	0.635937170377164	0.911805616976419	-0.22628574291253	3.53326759655556	2.48187621962069	0.922039995439201
3.44999999999997	40	3	1.65289256198347	0.835027832000373	1.07708113344129	0.635937170377164	0.911805616976419	-0.22628574291253	3.53326759655556	2.48187621962069	0.922039995439201
3.45999999999997	40	3	1.65289256198347	0.835027832000373	1.07708113344129	0.635937170377164	0.911805616976419	-0.22628574291253	3.53326759655555	2.48187621962069	0.9220399954392
3.46999999999997	40	3	1.65289256198347	0.835027832000373	1.07708113344129	0.635937170377164	0.911805616976419	-0.22628574291253	3.53326759655556	2.48187621962069	0.9220399954392
3.47999999999997	40	2	1.6	1.06551758083597	1	0.855527563528654	1	-0.489203178950252	2.99534342093333	2.49106518126437	1.01911366958322
3.48999999999997	40	2	1.6	1.06551758083597	1	0.855527563528654	1	-0.489203178950252	2.99534342093333	2.49106518126437	1.01911366958322
3.49999999999997	40	2	1.6	1.06551758083597	1	0.855527563528654	1	-0.489203178950252	2.99534342093333	2.49106518126437	1.01911366958322
3.50999999999997	40	2	1.6	1.06551758083597	1	0.855527563528654	1	-0.489203178950252	2.99534342093333	2.49106518126437	1.01911366958322
3.51999999999997	40	2	1.6	1.06551758083597	1	0.855527563528654	1	-0.489203178950252	2.99534342093333	2.49106518126437	1.01911366958322
3.52999999999997	40	1	1	1	0	1	0	-1	0	2.46096834666667	0.406344113021397
