#dist_cut	num_seqs	num_clusters	num_clusters(recip_simpson_index)	avg_intra_clust_phylo_dist_phylum(norm_shannon_index)	avg_inter_clust_phylo_dist_phylum(norm_shannon_index)	avg_intra_clust_phylo_dist_order(norm_shannon_index)	avg_inter_clust_phylo_dist_order(norm_shannon_index)	avg_silhouette_width	avg_inter_clust_dist	avg_intra_clust_dist	dunn_index
0	5	5	5	0	0	0	0.554071801378514	1	0.91081916	0	0.48620388
0.01	5	5	5	0	0	0	0.554071801378514	1	0.91081916	0	0.48620388
0.02	5	5	5	0	0	0	0.554071801378514	0.8	0.91081916	0	0.48620388
0.03	5	5	5	0	0	0	0.554071801378514	0.6	0.91081916	0	0.48620388
0.04	5	5	5	0	0	0	0.554071801378514	1	0.91081916	0	0.48620388
0.05	5	5	5	0	0	0	0.554071801378514	1	0.91081916	0	0.48620388
0.06	5	5	5	0	0	0	0.554071801378514	0.6	0.91081916	0	0.48620388
0.07	5	5	5	0	0	0	0.554071801378514	1	0.91081916	0	0.48620388
0.08	5	5	5	0	0	0	0.554071801378514	0.8	0.91081916	0	0.48620388
0.09	5	5	5	0	0	0	0.554071801378514	1	0.91081916	0	0.48620388
0.1	5	5	5	0	0	0	0.554071801378514	1	0.91081916	0	0.48620388
0.11	5	5	5	0	0	0	0.554071801378514	0.6	0.91081916	0	0.48620388
0.12	5	5	5	0	0	0	0.554071801378514	0.8	0.91081916	0	0.48620388
0.13	5	5	5	0	0	0	0.554071801378514	1	0.91081916	0	0.48620388
0.14	5	5	5	0	0	0	0.554071801378514	1	0.91081916	0	0.48620388
0.15	5	5	5	0	0	0	0.554071801378514	1	0.91081916	0	0.48620388
0.16	5	5	5	0	0	0	0.554071801378514	1	0.91081916	0	0.48620388
0.17	5	5	5	0	0	0	0.554071801378514	0.8	0.91081916	0	0.48620388
0.18	5	5	5	0	0	0	0.554071801378514	0.8	0.91081916	0	0.48620388
0.19	5	5	5	0	0	0	0.554071801378514	0.8	0.91081916	0	0.48620388
0.2	5	5	5	0	0	0	0.554071801378514	0.8	0.91081916	0	0.48620388
0.21	5	5	5	0	0	0	0.554071801378514	1	0.91081916	0	0.48620388
0.22	5	5	5	0	0	0	0.554071801378514	1	0.91081916	0	0.48620388
0.23	5	5	5	0	0	0	0.554071801378514	0.8	0.91081916	0	0.48620388
0.24	5	5	5	0	0	0	0.554071801378514	1	0.91081916	0	0.48620388
0.25	5	5	5	0	0	0	0.554071801378514	1	0.91081916	0	0.48620388
0.26	5	5	5	0	0	0	0.554071801378514	1	0.91081916	0	0.48620388
0.27	5	5	5	0	0	0	0.554071801378514	0.8	0.91081916	0	0.48620388
0.28	5	5	5	0	0	0	0.554071801378514	1	0.91081916	0	0.48620388
0.29	5	5	5	0	0	0	0.554071801378514	0.6	0.91081916	0	0.48620388
0.3	5	5	5	0	0	0	0.554071801378514	1	0.91081916	0	0.48620388
0.31	5	5	5	0	0	0	0.554071801378514	1	0.91081916	0	0.48620388
0.32	5	5	5	0	0	0	0.554071801378514	0.6	0.91081916	0	0.48620388
0.33	5	5	5	0	0	0	0.554071801378514	0.6	0.91081916	0	0.48620388
0.34	5	5	5	0	0	0	0.554071801378514	0.8	0.91081916	0	0.48620388
0.35	5	5	5	0	0	0	0.554071801378514	1	0.91081916	0	0.48620388
0.36	5	5	5	0	0	0	0.554071801378514	1	0.91081916	0	0.48620388
0.37	5	5	5	0	0	0	0.554071801378514	1	0.91081916	0	0.48620388
0.38	5	5	5	0	0	0	0.554071801378514	0.6	0.91081916	0	0.48620388
0.39	5	5	5	0	0	0	0.554071801378514	1	0.91081916	0	0.48620388
0.4	5	5	5	0	0	0	0.554071801378514	1	0.91081916	0	0.48620388
0.41	5	5	5	0	0	0	0.554071801378514	0.8	0.91081916	0	0.48620388
0.42	5	5	5	0	0	0	0.554071801378514	1	0.91081916	0	0.48620388
0.43	5	5	5	0	0	0	0.554071801378514	1	0.91081916	0	0.48620388
0.44	5	5	5	0	0	0	0.554071801378514	1	0.91081916	0	0.48620388
0.45	5	5	5	0	0	0	0.554071801378514	0.8	0.91081916	0	0.48620388
0.46	5	5	5	0	0	0	0.554071801378514	1	0.91081916	0	0.48620388
0.47	5	5	5	0	0	0	0.554071801378514	0.6	0.91081916	0	0.48620388
0.48	5	5	5	0	0	0	0.554071801378514	1	0.91081916	0	0.48620388
0.49	5	4	3.57142857142857	0	0	0	0.673727262387494	0.5	1.05263172666667	0.12155097	0.880075885038186
0.5	5	4	3.57142857142857	0	0	0	0.673727262387494	0.5	1.05263172666667	0.12155097	0.880075885038186
0.51	5	4	3.57142857142857	0	0	0	0.673727262387494	0.5	1.05263172666667	0.12155097	0.880075885038186
0.52	5	4	3.57142857142857	0	0	0	0.673727262387494	0.5	1.05263172666667	0.12155097	0.880075885038186
0.53	5	4	3.57142857142857	0	0	0	0.673727262387494	0.5	1.05263172666667	0.12155097	0.880075885038186
0.54	5	4	3.57142857142857	0	0	0	0.673727262387494	0.5	1.05263172666667	0.12155097	0.880075885038186
0.55	5	4	3.57142857142857	0	0	0	0.673727262387494	0.5	1.05263172666667	0.12155097	0.880075885038186
0.56	5	4	3.57142857142857	0	0	0	0.673727262387494	0.5	1.05263172666667	0.12155097	0.880075885038186
0.57	5	4	3.57142857142857	0	0	0	0.673727262387494	0.5	1.05263172666667	0.12155097	0.880075885038186
0.58	5	4	3.57142857142857	0	0	0	0.673727262387494	0.5	1.05263172666667	0.12155097	0.880075885038186
0.59	5	4	3.57142857142857	0	0	0	0.673727262387494	0.5	1.05263172666667	0.12155097	0.880075885038186
0.6	5	4	3.57142857142857	0	0	0	0.673727262387494	0.5	1.05263172666667	0.12155097	0.880075885038186
0.61	5	4	3.57142857142857	0	0	0	0.673727262387494	0.5	1.05263172666667	0.12155097	0.880075885038186
0.62	5	4	3.57142857142857	0	0	0	0.673727262387494	0.5	1.05263172666667	0.12155097	0.880075885038186
0.63	5	4	3.57142857142857	0	0	0	0.673727262387494	0.5	1.05263172666667	0.12155097	0.880075885038186
0.64	5	4	3.57142857142857	0	0	0	0.673727262387494	0.5	1.05263172666667	0.12155097	0.880075885038186
0.65	5	4	3.57142857142857	0	0	0	0.673727262387494	0.5	1.05263172666667	0.12155097	0.880075885038186
0.66	5	4	3.57142857142857	0	0	0	0.673727262387494	0.5	1.05263172666667	0.12155097	0.880075885038186
0.67	5	4	3.57142857142857	0	0	0	0.673727262387494	0.5	1.05263172666667	0.12155097	0.880075885038186
0.68	5	4	3.57142857142857	0	0	0	0.673727262387494	0.5	1.05263172666667	0.12155097	0.880075885038186
0.69	5	4	3.57142857142857	0	0	0	0.673727262387494	0.5	1.05263172666667	0.12155097	0.880075885038186
0.7	5	4	3.57142857142857	0	0	0	0.673727262387494	0.5	1.05263172666667	0.12155097	0.880075885038186
0.71	5	4	3.57142857142857	0	0	0	0.673727262387494	0.5	1.05263172666667	0.12155097	0.880075885038186
0.72	5	4	3.57142857142857	0	0	0	0.673727262387494	0.5	1.05263172666667	0.12155097	0.880075885038186
0.73	5	4	3.57142857142857	0	0	0	0.673727262387494	0.5	1.05263172666667	0.12155097	0.880075885038186
0.74	5	4	3.57142857142857	0	0	0	0.673727262387494	0.5	1.05263172666667	0.12155097	0.880075885038186
0.75	5	4	3.57142857142857	0	0	0	0.673727262387494	0.5	1.05263172666667	0.12155097	0.880075885038186
0.76	5	4	3.57142857142857	0	0	0	0.673727262387494	0.5	1.05263172666667	0.12155097	0.880075885038186
0.77	5	4	3.57142857142857	0	0	0	0.673727262387494	0.5	1.05263172666667	0.12155097	0.880075885038186
0.78	5	4	3.57142857142857	0	0	0	0.673727262387494	0.5	1.05263172666667	0.12155097	0.880075885038186
0.79	5	4	3.57142857142857	0	0	0	0.673727262387494	0.5	1.05263172666667	0.12155097	0.880075885038186
0.8	5	4	3.57142857142857	0	0	0	0.673727262387494	0.5	1.05263172666667	0.12155097	0.880075885038186
0.81	5	4	3.57142857142857	0	0	0	0.673727262387494	0.5	1.05263172666667	0.12155097	0.880075885038186
0.820000000000001	5	4	3.57142857142857	0	0	0	0.673727262387494	0.5	1.05263172666667	0.12155097	0.880075885038186
0.830000000000001	5	4	3.57142857142857	0	0	0	0.673727262387494	0.5	1.05263172666667	0.12155097	0.880075885038186
0.840000000000001	5	4	3.57142857142857	0	0	0	0.673727262387494	0.5	1.05263172666667	0.12155097	0.880075885038186
0.850000000000001	5	3	2.27272727272727	0	0	0	0.836315111013808	0.333333333333333	1.08100692	0.242285004444444	0.950474098218139
0.860000000000001	5	2	1.47058823529412	0	0	0.561882914797568	1	0	1.2137639925	0.354427969166667	1.71228584944045
0.870000000000001	5	2	1.47058823529412	0	0	0.561882914797568	1	0	1.2137639925	0.354427969166667	1.71228584944045
0.880000000000001	5	2	1.47058823529412	0	0	0.561882914797568	1	0	1.2137639925	0.354427969166667	1.71228584944045
0.890000000000001	5	2	1.47058823529412	0	0	0.561882914797568	1	0	1.2137639925	0.354427969166667	1.71228584944045
0.900000000000001	5	2	1.47058823529412	0	0	0.561882914797568	1	0	1.2137639925	0.354427969166667	1.71228584944045
0.910000000000001	5	2	1.47058823529412	0	0	0.561882914797568	1	0	1.2137639925	0.354427969166667	1.71228584944045
0.920000000000001	5	2	1.47058823529412	0	0	0.561882914797568	1	0	1.2137639925	0.354427969166667	1.71228584944045
0.930000000000001	5	2	1.47058823529412	0	0	0.561882914797568	1	0	1.2137639925	0.354427969166667	1.71228584944045
0.940000000000001	5	2	1.47058823529412	0	0	0.561882914797568	1	0	1.2137639925	0.354427969166667	1.71228584944045
0.950000000000001	5	2	1.47058823529412	0	0	0.561882914797568	1	0	1.2137639925	0.354427969166667	1.71228584944045
0.960000000000001	5	2	1.47058823529412	0	0	0.561882914797568	1	0	1.2137639925	0.354427969166667	1.71228584944045
0.970000000000001	5	2	1.47058823529412	0	0	0.561882914797568	1	0	1.2137639925	0.354427969166667	1.71228584944045
0.980000000000001	5	2	1.47058823529412	0	0	0.561882914797568	1	0	1.2137639925	0.354427969166667	1.71228584944045
0.990000000000001	5	2	1.47058823529412	0	0	0.561882914797568	1	0	1.2137639925	0.354427969166667	1.71228584944045
1	5	2	1.47058823529412	0	0	0.561882914797568	1	0	1.2137639925	0.354427969166667	1.71228584944045
1.01	5	2	1.47058823529412	0	0	0.561882914797568	1	0	1.2137639925	0.354427969166667	1.71228584944045
1.02	5	2	1.47058823529412	0	0	0.561882914797568	1	0	1.2137639925	0.354427969166667	1.71228584944045
1.03	5	2	1.47058823529412	0	0	0.561882914797568	1	0	1.2137639925	0.354427969166667	1.71228584944045
1.04	5	1	1	0	0	1	0	-1	0	0.91081916	1.09791278435557
