#dist_cut	num_seqs	num_clusters	num_clusters(recip_simpson_index)	avg_intra_clust_phylo_dist_phylum(norm_shannon_index)	avg_inter_clust_phylo_dist_phylum(norm_shannon_index)	avg_intra_clust_phylo_dist_order(norm_shannon_index)	avg_inter_clust_phylo_dist_order(norm_shannon_index)	avg_silhouette_width	avg_inter_clust_dist	avg_intra_clust_dist	dunn_index
0	5	5	5	0	0	0	0.617951112473429	1	1.215983049	0	0.69694576
0.01	5	5	5	0	0	0	0.617951112473429	1	1.215983049	0	0.69694576
0.02	5	5	5	0	0	0	0.617951112473429	0.8	1.215983049	0	0.69694576
0.03	5	5	5	0	0	0	0.617951112473429	1	1.215983049	0	0.69694576
0.04	5	5	5	0	0	0	0.617951112473429	0.8	1.215983049	0	0.69694576
0.05	5	5	5	0	0	0	0.617951112473429	1	1.215983049	0	0.69694576
0.06	5	5	5	0	0	0	0.617951112473429	1	1.215983049	0	0.69694576
0.07	5	5	5	0	0	0	0.617951112473429	1	1.215983049	0	0.69694576
0.08	5	5	5	0	0	0	0.617951112473429	1	1.215983049	0	0.69694576
0.09	5	5	5	0	0	0	0.617951112473429	0.8	1.215983049	0	0.69694576
0.1	5	5	5	0	0	0	0.617951112473429	0.8	1.215983049	0	0.69694576
0.11	5	5	5	0	0	0	0.617951112473429	0.8	1.215983049	0	0.69694576
0.12	5	5	5	0	0	0	0.617951112473429	1	1.215983049	0	0.69694576
0.13	5	5	5	0	0	0	0.617951112473429	1	1.215983049	0	0.69694576
0.14	5	5	5	0	0	0	0.617951112473429	1	1.215983049	0	0.69694576
0.15	5	5	5	0	0	0	0.617951112473429	0.8	1.215983049	0	0.69694576
0.16	5	5	5	0	0	0	0.617951112473429	1	1.215983049	0	0.69694576
0.17	5	5	5	0	0	0	0.617951112473429	1	1.215983049	0	0.69694576
0.18	5	5	5	0	0	0	0.617951112473429	1	1.215983049	0	0.69694576
0.19	5	5	5	0	0	0	0.617951112473429	1	1.215983049	0	0.69694576
0.2	5	5	5	0	0	0	0.617951112473429	0.8	1.215983049	0	0.69694576
0.21	5	5	5	0	0	0	0.617951112473429	1	1.215983049	0	0.69694576
0.22	5	5	5	0	0	0	0.617951112473429	0.8	1.215983049	0	0.69694576
0.23	5	5	5	0	0	0	0.617951112473429	1	1.215983049	0	0.69694576
0.24	5	5	5	0	0	0	0.617951112473429	0.8	1.215983049	0	0.69694576
0.25	5	5	5	0	0	0	0.617951112473429	1	1.215983049	0	0.69694576
0.26	5	5	5	0	0	0	0.617951112473429	1	1.215983049	0	0.69694576
0.27	5	5	5	0	0	0	0.617951112473429	1	1.215983049	0	0.69694576
0.28	5	5	5	0	0	0	0.617951112473429	1	1.215983049	0	0.69694576
0.29	5	5	5	0	0	0	0.617951112473429	1	1.215983049	0	0.69694576
0.3	5	5	5	0	0	0	0.617951112473429	0.8	1.215983049	0	0.69694576
0.31	5	5	5	0	0	0	0.617951112473429	1	1.215983049	0	0.69694576
0.32	5	5	5	0	0	0	0.617951112473429	0.8	1.215983049	0	0.69694576
0.33	5	5	5	0	0	0	0.617951112473429	0.8	1.215983049	0	0.69694576
0.34	5	5	5	0	0	0	0.617951112473429	1	1.215983049	0	0.69694576
0.35	5	5	5	0	0	0	0.617951112473429	0.8	1.215983049	0	0.69694576
0.36	5	5	5	0	0	0	0.617951112473429	1	1.215983049	0	0.69694576
0.37	5	5	5	0	0	0	0.617951112473429	1	1.215983049	0	0.69694576
0.38	5	5	5	0	0	0	0.617951112473429	1	1.215983049	0	0.69694576
0.39	5	5	5	0	0	0	0.617951112473429	1	1.215983049	0	0.69694576
0.4	5	5	5	0	0	0	0.617951112473429	1	1.215983049	0	0.69694576
0.41	5	5	5	0	0	0	0.617951112473429	1	1.215983049	0	0.69694576
0.42	5	5	5	0	0	0	0.617951112473429	1	1.215983049	0	0.69694576
0.43	5	5	5	0	0	0	0.617951112473429	0.8	1.215983049	0	0.69694576
0.44	5	5	5	0	0	0	0.617951112473429	0.8	1.215983049	0	0.69694576
0.45	5	5	5	0	0	0	0.617951112473429	1	1.215983049	0	0.69694576
0.46	5	5	5	0	0	0	0.617951112473429	0.8	1.215983049	0	0.69694576
0.47	5	5	5	0	0	0	0.617951112473429	0.8	1.215983049	0	0.69694576
0.48	5	5	5	0	0	0	0.617951112473429	1	1.215983049	0	0.69694576
0.49	5	5	5	0	0	0	0.617951112473429	1	1.215983049	0	0.69694576
0.5	5	5	5	0	0	0	0.617951112473429	1	1.215983049	0	0.69694576
0.51	5	5	5	0	0	0	0.617951112473429	1	1.215983049	0	0.69694576
0.52	5	5	5	0	0	0	0.617951112473429	1	1.215983049	0	0.69694576
0.53	5	5	5	0	0	0	0.617951112473429	0.8	1.215983049	0	0.69694576
0.54	5	5	5	0	0	0	0.617951112473429	1	1.215983049	0	0.69694576
0.55	5	5	5	0	0	0	0.617951112473429	1	1.215983049	0	0.69694576
0.56	5	5	5	0	0	0	0.617951112473429	1	1.215983049	0	0.69694576
0.57	5	5	5	0	0	0	0.617951112473429	1	1.215983049	0	0.69694576
0.58	5	5	5	0	0	0	0.617951112473429	0.8	1.215983049	0	0.69694576
0.59	5	5	5	0	0	0	0.617951112473429	1	1.215983049	0	0.69694576
0.6	5	5	5	0	0	0	0.617951112473429	1	1.215983049	0	0.69694576
0.61	5	5	5	0	0	0	0.617951112473429	0.8	1.215983049	0	0.69694576
0.62	5	5	5	0	0	0	0.617951112473429	0.8	1.215983049	0	0.69694576
0.63	5	5	5	0	0	0	0.617951112473429	1	1.215983049	0	0.69694576
0.64	5	5	5	0	0	0	0.617951112473429	0.8	1.215983049	0	0.69694576
0.65	5	5	5	0	0	0	0.617951112473429	1	1.215983049	0	0.69694576
0.66	5	5	5	0	0	0	0.617951112473429	1	1.215983049	0	0.69694576
0.67	5	5	5	0	0	0	0.617951112473429	1	1.215983049	0	0.69694576
0.68	5	5	5	0	0	0	0.617951112473429	1	1.215983049	0	0.69694576
0.69	5	5	5	0	0	0	0.617951112473429	1	1.215983049	0	0.69694576
0.7	5	4	3.57142857142857	0	0	0.257479630197262	0.816191117124422	0.5	1.42071948583333	0.17423644	1.04205971494826
0.71	5	4	3.57142857142857	0	0	0.257479630197262	0.816191117124422	0.5	1.42071948583333	0.17423644	1.04205971494826
0.72	5	3	2.27272727272727	0	0	0.315256629018715	0.965129135823187	0.333333333333333	1.64894924333333	0.238829328888889	1.6691191184243
0.73	5	3	2.27272727272727	0	0	0.315256629018715	0.965129135823187	0.333333333333333	1.64894924333333	0.238829328888889	1.6691191184243
0.74	5	3	2.27272727272727	0	0	0.315256629018715	0.965129135823187	0.333333333333333	1.64894924333333	0.238829328888889	1.6691191184243
0.75	5	3	2.27272727272727	0	0	0.315256629018715	0.965129135823187	0.333333333333333	1.64894924333333	0.238829328888889	1.6691191184243
0.76	5	3	2.27272727272727	0	0	0.315256629018715	0.965129135823187	0.333333333333333	1.64894924333333	0.238829328888889	1.6691191184243
0.77	5	3	2.27272727272727	0	0	0.315256629018715	0.965129135823187	0.333333333333333	1.64894924333333	0.238829328888889	1.6691191184243
0.78	5	3	2.27272727272727	0	0	0.315256629018715	0.965129135823187	0.333333333333333	1.64894924333333	0.238829328888889	1.6691191184243
0.79	5	3	2.27272727272727	0	0	0.315256629018715	0.965129135823187	0.333333333333333	1.64894924333333	0.238829328888889	1.6691191184243
0.8	5	3	2.27272727272727	0	0	0.315256629018715	0.965129135823187	0.333333333333333	1.64894924333333	0.238829328888889	1.6691191184243
0.81	5	3	2.27272727272727	0	0	0.315256629018715	0.965129135823187	0.333333333333333	1.64894924333333	0.238829328888889	1.6691191184243
0.820000000000001	5	3	2.27272727272727	0	0	0.315256629018715	0.965129135823187	0.333333333333333	1.64894924333333	0.238829328888889	1.6691191184243
0.830000000000001	5	3	2.27272727272727	0	0	0.315256629018715	0.965129135823187	0.333333333333333	1.64894924333333	0.238829328888889	1.6691191184243
0.840000000000001	5	3	2.27272727272727	0	0	0.315256629018715	0.965129135823187	0.333333333333333	1.64894924333333	0.238829328888889	1.6691191184243
0.850000000000001	5	3	2.27272727272727	0	0	0.315256629018715	0.965129135823187	0.333333333333333	1.64894924333333	0.238829328888889	1.6691191184243
0.860000000000001	5	3	2.27272727272727	0	0	0.315256629018715	0.965129135823187	0.333333333333333	1.64894924333333	0.238829328888889	1.6691191184243
0.870000000000001	5	3	2.27272727272727	0	0	0.315256629018715	0.965129135823187	0.333333333333333	1.64894924333333	0.238829328888889	1.6691191184243
0.880000000000001	5	3	2.27272727272727	0	0	0.315256629018715	0.965129135823187	0.333333333333333	1.64894924333333	0.238829328888889	1.6691191184243
0.890000000000001	5	3	2.27272727272727	0	0	0.315256629018715	0.965129135823187	0.333333333333333	1.64894924333333	0.238829328888889	1.6691191184243
0.900000000000001	5	3	2.27272727272727	0	0	0.315256629018715	0.965129135823187	0.333333333333333	1.64894924333333	0.238829328888889	1.6691191184243
0.910000000000001	5	3	2.27272727272727	0	0	0.315256629018715	0.965129135823187	0.333333333333333	1.64894924333333	0.238829328888889	1.6691191184243
0.920000000000001	5	3	2.27272727272727	0	0	0.315256629018715	0.965129135823187	0.333333333333333	1.64894924333333	0.238829328888889	1.6691191184243
0.930000000000001	5	3	2.27272727272727	0	0	0.315256629018715	0.965129135823187	0.333333333333333	1.64894924333333	0.238829328888889	1.6691191184243
0.940000000000001	5	3	2.27272727272727	0	0	0.315256629018715	0.965129135823187	0.333333333333333	1.64894924333333	0.238829328888889	1.6691191184243
0.950000000000001	5	3	2.27272727272727	0	0	0.315256629018715	0.965129135823187	0.333333333333333	1.64894924333333	0.238829328888889	1.6691191184243
0.960000000000001	5	3	2.27272727272727	0	0	0.315256629018715	0.965129135823187	0.333333333333333	1.64894924333333	0.238829328888889	1.6691191184243
0.970000000000001	5	3	2.27272727272727	0	0	0.315256629018715	0.965129135823187	0.333333333333333	1.64894924333333	0.238829328888889	1.6691191184243
0.980000000000001	5	3	2.27272727272727	0	0	0.315256629018715	0.965129135823187	0.333333333333333	1.64894924333333	0.238829328888889	1.6691191184243
0.990000000000001	5	3	2.27272727272727	0	0	0.315256629018715	0.965129135823187	0.333333333333333	1.64894924333333	0.238829328888889	1.6691191184243
1	5	3	2.27272727272727	0	0	0.315256629018715	0.965129135823187	0.333333333333333	1.64894924333333	0.238829328888889	1.6691191184243
1.01	5	3	2.27272727272727	0	0	0.315256629018715	0.965129135823187	0.333333333333333	1.64894924333333	0.238829328888889	1.6691191184243
1.02	5	3	2.27272727272727	0	0	0.315256629018715	0.965129135823187	0.333333333333333	1.64894924333333	0.238829328888889	1.6691191184243
1.03	5	3	2.27272727272727	0	0	0.315256629018715	0.965129135823187	0.333333333333333	1.64894924333333	0.238829328888889	1.6691191184243
1.04	5	3	2.27272727272727	0	0	0.315256629018715	0.965129135823187	0.333333333333333	1.64894924333333	0.238829328888889	1.6691191184243
1.05	5	3	2.27272727272727	0	0	0.315256629018715	0.965129135823187	0.333333333333333	1.64894924333333	0.238829328888889	1.6691191184243
1.06	5	3	2.27272727272727	0	0	0.315256629018715	0.965129135823187	0.333333333333333	1.64894924333333	0.238829328888889	1.6691191184243
1.07	5	3	2.27272727272727	0	0	0.315256629018715	0.965129135823187	0.333333333333333	1.64894924333333	0.238829328888889	1.6691191184243
1.08	5	3	2.27272727272727	0	0	0.315256629018715	0.965129135823187	0.333333333333333	1.64894924333333	0.238829328888889	1.6691191184243
1.09	5	3	2.27272727272727	0	0	0.315256629018715	0.965129135823187	0.333333333333333	1.64894924333333	0.238829328888889	1.6691191184243
1.1	5	3	2.27272727272727	0	0	0.315256629018715	0.965129135823187	0.333333333333333	1.64894924333333	0.238829328888889	1.6691191184243
1.11	5	3	2.27272727272727	0	0	0.315256629018715	0.965129135823187	0.333333333333333	1.64894924333333	0.238829328888889	1.6691191184243
1.12	5	3	2.27272727272727	0	0	0.315256629018715	0.965129135823187	0.333333333333333	1.64894924333333	0.238829328888889	1.6691191184243
1.13	5	3	2.27272727272727	0	0	0.315256629018715	0.965129135823187	0.333333333333333	1.64894924333333	0.238829328888889	1.6691191184243
1.14	5	3	2.27272727272727	0	0	0.315256629018715	0.965129135823187	0.333333333333333	1.64894924333333	0.238829328888889	1.6691191184243
1.15	5	3	2.27272727272727	0	0	0.315256629018715	0.965129135823187	0.333333333333333	1.64894924333333	0.238829328888889	1.6691191184243
1.16	5	3	2.27272727272727	0	0	0.315256629018715	0.965129135823187	0.333333333333333	1.64894924333333	0.238829328888889	1.6691191184243
1.17	5	3	2.27272727272727	0	0	0.315256629018715	0.965129135823187	0.333333333333333	1.64894924333333	0.238829328888889	1.6691191184243
1.18	5	3	2.27272727272727	0	0	0.315256629018715	0.965129135823187	0.333333333333333	1.64894924333333	0.238829328888889	1.6691191184243
1.19	5	3	2.27272727272727	0	0	0.315256629018715	0.965129135823187	0.333333333333333	1.64894924333333	0.238829328888889	1.6691191184243
1.2	5	3	2.27272727272727	0	0	0.315256629018715	0.965129135823187	0.333333333333333	1.64894924333333	0.238829328888889	1.6691191184243
1.21	5	3	2.27272727272727	0	0	0.315256629018715	0.965129135823187	0.333333333333333	1.64894924333333	0.238829328888889	1.6691191184243
1.22	5	3	2.27272727272727	0	0	0.315256629018715	0.965129135823187	0.333333333333333	1.64894924333333	0.238829328888889	1.6691191184243
1.23	5	3	2.27272727272727	0	0	0.315256629018715	0.965129135823187	0.333333333333333	1.64894924333333	0.238829328888889	1.6691191184243
1.24	5	3	2.27272727272727	0	0	0.315256629018715	0.965129135823187	0.333333333333333	1.64894924333333	0.238829328888889	1.6691191184243
1.25	5	3	2.27272727272727	0	0	0.315256629018715	0.965129135823187	0.333333333333333	1.64894924333333	0.238829328888889	1.6691191184243
1.26	5	3	2.27272727272727	0	0	0.315256629018715	0.965129135823187	0.333333333333333	1.64894924333333	0.238829328888889	1.6691191184243
1.27	5	3	2.27272727272727	0	0	0.315256629018715	0.965129135823187	0.333333333333333	1.64894924333333	0.238829328888889	1.6691191184243
1.28	5	3	2.27272727272727	0	0	0.315256629018715	0.965129135823187	0.333333333333333	1.64894924333333	0.238829328888889	1.6691191184243
1.29	5	3	2.27272727272727	0	0	0.315256629018715	0.965129135823187	0.333333333333333	1.64894924333333	0.238829328888889	1.6691191184243
1.3	5	3	2.27272727272727	0	0	0.315256629018715	0.965129135823187	0.333333333333333	1.64894924333333	0.238829328888889	1.6691191184243
1.31	5	3	2.27272727272727	0	0	0.315256629018715	0.965129135823187	0.333333333333333	1.64894924333333	0.238829328888889	1.6691191184243
1.32	5	2	1.47058823529412	0	0	0.514959260394524	1	0	1.50069993	0.5130858975	1.46242562630558
1.33	5	2	1.47058823529412	0	0	0.514959260394524	1	0	1.50069993	0.5130858975	1.46242562630558
1.34	5	2	1.47058823529412	0	0	0.514959260394524	1	0	1.50069993	0.5130858975	1.46242562630558
1.35	5	2	1.47058823529412	0	0	0.514959260394524	1	0	1.50069993	0.5130858975	1.46242562630558
1.36	5	2	1.47058823529412	0	0	0.514959260394524	1	0	1.50069993	0.5130858975	1.46242562630558
1.37	5	2	1.47058823529412	0	0	0.514959260394524	1	0	1.50069993	0.5130858975	1.46242562630558
1.38	5	2	1.47058823529412	0	0	0.514959260394524	1	0	1.50069993	0.5130858975	1.46242562630558
1.39	5	2	1.47058823529412	0	0	0.514959260394524	1	0	1.50069993	0.5130858975	1.46242562630558
1.4	5	2	1.47058823529412	0	0	0.514959260394524	1	0	1.50069993	0.5130858975	1.46242562630558
1.41	5	2	1.47058823529412	0	0	0.514959260394524	1	0	1.50069993	0.5130858975	1.46242562630558
1.42	5	2	1.47058823529412	0	0	0.514959260394524	1	0	1.50069993	0.5130858975	1.46242562630558
1.43	5	2	1.47058823529412	0	0	0.514959260394524	1	0	1.50069993	0.5130858975	1.46242562630558
1.44	5	2	1.47058823529412	0	0	0.514959260394524	1	0	1.50069993	0.5130858975	1.46242562630558
1.45	5	2	1.47058823529412	0	0	0.514959260394524	1	0	1.50069993	0.5130858975	1.46242562630558
1.46	5	2	1.47058823529412	0	0	0.514959260394524	1	0	1.50069993	0.5130858975	1.46242562630558
1.47	5	2	1.47058823529412	0	0	0.514959260394524	1	0	1.50069993	0.5130858975	1.46242562630558
1.48	5	2	1.47058823529412	0	0	0.514959260394524	1	0	1.50069993	0.5130858975	1.46242562630558
1.49	5	2	1.47058823529412	0	0	0.514959260394524	1	0	1.50069993	0.5130858975	1.46242562630558
1.5	5	2	1.47058823529412	0	0	0.514959260394524	1	0	1.50069993	0.5130858975	1.46242562630558
1.51	5	2	1.47058823529412	0	0	0.514959260394524	1	0	1.50069993	0.5130858975	1.46242562630558
1.52	5	2	1.47058823529412	0	0	0.514959260394524	1	0	1.50069993	0.5130858975	1.46242562630558
1.53	5	2	1.47058823529412	0	0	0.514959260394524	1	0	1.50069993	0.5130858975	1.46242562630558
1.54	5	2	1.47058823529412	0	0	0.514959260394524	1	0	1.50069993	0.5130858975	1.46242562630558
1.55	5	2	1.47058823529412	0	0	0.514959260394524	1	0	1.50069993	0.5130858975	1.46242562630558
1.56	5	2	1.47058823529412	0	0	0.514959260394524	1	0	1.50069993	0.5130858975	1.46242562630558
1.57	5	2	1.47058823529412	0	0	0.514959260394524	1	0	1.50069993	0.5130858975	1.46242562630558
1.58	5	2	1.47058823529412	0	0	0.514959260394524	1	0	1.50069993	0.5130858975	1.46242562630558
1.59	5	2	1.47058823529412	0	0	0.514959260394524	1	0	1.50069993	0.5130858975	1.46242562630558
1.6	5	2	1.47058823529412	0	0	0.514959260394524	1	0	1.50069993	0.5130858975	1.46242562630558
1.61	5	2	1.47058823529412	0	0	0.514959260394524	1	0	1.50069993	0.5130858975	1.46242562630558
1.62	5	2	1.47058823529412	0	0	0.514959260394524	1	0	1.50069993	0.5130858975	1.46242562630558
1.63	5	2	1.47058823529412	0	0	0.514959260394524	1	0	1.50069993	0.5130858975	1.46242562630558
1.64	5	2	1.47058823529412	0	0	0.514959260394524	1	0	1.50069993	0.5130858975	1.46242562630558
1.65	5	2	1.47058823529412	0	0	0.514959260394524	1	0	1.50069993	0.5130858975	1.46242562630558
1.66	5	2	1.47058823529412	0	0	0.514959260394524	1	0	1.50069993	0.5130858975	1.46242562630558
1.67	5	2	1.47058823529412	0	0	0.514959260394524	1	0	1.50069993	0.5130858975	1.46242562630558
1.68	5	2	1.47058823529412	0	0	0.514959260394524	1	0	1.50069993	0.5130858975	1.46242562630558
1.69	5	2	1.47058823529412	0	0	0.514959260394524	1	0	1.50069993	0.5130858975	1.46242562630558
1.7	5	2	1.47058823529412	0	0	0.514959260394524	1	0	1.50069993	0.5130858975	1.46242562630558
1.71	5	2	1.47058823529412	0	0	0.514959260394524	1	0	1.50069993	0.5130858975	1.46242562630558
1.72	5	2	1.47058823529412	0	0	0.514959260394524	1	0	1.50069993	0.5130858975	1.46242562630558
1.73	5	2	1.47058823529412	0	0	0.514959260394524	1	0	1.50069993	0.5130858975	1.46242562630558
1.74	5	2	1.47058823529412	0	0	0.514959260394524	1	0	1.50069993	0.5130858975	1.46242562630558
1.75	5	2	1.47058823529412	0	0	0.514959260394524	1	0	1.50069993	0.5130858975	1.46242562630558
1.76	5	2	1.47058823529412	0	0	0.514959260394524	1	0	1.50069993	0.5130858975	1.46242562630558
1.77	5	2	1.47058823529412	0	0	0.514959260394524	1	0	1.50069993	0.5130858975	1.46242562630558
1.78	5	1	1	0	0	1	0	-1	0	1.215983049	0.822379885001177
