#dist_cut	num_seqs	num_clusters	num_clusters(recip_simpson_index)	avg_intra_clust_phylo_dist_phylum(norm_shannon_index)	avg_inter_clust_phylo_dist_phylum(norm_shannon_index)	avg_intra_clust_phylo_dist_order(norm_shannon_index)	avg_inter_clust_phylo_dist_order(norm_shannon_index)	avg_silhouette_width	avg_inter_clust_dist	avg_intra_clust_dist	dunn_index
0	6	6	6	0	0	0	0.512802823767298	1	0.936925453333333	0	0.127531
0.01	6	6	6	0	0	0	0.512802823767298	1	0.936925453333333	0	0.127531
0.02	6	6	6	0	0	0	0.512802823767298	1	0.936925453333333	0	0.127531
0.03	6	6	6	0	0	0	0.512802823767298	1	0.936925453333333	0	0.127531
0.04	6	6	6	0	0	0	0.512802823767298	1	0.936925453333333	0	0.127531
0.05	6	6	6	0	0	0	0.512802823767298	1	0.936925453333333	0	0.127531
0.06	6	6	6	0	0	0	0.512802823767298	0.666666666666667	0.936925453333333	0	0.127531
0.07	6	6	6	0	0	0	0.512802823767298	1	0.936925453333333	0	0.127531
0.08	6	6	6	0	0	0	0.512802823767298	1	0.936925453333333	0	0.127531
0.09	6	6	6	0	0	0	0.512802823767298	0.833333333333333	0.936925453333333	0	0.127531
0.1	6	6	6	0	0	0	0.512802823767298	1	0.936925453333333	0	0.127531
0.11	6	6	6	0	0	0	0.512802823767298	1	0.936925453333333	0	0.127531
0.12	6	6	6	0	0	0	0.512802823767298	1	0.936925453333333	0	0.127531
0.13	6	5	4.5	0	0	0	0.602793950417635	0.6	1.044112213	0.0255062	3.01183045690852
0.14	6	5	4.5	0	0	0	0.602793950417635	0.4	1.044112213	0.0255062	3.01183045690852
0.15	6	5	4.5	0	0	0	0.602793950417635	0.4	1.044112213	0.0255062	3.01183045690852
0.16	6	5	4.5	0	0	0	0.602793950417635	0.6	1.044112213	0.0255062	3.01183045690852
0.17	6	5	4.5	0	0	0	0.602793950417635	0.4	1.044112213	0.0255062	3.01183045690852
0.18	6	5	4.5	0	0	0	0.602793950417635	0.6	1.044112213	0.0255062	3.01183045690852
0.19	6	5	4.5	0	0	0	0.602793950417635	0.6	1.044112213	0.0255062	3.01183045690852
0.2	6	5	4.5	0	0	0	0.602793950417635	0.6	1.044112213	0.0255062	3.01183045690852
0.21	6	5	4.5	0	0	0	0.602793950417635	0.6	1.044112213	0.0255062	3.01183045690852
0.22	6	5	4.5	0	0	0	0.602793950417635	0.2	1.044112213	0.0255062	3.01183045690852
0.23	6	5	4.5	0	0	0	0.602793950417635	0.6	1.044112213	0.0255062	3.01183045690852
0.24	6	5	4.5	0	0	0	0.602793950417635	0.6	1.044112213	0.0255062	3.01183045690852
0.25	6	5	4.5	0	0	0	0.602793950417635	0.4	1.044112213	0.0255062	3.01183045690852
0.26	6	5	4.5	0	0	0	0.602793950417635	0.4	1.044112213	0.0255062	3.01183045690852
0.27	6	5	4.5	0	0	0	0.602793950417635	0.2	1.044112213	0.0255062	3.01183045690852
0.28	6	5	4.5	0	0	0	0.602793950417635	0.6	1.044112213	0.0255062	3.01183045690852
0.29	6	5	4.5	0	0	0	0.602793950417635	0.6	1.044112213	0.0255062	3.01183045690852
0.3	6	5	4.5	0	0	0	0.602793950417635	0.6	1.044112213	0.0255062	3.01183045690852
0.31	6	5	4.5	0	0	0	0.602793950417635	0.2	1.044112213	0.0255062	3.01183045690852
0.32	6	5	4.5	0	0	0	0.602793950417635	0.6	1.044112213	0.0255062	3.01183045690852
0.33	6	5	4.5	0	0	0	0.602793950417635	0.4	1.044112213	0.0255062	3.01183045690852
0.34	6	5	4.5	0	0	0	0.602793950417635	0.6	1.044112213	0.0255062	3.01183045690852
0.35	6	5	4.5	0	0	0	0.602793950417635	0.6	1.044112213	0.0255062	3.01183045690852
0.36	6	5	4.5	0	0	0	0.602793950417635	0.4	1.044112213	0.0255062	3.01183045690852
0.37	6	4	3	0	0	0	0.720815680308939	0.5	1.30390593888889	0.0746445416666667	1.7762248300138
0.38	6	4	3	0	0	0	0.720815680308939	0.5	1.30390593888889	0.0746445416666667	1.7762248300138
0.39	6	4	3	0	0	0	0.720815680308939	0.5	1.30390593888889	0.0746445416666667	1.7762248300138
0.4	6	4	3	0	0	0	0.720815680308939	0.5	1.30390593888889	0.0746445416666667	1.7762248300138
0.41	6	4	3	0	0	0	0.720815680308939	0.5	1.30390593888889	0.0746445416666667	1.7762248300138
0.42	6	4	3	0	0	0	0.720815680308939	0.5	1.30390593888889	0.0746445416666667	1.7762248300138
0.43	6	3	2	0	0	0	0.883009589382484	0.333333333333333	1.43022591416667	0.138153353333333	2.37735409293721
0.44	6	3	2	0	0	0	0.883009589382484	0.333333333333333	1.43022591416667	0.138153353333333	2.37735409293721
0.45	6	3	2	0	0	0	0.883009589382484	0.333333333333333	1.43022591416667	0.138153353333333	2.37735409293721
0.46	6	3	2	0	0	0	0.883009589382484	0.333333333333333	1.43022591416667	0.138153353333333	2.37735409293721
0.47	6	3	2	0	0	0	0.883009589382484	0.333333333333333	1.43022591416667	0.138153353333333	2.37735409293721
0.48	6	3	2	0	0	0	0.883009589382484	0.333333333333333	1.43022591416667	0.138153353333333	2.37735409293721
0.49	6	3	2	0	0	0	0.883009589382484	0.333333333333333	1.43022591416667	0.138153353333333	2.37735409293721
0.5	6	3	2	0	0	0	0.883009589382484	0.333333333333333	1.43022591416667	0.138153353333333	2.37735409293721
0.51	6	3	2	0	0	0	0.883009589382484	0.333333333333333	1.43022591416667	0.138153353333333	2.37735409293721
0.52	6	3	2	0	0	0	0.883009589382484	0.333333333333333	1.43022591416667	0.138153353333333	2.37735409293721
0.53	6	3	2	0	0	0	0.883009589382484	0.333333333333333	1.43022591416667	0.138153353333333	2.37735409293721
0.54	6	3	2	0	0	0	0.883009589382484	0.333333333333333	1.43022591416667	0.138153353333333	2.37735409293721
0.55	6	3	2	0	0	0	0.883009589382484	0.333333333333333	1.43022591416667	0.138153353333333	2.37735409293721
0.56	6	3	2	0	0	0	0.883009589382484	0.333333333333333	1.43022591416667	0.138153353333333	2.37735409293721
0.57	6	3	2	0	0	0	0.883009589382484	0.333333333333333	1.43022591416667	0.138153353333333	2.37735409293721
0.58	6	3	2	0	0	0	0.883009589382484	0.333333333333333	1.43022591416667	0.138153353333333	2.37735409293721
0.59	6	3	2	0	0	0	0.883009589382484	0.333333333333333	1.43022591416667	0.138153353333333	2.37735409293721
0.6	6	3	2	0	0	0	0.883009589382484	0.333333333333333	1.43022591416667	0.138153353333333	2.37735409293721
0.61	6	3	2	0	0	0	0.883009589382484	0.333333333333333	1.43022591416667	0.138153353333333	2.37735409293721
0.62	6	3	2	0	0	0	0.883009589382484	0.333333333333333	1.43022591416667	0.138153353333333	2.37735409293721
0.63	6	3	2	0	0	0	0.883009589382484	0.333333333333333	1.43022591416667	0.138153353333333	2.37735409293721
0.64	6	3	2	0	0	0	0.883009589382484	0.333333333333333	1.43022591416667	0.138153353333333	2.37735409293721
0.65	6	3	2	0	0	0	0.883009589382484	0.333333333333333	1.43022591416667	0.138153353333333	2.37735409293721
0.66	6	3	2	0	0	0	0.883009589382484	0.333333333333333	1.43022591416667	0.138153353333333	2.37735409293721
0.67	6	3	2	0	0	0	0.883009589382484	0.333333333333333	1.43022591416667	0.138153353333333	2.37735409293721
0.68	6	3	2	0	0	0	0.883009589382484	0.333333333333333	1.43022591416667	0.138153353333333	2.37735409293721
0.69	6	3	2	0	0	0	0.883009589382484	0.333333333333333	1.43022591416667	0.138153353333333	2.37735409293721
0.7	6	3	2	0	0	0	0.883009589382484	0.333333333333333	1.43022591416667	0.138153353333333	2.37735409293721
0.71	6	3	2	0	0	0	0.883009589382484	0.333333333333333	1.43022591416667	0.138153353333333	2.37735409293721
0.72	6	3	2	0	0	0	0.883009589382484	0.333333333333333	1.43022591416667	0.138153353333333	2.37735409293721
0.73	6	3	2	0	0	0	0.883009589382484	0.333333333333333	1.43022591416667	0.138153353333333	2.37735409293721
0.74	6	3	2	0	0	0	0.883009589382484	0.333333333333333	1.43022591416667	0.138153353333333	2.37735409293721
0.75	6	3	2	0	0	0	0.883009589382484	0.333333333333333	1.43022591416667	0.138153353333333	2.37735409293721
0.76	6	3	2	0	0	0	0.883009589382484	0.333333333333333	1.43022591416667	0.138153353333333	2.37735409293721
0.77	6	3	2	0	0	0	0.883009589382484	0.333333333333333	1.43022591416667	0.138153353333333	2.37735409293721
0.78	6	3	2	0	0	0	0.883009589382484	0.333333333333333	1.43022591416667	0.138153353333333	2.37735409293721
0.79	6	3	2	0	0	0	0.883009589382484	0.333333333333333	1.43022591416667	0.138153353333333	2.37735409293721
0.8	6	3	2	0	0	0	0.883009589382484	0.333333333333333	1.43022591416667	0.138153353333333	2.37735409293721
0.81	6	3	2	0	0	0	0.883009589382484	0.333333333333333	1.43022591416667	0.138153353333333	2.37735409293721
0.820000000000001	6	3	2	0	0	0	0.883009589382484	0.333333333333333	1.43022591416667	0.138153353333333	2.37735409293721
0.830000000000001	6	3	2	0	0	0	0.883009589382484	0.333333333333333	1.43022591416667	0.138153353333333	2.37735409293721
0.840000000000001	6	3	2	0	0	0	0.883009589382484	0.333333333333333	1.43022591416667	0.138153353333333	2.37735409293721
0.850000000000001	6	3	2	0	0	0	0.883009589382484	0.333333333333333	1.43022591416667	0.138153353333333	2.37735409293721
0.860000000000001	6	3	2	0	0	0	0.883009589382484	0.333333333333333	1.43022591416667	0.138153353333333	2.37735409293721
0.870000000000001	6	2	1.38461538461538	0	0	0.555310148422778	1	2.77555756156289e-17	1.525169632	0.321401682	2.37268458352374
0.880000000000001	6	2	1.38461538461538	0	0	0.555310148422778	1	2.77555756156289e-17	1.525169632	0.321401682	2.37268458352374
0.890000000000001	6	2	1.38461538461538	0	0	0.555310148422778	1	2.77555756156289e-17	1.525169632	0.321401682	2.37268458352374
0.900000000000001	6	2	1.38461538461538	0	0	0.555310148422778	1	2.77555756156289e-17	1.525169632	0.321401682	2.37268458352374
0.910000000000001	6	2	1.38461538461538	0	0	0.555310148422778	1	0	1.525169632	0.321401682	2.37268458352374
0.920000000000001	6	2	1.38461538461538	0	0	0.555310148422778	1	2.77555756156289e-17	1.525169632	0.321401682	2.37268458352374
0.930000000000001	6	2	1.38461538461538	0	0	0.555310148422778	1	2.77555756156289e-17	1.525169632	0.321401682	2.37268458352374
0.940000000000001	6	2	1.38461538461538	0	0	0.555310148422778	1	0	1.525169632	0.321401682	2.37268458352374
0.950000000000001	6	2	1.38461538461538	0	0	0.555310148422778	1	0	1.525169632	0.321401682	2.37268458352374
0.960000000000001	6	2	1.38461538461538	0	0	0.555310148422778	1	0	1.525169632	0.321401682	2.37268458352374
0.970000000000001	6	2	1.38461538461538	0	0	0.555310148422778	1	0	1.525169632	0.321401682	2.37268458352374
0.980000000000001	6	2	1.38461538461538	0	0	0.555310148422778	1	0	1.525169632	0.321401682	2.37268458352374
0.990000000000001	6	2	1.38461538461538	0	0	0.555310148422778	1	0	1.525169632	0.321401682	2.37268458352374
1	6	2	1.38461538461538	0	0	0.555310148422778	1	0	1.525169632	0.321401682	2.37268458352374
1.01	6	2	1.38461538461538	0	0	0.555310148422778	1	2.77555756156289e-17	1.525169632	0.321401682	2.37268458352374
1.02	6	2	1.38461538461538	0	0	0.555310148422778	1	0	1.525169632	0.321401682	2.37268458352374
1.03	6	2	1.38461538461538	0	0	0.555310148422778	1	2.77555756156289e-17	1.525169632	0.321401682	2.37268458352374
1.04	6	2	1.38461538461538	0	0	0.555310148422778	1	2.77555756156289e-17	1.525169632	0.321401682	2.37268458352374
1.05	6	2	1.38461538461538	0	0	0.555310148422778	1	0	1.525169632	0.321401682	2.37268458352374
1.06	6	2	1.38461538461538	0	0	0.555310148422778	1	0	1.525169632	0.321401682	2.37268458352374
1.07	6	2	1.38461538461538	0	0	0.555310148422778	1	2.77555756156289e-17	1.525169632	0.321401682	2.37268458352374
1.08	6	2	1.38461538461538	0	0	0.555310148422778	1	0	1.525169632	0.321401682	2.37268458352374
1.09	6	2	1.38461538461538	0	0	0.555310148422778	1	0	1.525169632	0.321401682	2.37268458352374
1.1	6	2	1.38461538461538	0	0	0.555310148422778	1	0	1.525169632	0.321401682	2.37268458352374
1.11	6	2	1.38461538461538	0	0	0.555310148422778	1	2.77555756156289e-17	1.525169632	0.321401682	2.37268458352374
1.12	6	2	1.38461538461538	0	0	0.555310148422778	1	0	1.525169632	0.321401682	2.37268458352374
1.13	6	2	1.38461538461538	0	0	0.555310148422778	1	0	1.525169632	0.321401682	2.37268458352374
1.14	6	2	1.38461538461538	0	0	0.555310148422778	1	2.77555756156289e-17	1.525169632	0.321401682	2.37268458352374
1.15	6	2	1.38461538461538	0	0	0.555310148422778	1	2.77555756156289e-17	1.525169632	0.321401682	2.37268458352374
1.16	6	2	1.38461538461538	0	0	0.555310148422778	1	2.77555756156289e-17	1.525169632	0.321401682	2.37268458352374
1.17	6	2	1.38461538461538	0	0	0.555310148422778	1	0	1.525169632	0.321401682	2.37268458352374
1.18	6	2	1.38461538461538	0	0	0.555310148422778	1	0	1.525169632	0.321401682	2.37268458352374
1.19	6	2	1.38461538461538	0	0	0.555310148422778	1	0	1.525169632	0.321401682	2.37268458352374
1.2	6	2	1.38461538461538	0	0	0.555310148422778	1	0	1.525169632	0.321401682	2.37268458352374
1.21	6	2	1.38461538461538	0	0	0.555310148422778	1	0	1.525169632	0.321401682	2.37268458352374
1.22	6	2	1.38461538461538	0	0	0.555310148422778	1	2.77555756156289e-17	1.525169632	0.321401682	2.37268458352374
1.23	6	2	1.38461538461538	0	0	0.555310148422778	1	2.77555756156289e-17	1.525169632	0.321401682	2.37268458352374
1.24	6	2	1.38461538461538	0	0	0.555310148422778	1	0	1.525169632	0.321401682	2.37268458352374
1.25	6	2	1.38461538461538	0	0	0.555310148422778	1	0	1.525169632	0.321401682	2.37268458352374
1.26	6	2	1.38461538461538	0	0	0.555310148422778	1	0	1.525169632	0.321401682	2.37268458352374
1.27	6	2	1.38461538461538	0	0	0.555310148422778	1	2.77555756156289e-17	1.525169632	0.321401682	2.37268458352374
1.28	6	2	1.38461538461538	0	0	0.555310148422778	1	0	1.525169632	0.321401682	2.37268458352374
1.29	6	2	1.38461538461538	0	0	0.555310148422778	1	2.77555756156289e-17	1.525169632	0.321401682	2.37268458352374
1.3	6	2	1.38461538461538	0	0	0.555310148422778	1	0	1.525169632	0.321401682	2.37268458352374
1.31	6	2	1.38461538461538	0	0	0.555310148422778	1	2.77555756156289e-17	1.525169632	0.321401682	2.37268458352374
1.32	6	2	1.38461538461538	0	0	0.555310148422778	1	2.77555756156289e-17	1.525169632	0.321401682	2.37268458352374
1.33	6	2	1.38461538461538	0	0	0.555310148422778	1	2.77555756156289e-17	1.525169632	0.321401682	2.37268458352374
1.34	6	2	1.38461538461538	0	0	0.555310148422778	1	2.77555756156289e-17	1.525169632	0.321401682	2.37268458352374
1.35	6	2	1.38461538461538	0	0	0.555310148422778	1	0	1.525169632	0.321401682	2.37268458352374
1.36	6	2	1.38461538461538	0	0	0.555310148422778	1	2.77555756156289e-17	1.525169632	0.321401682	2.37268458352374
1.37	6	2	1.38461538461538	0	0	0.555310148422778	1	0	1.525169632	0.321401682	2.37268458352374
1.38	6	2	1.38461538461538	0	0	0.555310148422778	1	0	1.525169632	0.321401682	2.37268458352374
1.39	6	2	1.38461538461538	0	0	0.555310148422778	1	2.77555756156289e-17	1.525169632	0.321401682	2.37268458352374
1.4	6	2	1.38461538461538	0	0	0.555310148422778	1	0	1.525169632	0.321401682	2.37268458352374
1.41	6	2	1.38461538461538	0	0	0.555310148422778	1	2.77555756156289e-17	1.525169632	0.321401682	2.37268458352374
1.42	6	2	1.38461538461538	0	0	0.555310148422778	1	0	1.525169632	0.321401682	2.37268458352374
1.43	6	2	1.38461538461538	0	0	0.555310148422778	1	0	1.525169632	0.321401682	2.37268458352374
1.44	6	2	1.38461538461538	0	0	0.555310148422778	1	2.77555756156289e-17	1.525169632	0.321401682	2.37268458352374
1.45	6	2	1.38461538461538	0	0	0.555310148422778	1	2.77555756156289e-17	1.525169632	0.321401682	2.37268458352374
1.46	6	2	1.38461538461538	0	0	0.555310148422778	1	0	1.525169632	0.321401682	2.37268458352374
1.47	6	2	1.38461538461538	0	0	0.555310148422778	1	2.77555756156289e-17	1.525169632	0.321401682	2.37268458352374
1.48	6	2	1.38461538461538	0	0	0.555310148422778	1	2.77555756156289e-17	1.525169632	0.321401682	2.37268458352374
1.49	6	2	1.38461538461538	0	0	0.555310148422778	1	0	1.525169632	0.321401682	2.37268458352374
1.5	6	2	1.38461538461538	0	0	0.555310148422778	1	2.77555756156289e-17	1.525169632	0.321401682	2.37268458352374
1.51	6	2	1.38461538461538	0	0	0.555310148422778	1	0	1.525169632	0.321401682	2.37268458352374
1.52	6	2	1.38461538461538	0	0	0.555310148422778	1	2.77555756156289e-17	1.525169632	0.321401682	2.37268458352374
1.53	6	2	1.38461538461538	0	0	0.555310148422778	1	0	1.525169632	0.321401682	2.37268458352374
1.54	6	2	1.38461538461538	0	0	0.555310148422778	1	2.77555756156289e-17	1.525169632	0.321401682	2.37268458352374
1.55	6	2	1.38461538461538	0	0	0.555310148422778	1	0	1.525169632	0.321401682	2.37268458352374
1.56	6	2	1.38461538461538	0	0	0.555310148422778	1	2.77555756156289e-17	1.525169632	0.321401682	2.37268458352374
1.57	6	2	1.38461538461538	0	0	0.555310148422778	1	2.77555756156289e-17	1.525169632	0.321401682	2.37268458352374
1.58	6	2	1.38461538461538	0	0	0.555310148422778	1	2.77555756156289e-17	1.525169632	0.321401682	2.37268458352374
1.59	6	2	1.38461538461538	0	0	0.555310148422778	1	2.77555756156289e-17	1.525169632	0.321401682	2.37268458352374
1.6	6	2	1.38461538461538	0	0	0.555310148422778	1	0	1.525169632	0.321401682	2.37268458352374
1.61	6	2	1.38461538461538	0	0	0.555310148422778	1	2.77555756156289e-17	1.525169632	0.321401682	2.37268458352374
1.62	6	2	1.38461538461538	0	0	0.555310148422778	1	0	1.525169632	0.321401682	2.37268458352374
1.63	6	2	1.38461538461538	0	0	0.555310148422778	1	2.77555756156289e-17	1.525169632	0.321401682	2.37268458352374
1.64	6	2	1.38461538461538	0	0	0.555310148422778	1	2.77555756156289e-17	1.525169632	0.321401682	2.37268458352374
1.65	6	2	1.38461538461538	0	0	0.555310148422778	1	0	1.525169632	0.321401682	2.37268458352374
1.66	6	2	1.38461538461538	0	0	0.555310148422778	1	2.77555756156289e-17	1.525169632	0.321401682	2.37268458352374
1.67	6	2	1.38461538461538	0	0	0.555310148422778	1	0	1.525169632	0.321401682	2.37268458352374
1.68	6	2	1.38461538461538	0	0	0.555310148422778	1	2.77555756156289e-17	1.525169632	0.321401682	2.37268458352374
1.69	6	2	1.38461538461538	0	0	0.555310148422778	1	2.77555756156289e-17	1.525169632	0.321401682	2.37268458352374
1.7	6	2	1.38461538461538	0	0	0.555310148422778	1	0	1.525169632	0.321401682	2.37268458352374
1.71	6	2	1.38461538461538	0	0	0.555310148422778	1	0	1.525169632	0.321401682	2.37268458352374
1.72	6	2	1.38461538461538	0	0	0.555310148422778	1	0	1.525169632	0.321401682	2.37268458352374
1.73	6	2	1.38461538461538	0	0	0.555310148422778	1	2.77555756156289e-17	1.525169632	0.321401682	2.37268458352374
1.74	6	2	1.38461538461538	0	0	0.555310148422778	1	0	1.525169632	0.321401682	2.37268458352374
1.75	6	2	1.38461538461538	0	0	0.555310148422778	1	0	1.525169632	0.321401682	2.37268458352374
1.76	6	2	1.38461538461538	0	0	0.555310148422778	1	2.77555756156289e-17	1.525169632	0.321401682	2.37268458352374
1.77	6	2	1.38461538461538	0	0	0.555310148422778	1	0	1.525169632	0.321401682	2.37268458352374
1.78	6	2	1.38461538461538	0	0	0.555310148422778	1	2.77555756156289e-17	1.525169632	0.321401682	2.37268458352374
1.79	6	2	1.38461538461538	0	0	0.555310148422778	1	0	1.525169632	0.321401682	2.37268458352374
1.8	6	1	1	0	0	1	0	-1	0	0.936925453333334	1.06732077396581
