#dist_cut	num_seqs	num_clusters	num_clusters(recip_simpson_index)	avg_intra_clust_phylo_dist_phylum(norm_shannon_index)	avg_inter_clust_phylo_dist_phylum(norm_shannon_index)	avg_intra_clust_phylo_dist_order(norm_shannon_index)	avg_inter_clust_phylo_dist_order(norm_shannon_index)	avg_silhouette_width	avg_inter_clust_dist	avg_intra_clust_dist	dunn_index
0	17	17	17	0	0.356043245729531	0	0.322112467364142	1	1.55048045	0	0.1349283
0.01	17	17	17	0	0.356043245729531	0	0.322112467364142	1	1.55048045	0	0.1349283
0.02	17	17	17	0	0.356043245729531	0	0.322112467364142	1	1.55048045	0	0.1349283
0.03	17	17	17	0	0.356043245729531	0	0.322112467364142	1	1.55048045	0	0.1349283
0.04	17	17	17	0	0.356043245729531	0	0.322112467364142	1	1.55048045	0	0.1349283
0.05	17	17	17	0	0.356043245729531	0	0.322112467364142	1	1.55048045	0	0.1349283
0.06	17	17	17	0	0.356043245729531	0	0.322112467364142	1	1.55048045	0	0.1349283
0.07	17	17	17	0	0.356043245729531	0	0.322112467364142	1	1.55048045	0	0.1349283
0.08	17	17	17	0	0.356043245729531	0	0.322112467364142	1	1.55048045	0	0.1349283
0.09	17	17	17	0	0.356043245729531	0	0.322112467364142	1	1.55048045	0	0.1349283
0.1	17	17	17	0	0.356043245729531	0	0.322112467364142	1	1.55048045	0	0.1349283
0.11	17	17	17	0	0.356043245729531	0	0.322112467364142	1	1.55048045	0	0.1349283
0.12	17	17	17	0	0.356043245729531	0	0.322112467364142	1	1.55048045	0	0.1349283
0.13	17	17	17	0	0.356043245729531	0	0.322112467364142	1	1.55048045	0	0.1349283
0.14	17	16	15.2105263157895	0	0.375355382335357	0	0.335809849365962	0.875	1.61052923258333	0.00843301875	1.20581160512657
0.15	17	16	15.2105263157895	0	0.375355382335357	0	0.335809849365962	0.875	1.61052923258333	0.00843301875	1.20581160512657
0.16	17	16	15.2105263157895	0	0.375355382335357	0	0.335809849365962	0.875	1.61052923258333	0.00843301875	1.20581160512657
0.17	17	15	13.7619047619048	0	0.396794384202568	0	0.350353031298167	0.835315415317648	1.67819762866667	0.0198417606666667	1.24810730745428
0.18	17	15	13.7619047619048	0	0.396794384202568	0	0.350353031298167	0.835315415317648	1.67819762866667	0.0198417606666667	1.24810730745428
0.19	17	14	11.56	0	0.419836214127387	0	0.364778160251581	0.823986484799227	1.74694565067766	0.0247166902380952	1.10761222418652
0.2	17	14	11.56	0	0.419836214127387	0	0.364778160251581	0.823986484799227	1.74694565067766	0.0247166902380952	1.10761222418652
0.21	17	13	10.7037037037037	0	0.446485383931013	0	0.380573063401103	0.757562594849863	1.82410510641026	0.0422383356410256	1.28765388568274
0.22	17	13	10.7037037037037	0	0.446485383931013	0	0.380573063401103	0.757562594849863	1.82410510641026	0.0422383356410256	1.28765388568274
0.23	17	13	10.7037037037037	0	0.446485383931013	0	0.380573063401103	0.757562594849863	1.82410510641026	0.0422383356410256	1.28765388568274
0.24	17	13	10.7037037037037	0	0.446485383931013	0	0.380573063401103	0.757562594849863	1.82410510641026	0.0422383356410256	1.28765388568274
0.25	17	13	10.7037037037037	0	0.446485383931013	0	0.380573063401103	0.761442095244133	1.82410510641026	0.0422383356410256	1.28765388568274
0.26	17	13	10.7037037037037	0	0.446485383931013	0	0.380573063401103	0.761442095244133	1.82410510641026	0.0422383356410256	1.28765388568274
0.27	17	11	7.81081081081081	0	0.508444071499885	0	0.410136707137876	0.754964887614971	1.93165999675758	0.0640713977272727	1.32292297737029
0.28	17	11	7.81081081081081	0	0.508444071499885	0	0.410136707137876	0.754964887614971	1.93165999675758	0.0640713977272727	1.32292297737029
0.29	17	11	7.81081081081081	0	0.508444071499885	0	0.410136707137876	0.754964887614971	1.93165999675758	0.0640713977272727	1.32292297737029
0.3	17	11	7.81081081081081	0	0.508444071499885	0	0.410136707137876	0.754964887614971	1.93165999675758	0.0640713977272727	1.32292297737029
0.31	17	11	7.81081081081081	0	0.508444071499885	0	0.410136707137876	0.754964887614971	1.93165999675758	0.0640713977272727	1.32292297737029
0.32	17	10	4.73770491803279	0	0.552728679887548	0	0.429914362571481	0.781366970978316	2.03285036249206	0.0567151106190476	1.14549195708959
0.33	17	8	3.17582417582418	0	0.65685190642796	0	0.450507207684037	0.72667564998344	2.25504712875	0.0749758330555556	2.31865771279923
0.34	17	8	3.17582417582418	0	0.65685190642796	0	0.450507207684037	0.72667564998344	2.25504712875	0.0749758330555555	2.31865771279923
0.35	17	8	3.17582417582418	0	0.65685190642796	0	0.450507207684037	0.72667564998344	2.25504712875	0.0749758330555556	2.31865771279923
0.36	17	8	3.17582417582418	0	0.65685190642796	0	0.450507207684037	0.72667564998344	2.25504712875	0.0749758330555556	2.31865771279923
0.37	17	8	3.17582417582418	0	0.65685190642796	0	0.450507207684037	0.72667564998344	2.25504712875	0.0749758330555556	2.31865771279923
0.38	17	8	3.17582417582418	0	0.65685190642796	0	0.450507207684037	0.72667564998344	2.25504712875	0.0749758330555556	2.31865771279923
0.39	17	8	3.17582417582418	0	0.65685190642796	0	0.450507207684037	0.72667564998344	2.25504712875	0.0749758330555556	2.31865771279923
0.4	17	8	3.17582417582418	0	0.65685190642796	0	0.450507207684037	0.72667564998344	2.25504712875	0.0749758330555555	2.31865771279923
0.41	17	8	3.17582417582418	0	0.65685190642796	0	0.450507207684037	0.726675649983441	2.25504712875	0.0749758330555556	2.31865771279923
0.42	17	8	3.17582417582418	0	0.65685190642796	0	0.450507207684037	0.72667564998344	2.25504712875	0.0749758330555556	2.31865771279923
0.43	17	8	3.17582417582418	0	0.65685190642796	0	0.450507207684037	0.726675649983441	2.25504712875	0.0749758330555556	2.31865771279923
0.44	17	8	3.17582417582418	0	0.65685190642796	0	0.450507207684037	0.72667564998344	2.25504712875	0.0749758330555556	2.31865771279923
0.45	17	8	3.17582417582418	0	0.65685190642796	0	0.450507207684037	0.726675649983441	2.25504712875	0.0749758330555556	2.31865771279923
0.46	17	8	3.17582417582418	0	0.65685190642796	0	0.450507207684037	0.726675649983441	2.25504712875	0.0749758330555556	2.31865771279923
0.47	17	8	3.17582417582418	0	0.65685190642796	0	0.450507207684037	0.72667564998344	2.25504712875	0.0749758330555556	2.31865771279923
0.48	17	8	3.17582417582418	0	0.65685190642796	0	0.450507207684037	0.72667564998344	2.25504712875	0.0749758330555556	2.31865771279923
0.49	17	8	3.17582417582418	0	0.65685190642796	0	0.450507207684037	0.72667564998344	2.25504712875	0.0749758330555556	2.31865771279923
0.5	17	8	3.17582417582418	0	0.65685190642796	0	0.450507207684037	0.726675649983441	2.25504712875	0.0749758330555556	2.31865771279923
0.51	17	8	3.17582417582418	0	0.65685190642796	0	0.450507207684037	0.726675649983441	2.25504712875	0.0749758330555556	2.31865771279923
0.52	17	8	3.17582417582418	0	0.65685190642796	0	0.450507207684037	0.72667564998344	2.25504712875	0.0749758330555556	2.31865771279923
0.53	17	8	3.17582417582418	0	0.65685190642796	0	0.450507207684037	0.72667564998344	2.25504712875	0.0749758330555556	2.31865771279923
0.54	17	8	3.17582417582418	0	0.65685190642796	0	0.450507207684037	0.726675649983441	2.25504712875	0.0749758330555556	2.31865771279923
0.55	17	8	3.17582417582418	0	0.65685190642796	0	0.450507207684037	0.72667564998344	2.25504712875	0.0749758330555556	2.31865771279923
0.56	17	8	3.17582417582418	0	0.65685190642796	0	0.450507207684037	0.72667564998344	2.25504712875	0.0749758330555556	2.31865771279923
0.57	17	8	3.17582417582418	0	0.65685190642796	0	0.450507207684037	0.72667564998344	2.25504712875	0.0749758330555555	2.31865771279923
0.58	17	8	3.17582417582418	0	0.65685190642796	0	0.450507207684037	0.72667564998344	2.25504712875	0.0749758330555556	2.31865771279923
0.59	17	8	3.17582417582418	0	0.65685190642796	0	0.450507207684037	0.72667564998344	2.25504712875	0.0749758330555556	2.31865771279923
0.6	17	8	3.17582417582418	0	0.65685190642796	0	0.450507207684037	0.72667564998344	2.25504712875	0.0749758330555556	2.31865771279923
0.61	17	8	3.17582417582418	0	0.65685190642796	0	0.450507207684037	0.726675649983441	2.25504712875	0.0749758330555556	2.31865771279923
0.62	17	8	3.17582417582418	0	0.65685190642796	0	0.450507207684037	0.72667564998344	2.25504712875	0.0749758330555556	2.31865771279923
0.63	17	8	3.17582417582418	0	0.65685190642796	0	0.450507207684037	0.726675649983441	2.25504712875	0.0749758330555556	2.31865771279923
0.64	17	8	3.17582417582418	0	0.65685190642796	0	0.450507207684037	0.726675649983441	2.25504712875	0.0749758330555556	2.31865771279923
0.65	17	8	3.17582417582418	0	0.65685190642796	0	0.450507207684037	0.72667564998344	2.25504712875	0.0749758330555556	2.31865771279923
0.66	17	8	3.17582417582418	0	0.65685190642796	0	0.450507207684037	0.726675649983441	2.25504712875	0.0749758330555556	2.31865771279923
0.67	17	8	3.17582417582418	0	0.65685190642796	0	0.450507207684037	0.72667564998344	2.25504712875	0.0749758330555556	2.31865771279923
0.68	17	7	2.65137614678899	0	0.722652743276251	0.0362353237838054	0.497939812778231	0.687532434035803	2.37184483866667	0.0984335507936508	2.45689273204838
0.69	17	7	2.65137614678899	0	0.722652743276251	0.0362353237838054	0.497939812778231	0.687532434035803	2.37184483866667	0.0984335507936508	2.45689273204838
0.7	17	7	2.65137614678899	0	0.722652743276251	0.0362353237838054	0.497939812778231	0.687532434035803	2.37184483866667	0.0984335507936508	2.45689273204838
0.71	17	7	2.65137614678899	0	0.722652743276251	0.0362353237838054	0.497939812778231	0.687532434035803	2.37184483866667	0.0984335507936508	2.45689273204838
0.72	17	7	2.65137614678899	0	0.722652743276251	0.0362353237838054	0.497939812778231	0.687532434035803	2.37184483866667	0.0984335507936508	2.45689273204838
0.73	17	7	2.65137614678899	0	0.722652743276251	0.0362353237838054	0.497939812778231	0.687532434035803	2.37184483866667	0.0984335507936508	2.45689273204838
0.74	17	7	2.65137614678899	0	0.722652743276251	0.0362353237838054	0.497939812778231	0.687532434035803	2.37184483866667	0.0984335507936508	2.45689273204838
0.75	17	7	2.65137614678899	0	0.722652743276251	0.0362353237838054	0.497939812778231	0.687532434035803	2.37184483866667	0.0984335507936508	2.45689273204838
0.76	17	7	2.65137614678899	0	0.722652743276251	0.0362353237838054	0.497939812778231	0.687532434035803	2.37184483866667	0.0984335507936508	2.45689273204838
0.77	17	7	2.65137614678899	0	0.722652743276251	0.0362353237838054	0.497939812778231	0.687532434035803	2.37184483866667	0.0984335507936508	2.45689273204838
0.78	17	7	2.65137614678899	0	0.722652743276251	0.0362353237838054	0.497939812778231	0.687532434035803	2.37184483866667	0.0984335507936508	2.45689273204838
0.79	17	7	2.65137614678899	0	0.722652743276251	0.0362353237838054	0.497939812778231	0.687532434035803	2.37184483866667	0.0984335507936508	2.45689273204838
0.8	17	7	2.65137614678899	0	0.722652743276251	0.0362353237838054	0.497939812778231	0.687532434035803	2.37184483866667	0.0984335507936508	2.45689273204838
0.81	17	7	2.65137614678899	0	0.722652743276251	0.0362353237838054	0.497939812778231	0.687532434035803	2.37184483866667	0.0984335507936508	2.45689273204838
0.820000000000001	17	7	2.65137614678899	0	0.722652743276251	0.0362353237838054	0.497939812778231	0.687532434035803	2.37184483866667	0.0984335507936508	2.45689273204838
0.830000000000001	17	7	2.65137614678899	0	0.722652743276251	0.0362353237838054	0.497939812778231	0.687532434035803	2.37184483866667	0.0984335507936508	2.45689273204838
0.840000000000001	17	7	2.65137614678899	0	0.722652743276251	0.0362353237838054	0.497939812778231	0.687532434035803	2.37184483866667	0.0984335507936508	2.45689273204838
0.850000000000001	17	7	2.65137614678899	0	0.722652743276251	0.0362353237838054	0.497939812778231	0.687532434035803	2.37184483866667	0.0984335507936508	2.45689273204838
0.860000000000001	17	7	2.65137614678899	0	0.722652743276251	0.0362353237838054	0.497939812778231	0.687532434035803	2.37184483866667	0.0984335507936508	2.45689273204838
0.870000000000001	17	7	2.65137614678899	0	0.722652743276251	0.0362353237838054	0.497939812778231	0.687532434035803	2.37184483866667	0.0984335507936508	2.45689273204838
0.880000000000001	17	7	2.65137614678899	0	0.722652743276251	0.0362353237838054	0.497939812778231	0.687532434035803	2.37184483866667	0.0984335507936508	2.45689273204838
0.890000000000001	17	7	2.65137614678899	0	0.722652743276251	0.0362353237838054	0.497939812778231	0.687532434035803	2.37184483866667	0.0984335507936508	2.45689273204838
0.900000000000001	17	7	2.65137614678899	0	0.722652743276251	0.0362353237838054	0.497939812778231	0.687532434035803	2.37184483866667	0.0984335507936508	2.45689273204838
0.910000000000001	17	7	2.65137614678899	0	0.722652743276251	0.0362353237838054	0.497939812778231	0.687532434035803	2.37184483866667	0.0984335507936508	2.45689273204838
0.920000000000001	17	7	2.65137614678899	0	0.722652743276251	0.0362353237838054	0.497939812778231	0.687532434035803	2.37184483866667	0.0984335507936508	2.45689273204838
0.930000000000001	17	7	2.65137614678899	0	0.722652743276251	0.0362353237838054	0.497939812778231	0.687532434035803	2.37184483866667	0.0984335507936508	2.45689273204838
0.940000000000001	17	7	2.65137614678899	0	0.722652743276251	0.0362353237838054	0.497939812778231	0.687532434035803	2.37184483866667	0.0984335507936508	2.45689273204838
0.950000000000001	17	7	2.65137614678899	0	0.722652743276251	0.0362353237838054	0.497939812778231	0.687532434035803	2.37184483866667	0.0984335507936508	2.45689273204838
0.960000000000001	17	7	2.65137614678899	0	0.722652743276251	0.0362353237838054	0.497939812778231	0.687532434035803	2.37184483866667	0.0984335507936508	2.45689273204838
0.970000000000001	17	7	2.65137614678899	0	0.722652743276251	0.0362353237838054	0.497939812778231	0.687532434035803	2.37184483866667	0.0984335507936508	2.45689273204838
0.980000000000001	17	7	2.65137614678899	0	0.722652743276251	0.0362353237838054	0.497939812778231	0.687532434035803	2.37184483866667	0.0984335507936508	2.45689273204838
0.990000000000001	17	7	2.65137614678899	0	0.722652743276251	0.0362353237838054	0.497939812778231	0.687532434035803	2.37184483866667	0.0984335507936508	2.45689273204838
1	17	7	2.65137614678899	0	0.722652743276251	0.0362353237838054	0.497939812778231	0.687532434035803	2.37184483866667	0.0984335507936508	2.45689273204838
1.01	17	7	2.65137614678899	0	0.722652743276251	0.0362353237838054	0.497939812778231	0.687532434035803	2.37184483866667	0.0984335507936508	2.45689273204838
1.02	17	7	2.65137614678899	0	0.722652743276251	0.0362353237838054	0.497939812778231	0.687532434035803	2.37184483866667	0.0984335507936508	2.45689273204838
1.03	17	7	2.65137614678899	0	0.722652743276251	0.0362353237838054	0.497939812778231	0.687532434035803	2.37184483866667	0.0984335507936508	2.45689273204838
1.04	17	7	2.65137614678899	0	0.722652743276251	0.0362353237838054	0.497939812778231	0.687532434035803	2.37184483866667	0.0984335507936508	2.45689273204838
1.05	17	6	2.55752212389381	0	0.781159516874929	0.125048324281395	0.58541887782556	0.568451176030574	2.42476512811111	0.202504322037037	1.71891056221289
1.06	17	6	2.55752212389381	0	0.781159516874929	0.125048324281395	0.58541887782556	0.568451176030574	2.42476512811111	0.202504322037037	1.71891056221289
1.07	17	6	2.55752212389381	0	0.781159516874929	0.125048324281395	0.58541887782556	0.568451176030574	2.42476512811111	0.202504322037037	1.71891056221289
1.08	17	6	2.55752212389381	0	0.781159516874929	0.125048324281395	0.58541887782556	0.568451176030574	2.42476512811111	0.202504322037037	1.71891056221289
1.09	17	6	2.55752212389381	0	0.781159516874929	0.125048324281395	0.58541887782556	0.568451176030574	2.42476512811111	0.202504322037037	1.71891056221289
1.1	17	6	2.55752212389381	0	0.781159516874929	0.125048324281395	0.58541887782556	0.568451176030574	2.42476512811111	0.202504322037037	1.71891056221289
1.11	17	6	2.55752212389381	0	0.781159516874929	0.125048324281395	0.58541887782556	0.568451176030574	2.42476512811111	0.202504322037037	1.71891056221289
1.12	17	6	2.55752212389381	0	0.781159516874929	0.125048324281395	0.58541887782556	0.568451176030574	2.42476512811111	0.202504322037037	1.71891056221289
1.13	17	6	2.55752212389381	0	0.781159516874929	0.125048324281395	0.58541887782556	0.568451176030574	2.42476512811111	0.202504322037037	1.71891056221289
1.14	17	6	2.55752212389381	0	0.781159516874929	0.125048324281395	0.58541887782556	0.568451176030574	2.42476512811111	0.202504322037037	1.71891056221289
1.15	17	6	2.55752212389381	0	0.781159516874929	0.125048324281395	0.58541887782556	0.568451176030574	2.42476512811111	0.202504322037037	1.71891056221289
1.16	17	6	2.55752212389381	0	0.781159516874929	0.125048324281395	0.58541887782556	0.568451176030575	2.42476512811111	0.202504322037037	1.71891056221289
1.17	17	6	2.55752212389381	0	0.781159516874929	0.125048324281395	0.58541887782556	0.568451176030574	2.42476512811111	0.202504322037037	1.71891056221289
1.18	17	6	2.55752212389381	0	0.781159516874929	0.125048324281395	0.58541887782556	0.568451176030574	2.42476512811111	0.202504322037037	1.71891056221289
1.19	17	6	2.55752212389381	0	0.781159516874929	0.125048324281395	0.58541887782556	0.568451176030574	2.42476512811111	0.202504322037037	1.71891056221289
1.2	17	6	2.55752212389381	0	0.781159516874929	0.125048324281395	0.58541887782556	0.568451176030575	2.42476512811111	0.202504322037037	1.71891056221289
1.21	17	6	2.55752212389381	0	0.781159516874929	0.125048324281395	0.58541887782556	0.568451176030574	2.42476512811111	0.202504322037037	1.71891056221289
1.22	17	6	2.55752212389381	0	0.781159516874929	0.125048324281395	0.58541887782556	0.568451176030574	2.42476512811111	0.202504322037037	1.71891056221289
1.23	17	6	2.55752212389381	0	0.781159516874929	0.125048324281395	0.58541887782556	0.568451176030574	2.42476512811111	0.202504322037037	1.71891056221289
1.24	17	6	2.55752212389381	0	0.781159516874929	0.125048324281395	0.58541887782556	0.568451176030574	2.42476512811111	0.202504322037037	1.71891056221289
1.25	17	6	2.55752212389381	0	0.781159516874929	0.125048324281395	0.58541887782556	0.568451176030574	2.42476512811111	0.202504322037037	1.71891056221289
1.26	17	6	2.55752212389381	0	0.781159516874929	0.125048324281395	0.58541887782556	0.568451176030574	2.42476512811111	0.202504322037037	1.71891056221289
1.27	17	6	2.55752212389381	0	0.781159516874929	0.125048324281395	0.58541887782556	0.568451176030574	2.42476512811111	0.202504322037037	1.71891056221289
1.28	17	6	2.55752212389381	0	0.781159516874929	0.125048324281395	0.58541887782556	0.568451176030574	2.42476512811111	0.202504322037037	1.71891056221289
1.29	17	5	1.67052023121387	0	0.89697078224274	0.0836371427169866	0.56013415970688	0.6	2.40297320153846	0.159513138564102	2.03773813822475
1.3	17	5	1.67052023121387	0	0.89697078224274	0.0836371427169866	0.56013415970688	0.6	2.40297320153846	0.159513138564102	2.03773813822475
1.31	17	5	1.67052023121387	0	0.89697078224274	0.0836371427169866	0.56013415970688	0.6	2.40297320153846	0.159513138564102	2.03773813822475
1.32	17	5	1.67052023121387	0	0.89697078224274	0.0836371427169866	0.56013415970688	0.6	2.40297320153846	0.159513138564102	2.03773813822475
1.33	17	5	1.67052023121387	0	0.89697078224274	0.0836371427169866	0.56013415970688	0.6	2.40297320153846	0.159513138564102	2.03773813822475
1.34	17	5	1.67052023121387	0	0.89697078224274	0.0836371427169866	0.56013415970688	0.6	2.40297320153846	0.159513138564102	2.03773813822475
1.35	17	5	1.67052023121387	0	0.89697078224274	0.0836371427169866	0.56013415970688	0.6	2.40297320153846	0.159513138564102	2.03773813822475
1.36	17	5	1.67052023121387	0	0.89697078224274	0.0836371427169866	0.56013415970688	0.6	2.40297320153846	0.159513138564102	2.03773813822475
1.37	17	5	1.67052023121387	0	0.89697078224274	0.0836371427169866	0.56013415970688	0.6	2.40297320153846	0.159513138564102	2.03773813822475
1.38	17	5	1.67052023121387	0	0.89697078224274	0.0836371427169866	0.56013415970688	0.6	2.40297320153846	0.159513138564102	2.03773813822475
1.39	17	5	1.67052023121387	0	0.89697078224274	0.0836371427169866	0.56013415970688	0.6	2.40297320153846	0.159513138564102	2.03773813822475
1.4	17	5	1.67052023121387	0	0.89697078224274	0.0836371427169866	0.56013415970688	0.6	2.40297320153846	0.159513138564102	2.03773813822475
1.41	17	5	1.67052023121387	0	0.89697078224274	0.0836371427169866	0.56013415970688	0.6	2.40297320153846	0.159513138564102	2.03773813822475
1.42	17	5	1.67052023121387	0	0.89697078224274	0.0836371427169866	0.56013415970688	0.6	2.40297320153846	0.159513138564102	2.03773813822475
1.43	17	5	1.67052023121387	0	0.89697078224274	0.0836371427169866	0.56013415970688	0.6	2.40297320153846	0.159513138564102	2.03773813822475
1.44	17	5	1.67052023121387	0	0.89697078224274	0.0836371427169866	0.56013415970688	0.6	2.40297320153846	0.159513138564103	2.03773813822474
1.45	17	5	1.67052023121387	0	0.89697078224274	0.0836371427169866	0.56013415970688	0.6	2.40297320153846	0.159513138564102	2.03773813822475
1.46	17	5	1.67052023121387	0	0.89697078224274	0.0836371427169866	0.56013415970688	0.6	2.40297320153846	0.159513138564102	2.03773813822475
1.47	17	5	1.67052023121387	0	0.89697078224274	0.0836371427169866	0.56013415970688	0.6	2.40297320153846	0.159513138564102	2.03773813822475
1.48	17	5	1.67052023121387	0	0.89697078224274	0.0836371427169866	0.56013415970688	0.6	2.40297320153846	0.159513138564102	2.03773813822475
1.49	17	5	1.67052023121387	0	0.89697078224274	0.0836371427169866	0.56013415970688	0.6	2.40297320153846	0.159513138564102	2.03773813822475
1.5	17	5	1.67052023121387	0	0.89697078224274	0.0836371427169866	0.56013415970688	0.6	2.40297320153846	0.159513138564102	2.03773813822475
1.51	17	5	1.67052023121387	0	0.89697078224274	0.0836371427169866	0.56013415970688	0.6	2.40297320153846	0.159513138564102	2.03773813822475
1.52	17	5	1.67052023121387	0	0.89697078224274	0.0836371427169866	0.56013415970688	0.6	2.40297320153846	0.159513138564102	2.03773813822475
1.53	17	5	1.67052023121387	0	0.89697078224274	0.0836371427169866	0.56013415970688	0.6	2.40297320153846	0.159513138564102	2.03773813822475
1.54	17	5	1.67052023121387	0	0.89697078224274	0.0836371427169866	0.56013415970688	0.6	2.40297320153846	0.159513138564102	2.03773813822475
1.55	17	5	1.67052023121387	0	0.89697078224274	0.0836371427169866	0.56013415970688	0.6	2.40297320153846	0.159513138564103	2.03773813822474
1.56	17	5	1.67052023121387	0	0.89697078224274	0.0836371427169866	0.56013415970688	0.6	2.40297320153846	0.159513138564102	2.03773813822475
1.57	17	5	1.67052023121387	0	0.89697078224274	0.0836371427169866	0.56013415970688	0.6	2.40297320153846	0.159513138564102	2.03773813822475
1.58	17	5	1.67052023121387	0	0.89697078224274	0.0836371427169866	0.56013415970688	0.6	2.40297320153846	0.159513138564102	2.03773813822475
1.59	17	5	1.67052023121387	0	0.89697078224274	0.0836371427169866	0.56013415970688	0.6	2.40297320153846	0.159513138564102	2.03773813822475
1.6	17	5	1.67052023121387	0	0.89697078224274	0.0836371427169866	0.56013415970688	0.6	2.40297320153846	0.159513138564102	2.03773813822475
1.61	17	5	1.67052023121387	0	0.89697078224274	0.0836371427169866	0.56013415970688	0.6	2.40297320153846	0.159513138564102	2.03773813822475
1.62	17	5	1.67052023121387	0	0.89697078224274	0.0836371427169866	0.56013415970688	0.6	2.40297320153846	0.159513138564102	2.03773813822475
1.63	17	4	1.65142857142857	0.390499043703356	1.10064758702017	0.239754130746613	0.695721078665555	0.321036999526042	2.59740899442308	0.605698930705128	1.38138463082669
1.64	17	4	1.65142857142857	0.390499043703356	1.10064758702017	0.239754130746613	0.695721078665555	0.321036999526042	2.59740899442308	0.605698930705128	1.38138463082669
1.65	17	4	1.65142857142857	0.390499043703356	1.10064758702017	0.239754130746613	0.695721078665555	0.321036999526042	2.59740899442308	0.605698930705128	1.38138463082669
1.66	17	4	1.65142857142857	0.390499043703356	1.10064758702017	0.239754130746613	0.695721078665555	0.321036999526042	2.59740899442308	0.605698930705128	1.38138463082669
1.67	17	4	1.65142857142857	0.390499043703356	1.10064758702017	0.239754130746613	0.695721078665555	0.321036999526042	2.59740899442308	0.605698930705128	1.38138463082669
1.68	17	4	1.65142857142857	0.390499043703356	1.10064758702017	0.239754130746613	0.695721078665555	0.321036999526042	2.59740899442308	0.605698930705128	1.38138463082669
1.69	17	4	1.65142857142857	0.390499043703356	1.10064758702017	0.239754130746613	0.695721078665555	0.321036999526042	2.59740899442308	0.605698930705128	1.38138463082669
1.7	17	4	1.65142857142857	0.390499043703356	1.10064758702017	0.239754130746613	0.695721078665555	0.321036999526042	2.59740899442308	0.605698930705128	1.38138463082669
1.71	17	4	1.65142857142857	0.390499043703356	1.10064758702017	0.239754130746613	0.695721078665555	0.321036999526042	2.59740899442308	0.605698930705128	1.38138463082669
1.72	17	4	1.65142857142857	0.390499043703356	1.10064758702017	0.239754130746613	0.695721078665555	0.321036999526042	2.59740899442308	0.605698930705128	1.38138463082669
1.73	17	4	1.65142857142857	0.390499043703356	1.10064758702017	0.239754130746613	0.695721078665555	0.321036999526042	2.59740899442308	0.605698930705128	1.38138463082669
1.74	17	4	1.65142857142857	0.390499043703356	1.10064758702017	0.239754130746613	0.695721078665555	0.321036999526042	2.59740899442308	0.605698930705128	1.38138463082669
1.75	17	4	1.65142857142857	0.390499043703356	1.10064758702017	0.239754130746613	0.695721078665555	0.321036999526042	2.59740899442308	0.605698930705128	1.38138463082669
1.76	17	4	1.65142857142857	0.390499043703356	1.10064758702017	0.239754130746613	0.695721078665555	0.321036999526042	2.59740899442308	0.605698930705128	1.38138463082669
1.77	17	4	1.65142857142857	0.390499043703356	1.10064758702017	0.239754130746613	0.695721078665555	0.321036999526042	2.59740899442308	0.605698930705128	1.38138463082669
1.78	17	4	1.65142857142857	0.390499043703356	1.10064758702017	0.239754130746613	0.695721078665555	0.321036999526042	2.59740899442308	0.605698930705128	1.38138463082669
1.79	17	4	1.65142857142857	0.390499043703356	1.10064758702017	0.239754130746613	0.695721078665555	0.321036999526042	2.59740899442308	0.605698930705128	1.38138463082669
1.8	17	4	1.65142857142857	0.390499043703356	1.10064758702017	0.239754130746613	0.695721078665555	0.321036999526042	2.59740899442308	0.605698930705128	1.38138463082669
1.81	17	4	1.65142857142857	0.390499043703356	1.10064758702017	0.239754130746613	0.695721078665555	0.321036999526042	2.59740899442308	0.605698930705128	1.38138463082669
1.82	17	4	1.65142857142857	0.390499043703356	1.10064758702017	0.239754130746613	0.695721078665555	0.321036999526042	2.59740899442308	0.605698930705128	1.38138463082669
1.83	17	4	1.65142857142857	0.390499043703356	1.10064758702017	0.239754130746613	0.695721078665555	0.321036999526042	2.59740899442308	0.605698930705128	1.38138463082669
1.84	17	4	1.65142857142857	0.390499043703356	1.10064758702017	0.239754130746613	0.695721078665555	0.321036999526042	2.59740899442308	0.605698930705128	1.38138463082669
1.85	17	4	1.65142857142857	0.390499043703356	1.10064758702017	0.239754130746613	0.695721078665555	0.321036999526042	2.59740899442308	0.605698930705128	1.38138463082669
1.86	17	4	1.65142857142857	0.390499043703356	1.10064758702017	0.239754130746613	0.695721078665555	0.321036999526042	2.59740899442308	0.605698930705128	1.38138463082669
1.87	17	4	1.65142857142857	0.390499043703356	1.10064758702017	0.239754130746613	0.695721078665555	0.321036999526042	2.59740899442308	0.605698930705128	1.38138463082669
1.88	17	4	1.65142857142857	0.390499043703356	1.10064758702017	0.239754130746613	0.695721078665555	0.321036999526042	2.59740899442308	0.605698930705128	1.38138463082669
1.89	17	4	1.65142857142857	0.390499043703356	1.10064758702017	0.239754130746613	0.695721078665555	0.321036999526042	2.59740899442308	0.605698930705128	1.38138463082669
1.9	17	4	1.65142857142857	0.390499043703356	1.10064758702017	0.239754130746613	0.695721078665555	0.321036999526042	2.59740899442308	0.605698930705128	1.38138463082669
1.91	17	4	1.65142857142857	0.390499043703356	1.10064758702017	0.239754130746613	0.695721078665555	0.321036999526042	2.59740899442308	0.605698930705128	1.38138463082669
1.92	17	4	1.65142857142857	0.390499043703356	1.10064758702017	0.239754130746613	0.695721078665555	0.321036999526042	2.59740899442308	0.605698930705128	1.38138463082669
1.93	17	4	1.65142857142857	0.390499043703356	1.10064758702017	0.239754130746613	0.695721078665555	0.321036999526042	2.59740899442308	0.605698930705128	1.38138463082669
1.94	17	4	1.65142857142857	0.390499043703356	1.10064758702017	0.239754130746613	0.695721078665555	0.321036999526042	2.59740899442308	0.605698930705128	1.38138463082669
1.95	17	4	1.65142857142857	0.390499043703356	1.10064758702017	0.239754130746613	0.695721078665555	0.321036999526042	2.59740899442308	0.605698930705128	1.38138463082669
1.96	17	4	1.65142857142857	0.390499043703356	1.10064758702017	0.239754130746613	0.695721078665555	0.321036999526042	2.59740899442308	0.605698930705128	1.38138463082669
1.97	17	4	1.65142857142857	0.390499043703356	1.10064758702017	0.239754130746613	0.695721078665555	0.321036999526042	2.59740899442308	0.605698930705128	1.38138463082669
1.98	17	4	1.65142857142857	0.390499043703356	1.10064758702017	0.239754130746613	0.695721078665555	0.321036999526042	2.59740899442308	0.605698930705128	1.38138463082669
1.99	17	4	1.65142857142857	0.390499043703356	1.10064758702017	0.239754130746613	0.695721078665555	0.321036999526042	2.59740899442308	0.605698930705128	1.38138463082669
2	17	4	1.65142857142857	0.390499043703356	1.10064758702017	0.239754130746613	0.695721078665555	0.321036999526042	2.59740899442308	0.605698930705128	1.38138463082669
2.01	17	4	1.65142857142857	0.390499043703356	1.10064758702017	0.239754130746613	0.695721078665555	0.321036999526042	2.59740899442308	0.605698930705128	1.38138463082669
2.02	17	4	1.65142857142857	0.390499043703356	1.10064758702017	0.239754130746613	0.695721078665555	0.321036999526042	2.59740899442308	0.605698930705128	1.38138463082669
2.03	17	4	1.65142857142857	0.390499043703356	1.10064758702017	0.239754130746613	0.695721078665555	0.321036999526042	2.59740899442308	0.605698930705128	1.38138463082669
2.04	17	3	1.27312775330396	0.183981976546025	1.04437902385527	0.246974729329936	0.764965793781852	0.333333333333333	2.86398186266667	0.390178475936508	2.39682105073076
2.05	17	3	1.27312775330396	0.183981976546025	1.04437902385527	0.246974729329936	0.764965793781852	0.333333333333333	2.86398186266667	0.390178475936508	2.39682105073076
2.06	17	3	1.27312775330396	0.183981976546025	1.04437902385527	0.246974729329936	0.764965793781852	0.333333333333333	2.86398186266667	0.390178475936508	2.39682105073076
2.07	17	3	1.27312775330396	0.183981976546025	1.04437902385527	0.246974729329936	0.764965793781852	0.333333333333333	2.86398186266667	0.390178475936508	2.39682105073076
2.08	17	3	1.27312775330396	0.183981976546025	1.04437902385527	0.246974729329936	0.764965793781852	0.333333333333333	2.86398186266667	0.390178475936508	2.39682105073076
2.09	17	3	1.27312775330396	0.183981976546025	1.04437902385527	0.246974729329936	0.764965793781852	0.333333333333333	2.86398186266667	0.390178475936508	2.39682105073076
2.1	17	3	1.27312775330396	0.183981976546025	1.04437902385527	0.246974729329936	0.764965793781852	0.333333333333333	2.86398186266667	0.390178475936508	2.39682105073076
2.11	17	3	1.27312775330396	0.183981976546025	1.04437902385527	0.246974729329936	0.764965793781852	0.333333333333333	2.86398186266667	0.390178475936508	2.39682105073076
2.12	17	3	1.27312775330396	0.183981976546025	1.04437902385527	0.246974729329936	0.764965793781852	0.333333333333333	2.86398186266667	0.390178475936508	2.39682105073076
2.13	17	3	1.27312775330396	0.183981976546025	1.04437902385527	0.246974729329936	0.764965793781852	0.333333333333333	2.86398186266667	0.390178475936508	2.39682105073076
2.14	17	3	1.27312775330396	0.183981976546025	1.04437902385527	0.246974729329936	0.764965793781852	0.333333333333333	2.86398186266667	0.390178475936508	2.39682105073076
2.15	17	3	1.27312775330396	0.183981976546025	1.04437902385527	0.246974729329936	0.764965793781852	0.333333333333333	2.86398186266667	0.390178475936508	2.39682105073076
2.16	17	3	1.27312775330396	0.183981976546025	1.04437902385527	0.246974729329936	0.764965793781852	0.333333333333333	2.86398186266667	0.390178475936508	2.39682105073076
2.17	17	3	1.27312775330396	0.183981976546025	1.04437902385527	0.246974729329936	0.764965793781852	0.333333333333333	2.86398186266667	0.390178475936508	2.39682105073076
2.18	17	3	1.27312775330396	0.183981976546025	1.04437902385527	0.246974729329936	0.764965793781852	0.333333333333333	2.86398186266667	0.390178475936508	2.39682105073076
2.19	17	2	1.12451361867704	0.522147551447018	1	0.438516642986009	1	0	2.867228873125	0.687456996791666	2.08538780353261
2.2	17	2	1.12451361867704	0.522147551447018	1	0.438516642986009	1	0	2.867228873125	0.687456996791667	2.08538780353261
2.21	17	2	1.12451361867704	0.522147551447018	1	0.438516642986009	1	0	2.867228873125	0.687456996791667	2.08538780353261
2.22	17	2	1.12451361867704	0.522147551447018	1	0.438516642986009	1	0	2.867228873125	0.687456996791667	2.08538780353261
2.23	17	2	1.12451361867704	0.522147551447018	1	0.438516642986009	1	0	2.867228873125	0.687456996791667	2.08538780353261
2.24	17	2	1.12451361867704	0.522147551447018	1	0.438516642986009	1	0	2.867228873125	0.687456996791667	2.08538780353261
2.25	17	1	1	1	0	1	0	-1	0	1.55048045	0.644961373102125
