	0	0.01	0.02	0.03	0.04	0.05	0.06	0.07	0.08	0.09	0.1	0.11	0.12	0.13	0.14	0.15	0.16	0.17	0.18	0.19	0.2	0.21	0.22	0.23	0.24	0.25	0.26	0.27	0.28	0.29	0.3	0.31	0.32	0.33	0.34	0.35	0.36	0.37	0.38	0.39	0.4	0.41	0.42	0.43	0.44	0.45	0.46	0.47	0.48	0.49	0.5	0.51	0.52	0.53	0.54	0.55	0.56	0.57	0.58	0.59	0.6	0.61	0.62	0.63	0.64	0.65	0.66	0.67	0.68	0.69	0.7	0.71	0.72	0.73	0.74	0.75	0.76	0.77	0.78	0.79	0.8	0.81	0.820000000000001	0.830000000000001	0.840000000000001	0.850000000000001	0.860000000000001	0.870000000000001	0.880000000000001	0.890000000000001	0.900000000000001	0.910000000000001	0.920000000000001	0.930000000000001	0.940000000000001	0.950000000000001	0.960000000000001	0.970000000000001	0.980000000000001	0.990000000000001	1	1.01	1.02	1.03	1.04	1.05	1.06	1.07	1.08	1.09	1.1	1.11	1.12	1.13	1.14	1.15	1.16	1.17	1.18	1.19	1.2	1.21	1.22	1.23	1.24	1.25	1.26	1.27	1.28	1.29	1.3	1.31	1.32	1.33	1.34	1.35	1.36	1.37	1.38	1.39	1.4	1.41	1.42	1.43	1.44	1.45	1.46	1.47	1.48	1.49	1.5	1.51	1.52	1.53	1.54	1.55	1.56	1.57	1.58	1.59	1.6	1.61	1.62	1.63	1.64	1.65	1.66	1.67	1.68	1.69	1.7	1.71	1.72	1.73	1.74	1.75	1.76	1.77	1.78	1.79	1.8	1.81	1.82	1.83	1.84	1.85	1.86	1.87	1.88	1.89	1.9	1.91	1.92	1.93	1.94	1.95	1.96	1.97	1.98	1.99	2	2.01	2.02	2.03	2.04	2.05	2.06	2.07	2.08	
159044446	13	11	13	11	6	2	4	9	8	3	13	3	12	9	4	9	10	5	4	10	10	9	11	5	5	5	9	9	5	5	10	5	7	7	3	4	4	5	4	5	5	4	8	4	8	4	5	6	7	4	7	3	6	6	2	2	4	5	4	4	5	4	4	5	4	4	4	5	5	3	5	5	2	2	5	5	4	5	5	3	4	5	2	3	5	5	4	4	3	2	3	2	2	4	2	3	3	5	3	3	3	3	4	3	2	3	2	2	3	3	3	3	3	2	3	4	2	3	2	3	3	3	3	2	2	3	3	3	2	3	2	3	3	3	2	3	2	2	2	2	2	2	3	3	3	2	3	2	3	2	2	3	3	2	2	2	3	3	3	3	3	2	3	3	2	3	3	2	3	2	2	3	3	2	3	3	2	3	2	2	2	3	3	2	3	2	3	2	3	3	2	3	3	3	3	3	3	2	3	2	3	3	2	3	2	1	1	1	1
110833256	4	4	6	3	14	10	13	1	1	12	6	12	4	2	11	3	6	9	9	6	6	4	7	9	9	10	7	6	8	7	6	8	4	5	6	7	8	7	8	4	4	5	7	5	4	7	7	4	5	7	4	6	4	4	3	4	5	2	5	5	2	5	2	3	3	3	2	3	2	5	3	2	5	4	2	2	3	2	2	5	3	2	5	4	3	3	3	2	4	5	5	5	5	3	5	4	5	2	2	4	2	2	2	2	4	4	4	4	2	2	4	4	4	4	2	2	4	4	4	4	1	1	1	1	1	1	1	1	1	1	1	1	1	1	1	1	1	1	1	1	1	1	1	1	1	1	1	1	1	1	1	1	1	1	1	1	1	1	1	1	1	1	1	1	1	1	1	1	1	1	1	1	1	1	1	1	1	1	1	1	1	1	1	1	1	1	1	1	1	1	1	1	1	1	1	1	1	1	1	1	1	1	1	1	1	1	1	1	1
387892183	10	13	11	8	4	5	8	11	11	7	11	7	9	1	1	1	1	1	1	1	1	1	1	1	1	1	1	1	1	1	1	1	1	1	1	1	1	1	1	1	1	1	1	1	1	1	1	1	1	1	1	2	2	2	1	1	1	1	1	1	1	1	1	1	1	1	1	1	1	1	1	1	1	1	1	1	1	1	1	1	1	1	1	1	1	1	1	1	1	1	1	1	1	1	1	1	1	1	1	1	1	1	1	1	1	1	1	1	1	1	1	1	1	1	1	1	1	1	1	1	1	1	1	1	1	1	1	1	1	1	1	1	1	1	1	1	1	1	1	1	1	1	1	1	1	1	1	1	1	1	1	1	1	1	1	1	1	1	1	1	1	1	1	1	1	1	1	1	1	1	1	1	1	1	1	1	1	1	1	1	1	1	1	1	1	1	1	1	1	1	1	1	1	1	1	1	1	1	1	1	1	1	1	1	1	1	1	1	1
512616830	5	3	1	5	9	15	11	7	7	11	1	11	5	8	10	5	5	10	12	5	5	7	3	2	2	2	4	3	2	2	3	2	2	2	1	1	1	1	1	1	2	2	3	2	3	2	2	2	2	2	2	1	1	1	1	1	1	1	1	1	1	1	1	1	1	1	1	1	1	1	1	1	1	1	1	1	1	1	1	1	1	1	1	1	1	1	1	1	1	1	1	1	1	1	1	1	1	1	1	1	1	1	1	1	1	1	1	1	1	1	1	1	1	1	1	1	1	1	1	1	1	1	1	1	1	1	1	1	1	1	1	1	1	1	1	1	1	1	1	1	1	1	1	1	1	1	1	1	1	1	1	1	1	1	1	1	1	1	1	1	1	1	1	1	1	1	1	1	1	1	1	1	1	1	1	1	1	1	1	1	1	1	1	1	1	1	1	1	1	1	1	1	1	1	1	1	1	1	1	1	1	1	1	1	1	1	1	1	1
71734763	9	14	10	9	3	6	7	12	12	6	10	6	10	1	1	1	1	1	1	1	1	1	1	1	1	1	1	1	1	1	1	1	1	1	1	1	1	1	1	1	1	1	1	1	1	1	1	1	1	1	1	1	1	1	1	1	1	1	1	1	1	1	1	1	1	1	1	1	1	1	1	1	1	1	1	1	1	1	1	1	1	1	1	1	1	1	1	1	1	1	1	1	1	1	1	1	1	1	1	1	1	1	1	1	1	1	1	1	1	1	1	1	1	1	1	1	1	1	1	1	1	1	1	1	1	1	1	1	1	1	1	1	1	1	1	1	1	1	1	1	1	1	1	1	1	1	1	1	1	1	1	1	1	1	1	1	1	1	1	1	1	1	1	1	1	1	1	1	1	1	1	1	1	1	1	1	1	1	1	1	1	1	1	1	1	1	1	1	1	1	1	1	1	1	1	1	1	1	1	1	1	1	1	1	1	1	1	1	1
146306708	7	1	2	6	11	13	9	6	6	10	3	9	6	6	9	6	3	11	10	4	3	6	4	10	10	3	2	2	3	3	2	3	3	3	2	2	2	2	2	2	3	3	2	3	2	3	3	3	3	3	1	2	2	2	1	1	1	1	1	1	1	1	1	1	1	1	1	1	1	1	1	1	1	1	1	1	1	1	1	1	1	1	1	1	1	1	1	1	1	1	1	1	1	1	1	1	1	1	1	1	1	1	1	1	1	1	1	1	1	1	1	1	1	1	1	1	1	1	1	1	1	1	1	1	1	1	1	1	1	1	1	1	1	1	1	1	1	1	1	1	1	1	1	1	1	1	1	1	1	1	1	1	1	1	1	1	1	1	1	1	1	1	1	1	1	1	1	1	1	1	1	1	1	1	1	1	1	1	1	1	1	1	1	1	1	1	1	1	1	1	1	1	1	1	1	1	1	1	1	1	1	1	1	1	1	1	1	1	1
319789765	3	5	7	4	15	9	12	2	2	13	7	13	3	3	12	4	7	8	8	7	7	3	6	8	8	9	6	5	9	8	7	9	5	6	7	6	7	6	7	6	7	7	5	8	6	6	6	5	4	6	5	5	3	3	5	5	3	4	2	2	4	2	5	4	5	5	5	4	4	2	4	4	3	3	4	4	5	4	4	2	5	4	3	2	4	4	5	5	2	3	2	3	3	5	3	2	2	4	4	2	4	4	3	4	3	2	3	3	4	4	2	2	2	3	4	3	3	2	3	2	2	2	2	3	3	2	2	2	3	2	3	2	2	2	3	2	3	3	3	3	3	3	2	2	2	3	2	3	2	3	3	2	2	3	3	3	2	2	2	2	2	3	2	2	3	2	2	3	2	3	3	2	2	3	2	2	3	2	3	3	3	2	2	3	2	3	2	3	2	2	3	2	2	2	2	2	2	3	2	3	2	2	3	2	3	2	2	2	1
472327057	2	7	4	2	13	12	15	4	3	14	4	15	2	5	13	2	2	2	2	2	2	2	2	3	3	4	3	1	1	1	1	1	1	1	1	1	1	1	1	1	1	1	1	1	1	1	1	1	1	1	1	1	1	1	1	1	1	1	1	1	1	1	1	1	1	1	1	1	1	1	1	1	1	1	1	1	1	1	1	1	1	1	1	1	1	1	1	1	1	1	1	1	1	1	1	1	1	1	1	1	1	1	1	1	1	1	1	1	1	1	1	1	1	1	1	1	1	1	1	1	1	1	1	1	1	1	1	1	1	1	1	1	1	1	1	1	1	1	1	1	1	1	1	1	1	1	1	1	1	1	1	1	1	1	1	1	1	1	1	1	1	1	1	1	1	1	1	1	1	1	1	1	1	1	1	1	1	1	1	1	1	1	1	1	1	1	1	1	1	1	1	1	1	1	1	1	1	1	1	1	1	1	1	1	1	1	1	1	1
330501985	15	8	8	14	1	8	2	14	14	1	8	1	15	13	2	12	8	7	7	8	8	12	3	2	2	2	4	3	2	2	3	2	2	2	1	1	1	1	1	1	2	2	3	2	3	2	2	2	2	2	2	1	1	1	1	1	1	1	1	1	1	1	1	1	1	1	1	1	1	1	1	1	1	1	1	1	1	1	1	1	1	1	1	1	1	1	1	1	1	1	1	1	1	1	1	1	1	1	1	1	1	1	1	1	1	1	1	1	1	1	1	1	1	1	1	1	1	1	1	1	1	1	1	1	1	1	1	1	1	1	1	1	1	1	1	1	1	1	1	1	1	1	1	1	1	1	1	1	1	1	1	1	1	1	1	1	1	1	1	1	1	1	1	1	1	1	1	1	1	1	1	1	1	1	1	1	1	1	1	1	1	1	1	1	1	1	1	1	1	1	1	1	1	1	1	1	1	1	1	1	1	1	1	1	1	1	1	1	1
651869313	11	12	15	13	8	1	3	10	10	5	15	5	11	11	6	11	2	2	2	2	2	2	2	3	3	4	3	7	7	9	5	2	2	2	1	1	1	1	1	1	1	1	1	1	1	1	1	1	1	1	1	1	1	1	1	1	1	1	1	1	1	1	1	1	1	1	1	1	1	1	1	1	1	1	1	1	1	1	1	1	1	1	1	1	1	1	1	1	1	1	1	1	1	1	1	1	1	1	1	1	1	1	1	1	1	1	1	1	1	1	1	1	1	1	1	1	1	1	1	1	1	1	1	1	1	1	1	1	1	1	1	1	1	1	1	1	1	1	1	1	1	1	1	1	1	1	1	1	1	1	1	1	1	1	1	1	1	1	1	1	1	1	1	1	1	1	1	1	1	1	1	1	1	1	1	1	1	1	1	1	1	1	1	1	1	1	1	1	1	1	1	1	1	1	1	1	1	1	1	1	1	1	1	1	1	1	1	1	1
395445318	1	6	5	1	12	11	14	3	4	15	5	14	1	4	1	1	1	1	1	1	1	1	1	1	1	1	1	1	1	1	1	1	1	1	1	1	1	1	1	1	1	1	1	1	1	1	1	1	1	1	1	1	1	1	1	1	1	1	1	1	1	1	1	1	1	1	1	1	1	1	1	1	1	1	1	1	1	1	1	1	1	1	1	1	1	1	1	1	1	1	1	1	1	1	1	1	1	1	1	1	1	1	1	1	1	1	1	1	1	1	1	1	1	1	1	1	1	1	1	1	1	1	1	1	1	1	1	1	1	1	1	1	1	1	1	1	1	1	1	1	1	1	1	1	1	1	1	1	1	1	1	1	1	1	1	1	1	1	1	1	1	1	1	1	1	1	1	1	1	1	1	1	1	1	1	1	1	1	1	1	1	1	1	1	1	1	1	1	1	1	1	1	1	1	1	1	1	1	1	1	1	1	1	1	1	1	1	1	1
333902058	14	9	9	15	2	7	1	15	15	2	9	2	14	14	3	13	9	6	6	9	9	11	8	7	7	3	2	2	3	3	2	3	3	3	2	2	2	2	2	2	3	3	2	3	2	3	3	3	3	3	3	7	5	5	6	6	1	1	1	1	1	1	1	1	1	1	1	1	1	1	1	1	1	1	1	1	1	1	1	1	1	1	1	1	1	1	1	1	1	1	1	1	1	1	1	1	1	1	1	1	1	1	1	1	1	1	1	1	1	1	1	1	1	1	1	1	1	1	1	1	1	1	1	1	1	1	1	1	1	1	1	1	1	1	1	1	1	1	1	1	1	1	1	1	1	1	1	1	1	1	1	1	1	1	1	1	1	1	1	1	1	1	1	1	1	1	1	1	1	1	1	1	1	1	1	1	1	1	1	1	1	1	1	1	1	1	1	1	1	1	1	1	1	1	1	1	1	1	1	1	1	1	1	1	1	1	1	1	1
482897582	8	15	12	10	5	4	6	13	13	8	12	8	8	12	7	8	12	3	5	12	12	10	9	4	6	7	10	10	4	6	8	4	9	9	5	3	5	3	5	3	1	1	1	1	1	1	1	1	1	1	1	2	2	2	1	1	1	1	1	1	1	1	1	1	1	1	1	1	1	1	1	1	1	1	1	1	1	1	1	1	1	1	1	1	1	1	1	1	1	1	1	1	1	1	1	1	1	1	1	1	1	1	1	1	1	1	1	1	1	1	1	1	1	1	1	1	1	1	1	1	1	1	1	1	1	1	1	1	1	1	1	1	1	1	1	1	1	1	1	1	1	1	1	1	1	1	1	1	1	1	1	1	1	1	1	1	1	1	1	1	1	1	1	1	1	1	1	1	1	1	1	1	1	1	1	1	1	1	1	1	1	1	1	1	1	1	1	1	1	1	1	1	1	1	1	1	1	1	1	1	1	1	1	1	1	1	1	1	1
237808175	12	10	14	12	7	3	5	8	9	4	14	4	13	10	5	10	11	4	3	11	11	8	10	6	4	6	8	8	6	4	9	6	8	8	4	5	3	4	3	7	6	8	4	7	7	5	4	7	6	5	6	4	7	7	4	3	2	3	3	3	3	3	3	2	2	2	3	2	3	4	2	3	4	5	3	3	2	3	3	4	2	3	4	5	2	2	2	3	5	4	4	4	4	2	4	5	4	3	1	1	1	1	1	1	1	1	1	1	1	1	1	1	1	1	1	1	1	1	1	1	1	1	1	1	1	1	1	1	1	1	1	1	1	1	1	1	1	1	1	1	1	1	1	1	1	1	1	1	1	1	1	1	1	1	1	1	1	1	1	1	1	1	1	1	1	1	1	1	1	1	1	1	1	1	1	1	1	1	1	1	1	1	1	1	1	1	1	1	1	1	1	1	1	1	1	1	1	1	1	1	1	1	1	1	1	1	1	1	1
512619468	6	2	3	7	10	14	10	5	5	9	2	10	7	7	8	7	4	12	11	3	4	5	5	11	11	8	5	4	10	10	4	7	6	4	8	8	6	8	6	8	8	6	6	6	5	2	2	2	2	2	2	1	1	1	1	1	1	1	1	1	1	1	1	1	1	1	1	1	1	1	1	1	1	1	1	1	1	1	1	1	1	1	1	1	1	1	1	1	1	1	1	1	1	1	1	1	1	1	1	1	1	1	1	1	1	1	1	1	1	1	1	1	1	1	1	1	1	1	1	1	1	1	1	1	1	1	1	1	1	1	1	1	1	1	1	1	1	1	1	1	1	1	1	1	1	1	1	1	1	1	1	1	1	1	1	1	1	1	1	1	1	1	1	1	1	1	1	1	1	1	1	1	1	1	1	1	1	1	1	1	1	1	1	1	1	1	1	1	1	1	1	1	1	1	1	1	1	1	1	1	1	1	1	1	1	1	1	1	1
