#dist_cut	num_seqs	num_clusters	num_clusters(recip_simpson_index)	avg_intra_clust_phylo_dist_phylum(norm_shannon_index)	avg_inter_clust_phylo_dist_phylum(norm_shannon_index)	avg_intra_clust_phylo_dist_order(norm_shannon_index)	avg_inter_clust_phylo_dist_order(norm_shannon_index)	avg_silhouette_width	avg_inter_clust_dist	avg_intra_clust_dist	dunn_index
0	19	19	19	0	0	0	0.34648734563533	1	2.22411817274854	0	0.13419902
0.01	19	19	19	0	0	0	0.34648734563533	1	2.22411817274854	0	0.13419902
0.02	19	19	19	0	0	0	0.34648734563533	1	2.22411817274854	0	0.13419902
0.03	19	19	19	0	0	0	0.34648734563533	1	2.22411817274854	0	0.13419902
0.04	19	19	19	0	0	0	0.34648734563533	1	2.22411817274854	0	0.13419902
0.05	19	19	19	0	0	0	0.34648734563533	1	2.22411817274854	0	0.13419902
0.06	19	19	19	0	0	0	0.34648734563533	1	2.22411817274854	0	0.13419902
0.07	19	19	19	0	0	0	0.34648734563533	1	2.22411817274854	0	0.13419902
0.08	19	19	19	0	0	0	0.34648734563533	1	2.22411817274854	0	0.13419902
0.09	19	19	19	0	0	0	0.34648734563533	1	2.22411817274854	0	0.13419902
0.1	19	19	19	0	0	0	0.34648734563533	1	2.22411817274854	0	0.13419902
0.11	19	19	19	0	0	0	0.34648734563533	1	2.22411817274854	0	0.13419902
0.12	19	19	19	0	0	0	0.34648734563533	1	2.22411817274854	0	0.13419902
0.13	19	19	19	0	0	0	0.34648734563533	1	2.22411817274854	0	0.13419902
0.14	19	18	17.1904761904762	0	0	0	0.363313960082506	0.888888888888889	2.29942291078431	0.00745550111111111	1.12244195225867
0.15	19	18	17.1904761904762	0	0	0	0.363313960082506	0.888888888888889	2.29942291078431	0.00745550111111111	1.12244195225867
0.16	19	17	15.695652173913	0	0	0	0.381799527070628	0.871851074273177	2.37426071316176	0.0167546841176471	1.15672690962348
0.17	19	17	15.695652173913	0	0	0	0.381799527070628	0.872996030364337	2.37426071316177	0.0167546841176471	1.15672690962348
0.18	19	16	14.44	0	0	0	0.402186962254895	0.853700354414518	2.452058784625	0.028691756875	1.23187951938056
0.19	19	16	14.44	0	0	0	0.402186962254895	0.851892376400088	2.452058784625	0.028691756875	1.23187951938056
0.2	19	15	10.9393939393939	0	0	0	0.423700432132238	0.855956723413759	2.53080460485714	0.0220958496666667	1.33564713268147
0.21	19	15	10.9393939393939	0	0	0	0.423700432132238	0.855956723413759	2.53080460485714	0.0220958496666667	1.33564713268147
0.22	19	15	10.9393939393939	0	0	0	0.423700432132238	0.855956723413759	2.53080460485714	0.0220958496666667	1.33564713268148
0.23	19	15	10.9393939393939	0	0	0	0.423700432132238	0.855956723413759	2.53080460485714	0.0220958496666667	1.33564713268148
0.24	19	15	10.9393939393939	0	0	0	0.423700432132238	0.855956723413759	2.53080460485714	0.0220958496666667	1.33564713268148
0.25	19	15	10.9393939393939	0	0	0	0.423700432132238	0.855956723413759	2.53080460485714	0.0220958496666667	1.33564713268148
0.26	19	14	8.80487804878049	0	0	0	0.449004611954693	0.845875080349895	2.60043704556044	0.0255656278571429	1.22447475249952
0.27	19	14	8.80487804878049	0	0	0	0.449004611954693	0.845875080349895	2.60043704556044	0.0255656278571429	1.22447475249952
0.28	19	12	8.02222222222222	0	0	0	0.508103322209714	0.772112196090773	2.81904617951515	0.0759114141666667	1.46125689083631
0.29	19	12	8.02222222222222	0	0	0	0.508103322209714	0.779499964593569	2.81904617951515	0.0759114141666667	1.46125689083631
0.3	19	12	8.02222222222222	0	0	0	0.508103322209714	0.794896121982506	2.81904617951515	0.0759114141666667	1.46125689083631
0.31	19	11	6.56363636363636	0	0	0	0.544574362010422	0.774790455829423	2.89082343636364	0.0883908244848485	1.68084507134938
0.32	19	11	6.56363636363636	0	0	0	0.544574362010422	0.76729535494116	2.89082343636364	0.0883908244848485	1.68084507134938
0.33	19	11	6.56363636363636	0	0	0	0.544574362010422	0.751605267673366	2.89082343636364	0.0883908244848485	1.68084507134938
0.34	19	11	6.56363636363636	0	0	0	0.544574362010422	0.76729535494116	2.89082343636364	0.0883908244848485	1.68084507134938
0.35	19	11	6.56363636363636	0	0	0	0.544574362010422	0.751605267673366	2.89082343636364	0.0883908244848485	1.68084507134938
0.36	19	11	6.56363636363636	0	0	0	0.544574362010422	0.76729535494116	2.89082343636364	0.0883908244848485	1.68084507134938
0.37	19	11	6.56363636363636	0	0	0	0.544574362010422	0.774790455829422	2.89082343636364	0.0883908244848485	1.68084507134938
0.38	19	11	6.56363636363636	0	0	0	0.544574362010422	0.751605267673366	2.89082343636364	0.0883908244848485	1.68084507134938
0.39	19	11	6.56363636363636	0	0	0	0.544574362010422	0.751605267673366	2.89082343636364	0.0883908244848485	1.68084507134938
0.4	19	11	6.56363636363636	0	0	0	0.544574362010422	0.774790455829422	2.89082343636364	0.0883908244848485	1.68084507134938
0.41	19	11	6.56363636363636	0	0	0	0.544574362010422	0.774790455829423	2.89082343636364	0.0883908244848485	1.68084507134938
0.42	19	11	6.56363636363636	0	0	0	0.544574362010422	0.751605267673366	2.89082343636364	0.0883908244848485	1.68084507134938
0.43	19	11	6.56363636363636	0	0	0	0.544574362010422	0.751605267673366	2.89082343636364	0.0883908244848485	1.68084507134938
0.44	19	11	6.56363636363636	0	0	0	0.544574362010422	0.77683461054119	2.89082343636364	0.0883908244848485	1.68084507134938
0.45	19	11	6.56363636363636	0	0	0	0.544574362010422	0.77683461054119	2.89082343636364	0.0883908244848485	1.68084507134938
0.46	19	11	6.56363636363636	0	0	0	0.544574362010422	0.751605267673366	2.89082343636364	0.0883908244848485	1.68084507134938
0.47	19	11	6.56363636363636	0	0	0	0.544574362010422	0.77683461054119	2.89082343636364	0.0883908244848485	1.68084507134938
0.48	19	11	6.56363636363636	0	0	0	0.544574362010422	0.774790455829422	2.89082343636364	0.0883908244848485	1.68084507134938
0.49	19	11	6.56363636363636	0	0	0	0.544574362010422	0.76729535494116	2.89082343636364	0.0883908244848485	1.68084507134938
0.5	19	11	6.56363636363636	0	0	0	0.544574362010422	0.76729535494116	2.89082343636364	0.0883908244848485	1.68084507134938
0.51	19	11	6.56363636363636	0	0	0	0.544574362010422	0.774790455829422	2.89082343636364	0.0883908244848485	1.68084507134938
0.52	19	11	6.56363636363636	0	0	0	0.544574362010422	0.751605267673366	2.89082343636364	0.0883908244848485	1.68084507134938
0.53	19	11	6.56363636363636	0	0	0	0.544574362010422	0.76729535494116	2.89082343636364	0.0883908244848485	1.68084507134938
0.54	19	10	6.11864406779661	0	0	0	0.582301916300359	0.727422734395688	3.02037044077778	0.110912523266667	1.52998850633401
0.55	19	10	6.11864406779661	0	0	0	0.582301916300359	0.711577441768937	3.02037044077778	0.110912523266667	1.52998850633401
0.56	19	10	6.11864406779661	0	0	0	0.582301916300359	0.711577441768937	3.02037044077778	0.110912523266667	1.52998850633401
0.57	19	10	6.11864406779661	0	0	0	0.582301916300359	0.727422734395688	3.02037044077778	0.110912523266667	1.52998850633401
0.58	19	10	6.11864406779661	0	0	0	0.582301916300359	0.711577441768937	3.02037044077778	0.110912523266667	1.52998850633401
0.59	19	10	6.11864406779661	0	0	0	0.582301916300359	0.727422734395687	3.02037044077778	0.110912523266667	1.52998850633401
0.6	19	10	6.11864406779661	0	0	0	0.582301916300359	0.727422734395688	3.02037044077778	0.110912523266667	1.52998850633401
0.61	19	10	6.11864406779661	0	0	0	0.582301916300359	0.727422734395688	3.02037044077778	0.110912523266667	1.52998850633401
0.62	19	10	6.11864406779661	0	0	0	0.582301916300359	0.700367813668059	3.030904538	0.130416914266667	1.23913903881261
0.63	19	10	6.11864406779661	0	0	0	0.582301916300359	0.667910231666562	3.030904538	0.130416914266667	1.23913903881261
0.64	19	10	6.11864406779661	0	0	0	0.582301916300359	0.700367813668059	3.030904538	0.130416914266667	1.23913903881261
0.65	19	9	5.08450704225352	0	0	0	0.626349281329524	0.693226152846958	3.17462770644444	0.11976557037037	1.44020329119094
0.66	19	9	5.08450704225352	0	0	0	0.626349281329524	0.693226152846958	3.17462770644444	0.11976557037037	1.44020329119094
0.67	19	9	5.08450704225352	0	0	0	0.626349281329524	0.693226152846958	3.17462770644444	0.11976557037037	1.44020329119094
0.68	19	9	5.08450704225352	0	0	0	0.626349281329524	0.693226152846958	3.17462770644444	0.11976557037037	1.44020329119094
0.69	19	9	5.08450704225352	0	0	0	0.626349281329524	0.693226152846958	3.17462770644444	0.11976557037037	1.44020329119094
0.7	19	9	5.08450704225352	0	0	0	0.626349281329524	0.693226152846958	3.17462770644444	0.11976557037037	1.44020329119094
0.71	19	8	4.34939759036145	0	0	0	0.678572090207104	0.654439599086669	3.24820674339286	0.152414419190476	1.44020329119094
0.72	19	8	4.34939759036145	0	0	0	0.678572090207104	0.654439599086669	3.24820674339286	0.152414419190476	1.44020329119094
0.73	19	8	4.34939759036145	0	0	0	0.678572090207104	0.654439599086669	3.24820674339286	0.152414419190476	1.44020329119094
0.74	19	7	4.24705882352941	0	0	0	0.730367538799092	0.577039850446534	3.30405106227211	0.279884281931973	1.13162921615789
0.75	19	7	4.24705882352941	0	0	0	0.730367538799092	0.55880282411756	3.30405106227211	0.279884281931973	1.13162921615789
0.76	19	7	4.24705882352941	0	0	0	0.730367538799092	0.55880282411756	3.30405106227211	0.279884281931973	1.13162921615789
0.77	19	7	4.24705882352941	0	0	0	0.730367538799092	0.577039850446534	3.30405106227211	0.279884281931973	1.13162921615789
0.78	19	7	4.24705882352941	0	0	0	0.730367538799092	0.577039850446534	3.30405106227211	0.279884281931973	1.13162921615789
0.79	19	7	4.24705882352941	0	0	0	0.730367538799092	0.55880282411756	3.30405106227211	0.279884281931973	1.13162921615789
0.8	19	7	4.24705882352941	0	0	0	0.730367538799092	0.577039850446534	3.30405106227211	0.279884281931973	1.13162921615789
0.81	19	7	4.24705882352941	0	0	0	0.730367538799092	0.577039850446534	3.30405106227211	0.279884281931973	1.13162921615789
0.820000000000001	19	7	4.24705882352941	0	0	0	0.730367538799092	0.55880282411756	3.30405106227211	0.279884281931973	1.13162921615789
0.830000000000001	19	7	4.24705882352941	0	0	0	0.730367538799092	0.577039850446534	3.30405106227211	0.279884281931973	1.13162921615789
0.840000000000001	19	7	3.96703296703297	0	0	0	0.735462105428904	0.563890031307188	3.29530107919643	0.296526849982993	1.05992831511777
0.850000000000001	19	7	3.96703296703297	0	0	0	0.735462105428904	0.582059651503108	3.29530107919643	0.296526849982993	1.05992831511777
0.860000000000001	19	7	3.96703296703297	0	0	0	0.735462105428904	0.563890031307188	3.29530107919643	0.296526849982993	1.05992831511777
0.870000000000001	19	6	2.32903225806452	0	0	0	0.841416238416208	0.590329385840724	3.42776153194444	0.279416943257576	2.81301501575136
0.880000000000001	19	6	2.32903225806452	0	0	0	0.841416238416208	0.590329385840724	3.42776153194444	0.279416943257576	2.81301501575136
0.890000000000001	19	6	2.32903225806452	0	0	0	0.841416238416208	0.590329385840725	3.42776153194444	0.279416943257576	2.81301501575136
0.900000000000001	19	6	2.32903225806452	0	0	0	0.841416238416208	0.611302222500896	3.42776153194444	0.279416943257576	2.81301501575136
0.910000000000001	19	6	2.32903225806452	0	0	0	0.841416238416208	0.611302222500897	3.42776153194444	0.279416943257576	2.81301501575136
0.920000000000001	19	6	2.32903225806452	0	0	0	0.841416238416208	0.590329385840724	3.42776153194444	0.279416943257576	2.81301501575136
0.930000000000001	19	6	2.32903225806452	0	0	0	0.841416238416208	0.590329385840724	3.42776153194444	0.279416943257576	2.81301501575136
0.940000000000001	19	6	2.32903225806452	0	0	0	0.841416238416208	0.590329385840725	3.42776153194444	0.279416943257576	2.81301501575136
0.950000000000001	19	6	2.32903225806452	0	0	0	0.841416238416208	0.611302222500897	3.42776153194444	0.279416943257576	2.81301501575136
0.960000000000001	19	6	2.32903225806452	0	0	0	0.841416238416208	0.611302222500896	3.42776153194444	0.279416943257576	2.81301501575136
0.970000000000001	19	6	2.32903225806452	0	0	0	0.841416238416208	0.590329385840725	3.42776153194444	0.279416943257576	2.81301501575136
0.980000000000001	19	6	2.32903225806452	0	0	0	0.841416238416208	0.590329385840724	3.42776153194444	0.279416943257576	2.81301501575136
0.990000000000001	19	6	2.32903225806452	0	0	0	0.841416238416208	0.590329385840724	3.42776153194444	0.279416943257576	2.81301501575136
1	19	6	2.32903225806452	0	0	0	0.841416238416208	0.611302222500896	3.42776153194444	0.279416943257576	2.81301501575136
1.01	19	6	2.32903225806452	0	0	0	0.841416238416208	0.611302222500896	3.42776153194444	0.279416943257576	2.81301501575136
1.02	19	6	2.32903225806452	0	0	0	0.841416238416208	0.611302222500896	3.42776153194444	0.279416943257576	2.81301501575136
1.03	19	6	2.32903225806452	0	0	0	0.841416238416208	0.590329385840725	3.42776153194444	0.279416943257576	2.81301501575136
1.04	19	6	2.32903225806452	0	0	0	0.841416238416208	0.611302222500897	3.42776153194444	0.279416943257576	2.81301501575136
1.05	19	6	2.32903225806452	0	0	0	0.841416238416208	0.590329385840724	3.42776153194444	0.279416943257576	2.81301501575136
1.06	19	6	2.32903225806452	0	0	0	0.841416238416208	0.590329385840725	3.42776153194444	0.279416943257576	2.81301501575136
1.07	19	6	2.32903225806452	0	0	0	0.841416238416208	0.590329385840724	3.42776153194444	0.279416943257576	2.81301501575136
1.08	19	6	2.32903225806452	0	0	0	0.841416238416208	0.611302222500896	3.42776153194444	0.279416943257576	2.81301501575136
1.09	19	6	2.32903225806452	0	0	0	0.841416238416208	0.611302222500896	3.42776153194444	0.279416943257576	2.81301501575136
1.1	19	6	2.32903225806452	0	0	0	0.841416238416208	0.611302222500896	3.42776153194444	0.279416943257576	2.81301501575136
1.11	19	6	2.32903225806452	0	0	0	0.841416238416208	0.611302222500897	3.42776153194444	0.279416943257576	2.81301501575136
1.12	19	6	2.32903225806452	0	0	0	0.841416238416208	0.611302222500896	3.42776153194444	0.279416943257576	2.81301501575136
1.13	19	6	2.32903225806452	0	0	0	0.841416238416208	0.611302222500896	3.42776153194444	0.279416943257576	2.81301501575136
1.14	19	6	2.32903225806452	0	0	0	0.841416238416208	0.611302222500896	3.42776153194444	0.279416943257576	2.81301501575136
1.15	19	6	2.32903225806452	0	0	0	0.841416238416208	0.590329385840725	3.42776153194444	0.279416943257576	2.81301501575136
1.16	19	6	2.32903225806452	0	0	0	0.841416238416208	0.590329385840724	3.42776153194444	0.279416943257576	2.81301501575136
1.17	19	6	2.32903225806452	0	0	0	0.841416238416208	0.611302222500896	3.42776153194444	0.279416943257576	2.81301501575136
1.18	19	6	2.32903225806452	0	0	0	0.841416238416208	0.611302222500896	3.42776153194444	0.279416943257576	2.81301501575136
1.19	19	6	2.32903225806452	0	0	0	0.841416238416208	0.590329385840724	3.42776153194444	0.279416943257576	2.81301501575136
1.2	19	6	2.32903225806452	0	0	0	0.841416238416208	0.590329385840724	3.42776153194444	0.279416943257576	2.81301501575136
1.21	19	6	2.32903225806452	0	0	0	0.841416238416208	0.590329385840725	3.42776153194444	0.279416943257576	2.81301501575136
1.22	19	6	2.32903225806452	0	0	0	0.841416238416208	0.611302222500896	3.42776153194444	0.279416943257576	2.81301501575136
1.23	19	6	2.32903225806452	0	0	0	0.841416238416208	0.590329385840724	3.42776153194444	0.279416943257576	2.81301501575136
1.24	19	6	2.32903225806452	0	0	0	0.841416238416208	0.590329385840724	3.42776153194444	0.279416943257576	2.81301501575136
1.25	19	6	2.32903225806452	0	0	0	0.841416238416208	0.590329385840725	3.42776153194444	0.279416943257576	2.81301501575136
1.26	19	6	2.32903225806452	0	0	0	0.841416238416208	0.611302222500896	3.42776153194444	0.279416943257576	2.81301501575136
1.27	19	6	2.32903225806452	0	0	0	0.841416238416208	0.611302222500896	3.42776153194444	0.279416943257576	2.81301501575136
1.28	19	6	2.32903225806452	0	0	0	0.841416238416208	0.611302222500896	3.42776153194444	0.279416943257576	2.81301501575136
1.29	19	6	2.32903225806452	0	0	0	0.841416238416208	0.590329385840724	3.42776153194444	0.279416943257576	2.81301501575136
1.3	19	6	2.32903225806452	0	0	0	0.841416238416208	0.590329385840724	3.42776153194444	0.279416943257576	2.81301501575136
1.31	19	6	2.32903225806452	0	0	0	0.841416238416208	0.590329385840724	3.42776153194444	0.279416943257576	2.81301501575136
1.32	19	6	2.32903225806452	0	0	0	0.841416238416208	0.590329385840724	3.42776153194444	0.279416943257576	2.81301501575136
1.33	19	6	2.32903225806452	0	0	0	0.841416238416208	0.590329385840724	3.42776153194444	0.279416943257576	2.81301501575136
1.34	19	6	2.32903225806452	0	0	0	0.841416238416208	0.590329385840725	3.42776153194444	0.279416943257576	2.81301501575136
1.35	19	6	2.32903225806452	0	0	0	0.841416238416208	0.590329385840724	3.42776153194444	0.279416943257576	2.81301501575136
1.36	19	6	2.32903225806452	0	0	0	0.841416238416208	0.611302222500896	3.42776153194444	0.279416943257576	2.81301501575136
1.37	19	6	2.32903225806452	0	0	0	0.841416238416208	0.611302222500896	3.42776153194444	0.279416943257576	2.81301501575136
1.38	19	6	2.32903225806452	0	0	0	0.841416238416208	0.590329385840725	3.42776153194444	0.279416943257576	2.81301501575136
1.39	19	6	2.32903225806452	0	0	0	0.841416238416208	0.611302222500897	3.42776153194444	0.279416943257576	2.81301501575136
1.4	19	6	2.32903225806452	0	0	0	0.841416238416208	0.611302222500896	3.42776153194444	0.279416943257576	2.81301501575136
1.41	19	6	2.32903225806452	0	0	0	0.841416238416208	0.590329385840724	3.42776153194444	0.279416943257576	2.81301501575136
1.42	19	6	2.32903225806452	0	0	0	0.841416238416208	0.611302222500896	3.42776153194444	0.279416943257576	2.81301501575136
1.43	19	6	2.32903225806452	0	0	0	0.841416238416208	0.590329385840725	3.42776153194444	0.279416943257576	2.81301501575136
1.44	19	6	2.32903225806452	0	0	0	0.841416238416208	0.590329385840724	3.42776153194444	0.279416943257576	2.81301501575136
1.45	19	6	2.32903225806452	0	0	0	0.841416238416208	0.590329385840724	3.42776153194444	0.279416943257576	2.81301501575136
1.46	19	6	2.32903225806452	0	0	0	0.841416238416208	0.590329385840725	3.42776153194444	0.279416943257576	2.81301501575136
1.47	19	6	2.32903225806452	0	0	0	0.841416238416208	0.590329385840724	3.42776153194444	0.279416943257576	2.81301501575136
1.48	19	6	2.32903225806452	0	0	0	0.841416238416208	0.590329385840724	3.42776153194444	0.279416943257576	2.81301501575136
1.49	19	6	2.32903225806452	0	0	0	0.841416238416208	0.611302222500896	3.42776153194444	0.279416943257576	2.81301501575136
1.5	19	6	2.32903225806452	0	0	0	0.841416238416208	0.590329385840724	3.42776153194444	0.279416943257576	2.81301501575136
1.51	19	6	2.32903225806452	0	0	0	0.841416238416208	0.611302222500896	3.42776153194444	0.279416943257576	2.81301501575136
1.52	19	6	2.32903225806452	0	0	0	0.841416238416208	0.590329385840724	3.42776153194444	0.279416943257576	2.81301501575136
1.53	19	6	2.32903225806452	0	0	0	0.841416238416208	0.611302222500897	3.42776153194444	0.279416943257576	2.81301501575136
1.54	19	6	2.32903225806452	0	0	0	0.841416238416208	0.611302222500896	3.42776153194444	0.279416943257576	2.81301501575136
1.55	19	6	2.32903225806452	0	0	0	0.841416238416208	0.590329385840724	3.42776153194444	0.279416943257576	2.81301501575136
1.56	19	6	2.32903225806452	0	0	0	0.841416238416208	0.611302222500896	3.42776153194444	0.279416943257576	2.81301501575136
1.57	19	6	2.32903225806452	0	0	0	0.841416238416208	0.611302222500896	3.42776153194444	0.279416943257576	2.81301501575136
1.58	19	6	2.32903225806452	0	0	0	0.841416238416208	0.611302222500896	3.42776153194444	0.279416943257576	2.81301501575136
1.59	19	6	2.32903225806452	0	0	0	0.841416238416208	0.590329385840724	3.42776153194444	0.279416943257576	2.81301501575136
1.6	19	6	2.32903225806452	0	0	0	0.841416238416208	0.590329385840724	3.42776153194444	0.279416943257576	2.81301501575136
1.61	19	6	2.32903225806452	0	0	0	0.841416238416208	0.611302222500897	3.42776153194444	0.279416943257576	2.81301501575136
1.62	19	6	2.32903225806452	0	0	0	0.841416238416208	0.590329385840725	3.42776153194444	0.279416943257576	2.81301501575136
1.63	19	6	2.32903225806452	0	0	0	0.841416238416208	0.590329385840724	3.42776153194444	0.279416943257576	2.81301501575136
1.64	19	6	2.32903225806452	0	0	0	0.841416238416208	0.611302222500896	3.42776153194444	0.279416943257576	2.81301501575136
1.65	19	6	2.32903225806452	0	0	0	0.841416238416208	0.590329385840724	3.42776153194444	0.279416943257576	2.81301501575136
1.66	19	6	2.32903225806452	0	0	0	0.841416238416208	0.611302222500896	3.42776153194444	0.279416943257576	2.81301501575136
1.67	19	6	2.32903225806452	0	0	0	0.841416238416208	0.590329385840725	3.42776153194444	0.279416943257576	2.81301501575136
1.68	19	6	2.32903225806452	0	0	0	0.841416238416208	0.590329385840724	3.42776153194444	0.279416943257576	2.81301501575136
1.69	19	6	2.32903225806452	0	0	0	0.841416238416208	0.590329385840724	3.42776153194444	0.279416943257576	2.81301501575136
1.7	19	6	2.32903225806452	0	0	0	0.841416238416208	0.611302222500896	3.42776153194444	0.279416943257576	2.81301501575136
1.71	19	6	2.32903225806452	0	0	0	0.841416238416208	0.590329385840724	3.42776153194444	0.279416943257576	2.81301501575136
1.72	19	6	2.03954802259887	0	0	0	0.855341057780014	0.632413078570343	3.3767652785641	0.270289966752137	2.16694988417388
1.73	19	6	2.03954802259887	0	0	0	0.855341057780014	0.632413078570344	3.3767652785641	0.270289966752137	2.16694988417388
1.74	19	5	1.77832512315271	0	0	0	0.938392735291278	0.55577921743241	3.91902634942857	0.35375060210989	2.69128126845124
1.75	19	5	1.77832512315271	0	0	0	0.938392735291278	0.55577921743241	3.91902634942857	0.35375060210989	2.69128126845124
1.76	19	5	1.77832512315271	0	0	0	0.938392735291278	0.555779217432409	3.91902634942857	0.35375060210989	2.69128126845124
1.77	19	5	1.77832512315271	0	0	0	0.938392735291278	0.55577921743241	3.91902634942857	0.35375060210989	2.69128126845125
1.78	19	5	1.77832512315271	0	0	0	0.938392735291278	0.55577921743241	3.91902634942857	0.35375060210989	2.69128126845124
1.79	19	5	1.77832512315271	0	0	0	0.938392735291278	0.555779217432409	3.91902634942857	0.35375060210989	2.69128126845124
1.8	19	5	1.77832512315271	0	0	0	0.938392735291278	0.555779217432409	3.91902634942857	0.35375060210989	2.69128126845124
1.81	19	5	1.77832512315271	0	0	0	0.938392735291278	0.55577921743241	3.91902634942857	0.35375060210989	2.69128126845124
1.82	19	5	1.77832512315271	0	0	0	0.938392735291278	0.55577921743241	3.91902634942857	0.35375060210989	2.69128126845124
1.83	19	5	1.77832512315271	0	0	0	0.938392735291278	0.55577921743241	3.91902634942857	0.35375060210989	2.69128126845124
1.84	19	5	1.77832512315271	0	0	0	0.938392735291278	0.55577921743241	3.91902634942857	0.35375060210989	2.69128126845124
1.85	19	5	1.77832512315271	0	0	0	0.938392735291278	0.55577921743241	3.91902634942857	0.35375060210989	2.69128126845124
1.86	19	5	1.77832512315271	0	0	0	0.938392735291278	0.55577921743241	3.91902634942857	0.35375060210989	2.69128126845124
1.87	19	5	1.77832512315271	0	0	0	0.938392735291278	0.555779217432409	3.91902634942857	0.35375060210989	2.69128126845125
1.88	19	5	1.77832512315271	0	0	0	0.938392735291278	0.55577921743241	3.91902634942857	0.35375060210989	2.69128126845124
1.89	19	5	1.77832512315271	0	0	0	0.938392735291278	0.555779217432409	3.91902634942857	0.35375060210989	2.69128126845124
1.9	19	5	1.77832512315271	0	0	0	0.938392735291278	0.555779217432409	3.91902634942857	0.35375060210989	2.69128126845124
1.91	19	5	1.77832512315271	0	0	0	0.938392735291278	0.55577921743241	3.91902634942857	0.35375060210989	2.69128126845125
1.92	19	5	1.77832512315271	0	0	0	0.938392735291278	0.555779217432409	3.91902634942857	0.35375060210989	2.69128126845125
1.93	19	5	1.77832512315271	0	0	0	0.938392735291278	0.55577921743241	3.91902634942857	0.35375060210989	2.69128126845124
1.94	19	5	1.77832512315271	0	0	0	0.938392735291278	0.555779217432409	3.91902634942857	0.35375060210989	2.69128126845124
1.95	19	5	1.77832512315271	0	0	0	0.938392735291278	0.55577921743241	3.91902634942857	0.35375060210989	2.69128126845124
1.96	19	5	1.77832512315271	0	0	0	0.938392735291278	0.55577921743241	3.91902634942857	0.35375060210989	2.69128126845125
1.97	19	5	1.77832512315271	0	0	0	0.938392735291278	0.55577921743241	3.91902634942857	0.35375060210989	2.69128126845125
1.98	19	5	1.77832512315271	0	0	0	0.938392735291278	0.55577921743241	3.91902634942857	0.35375060210989	2.69128126845125
1.99	19	5	1.77832512315271	0	0	0	0.938392735291278	0.55577921743241	3.91902634942857	0.35375060210989	2.69128126845124
2	19	5	1.77832512315271	0	0	0	0.938392735291278	0.555779217432409	3.91902634942857	0.35375060210989	2.69128126845124
2.01	19	5	1.77832512315271	0	0	0	0.938392735291278	0.555779217432409	3.91902634942857	0.35375060210989	2.69128126845124
2.02	19	5	1.77832512315271	0	0	0	0.938392735291278	0.555779217432409	3.91902634942857	0.35375060210989	2.69128126845125
2.03	19	5	1.77832512315271	0	0	0	0.938392735291278	0.555779217432409	3.91902634942857	0.35375060210989	2.69128126845125
2.04	19	5	1.77832512315271	0	0	0	0.938392735291278	0.55577921743241	3.91902634942857	0.35375060210989	2.69128126845124
2.05	19	5	1.77832512315271	0	0	0	0.938392735291278	0.555779217432409	3.91902634942857	0.35375060210989	2.69128126845124
2.06	19	5	1.77832512315271	0	0	0	0.938392735291278	0.555779217432409	3.91902634942857	0.35375060210989	2.69128126845124
2.07	19	5	1.77832512315271	0	0	0	0.938392735291278	0.555779217432409	3.91902634942857	0.35375060210989	2.69128126845125
2.08	19	5	1.77832512315271	0	0	0	0.938392735291278	0.55577921743241	3.91902634942857	0.35375060210989	2.69128126845125
2.09	19	5	1.77832512315271	0	0	0	0.938392735291278	0.555779217432409	3.91902634942857	0.35375060210989	2.69128126845125
2.1	19	5	1.77832512315271	0	0	0	0.938392735291278	0.555779217432409	3.91902634942857	0.35375060210989	2.69128126845124
2.11	19	5	1.77832512315271	0	0	0	0.938392735291278	0.555779217432409	3.91902634942857	0.35375060210989	2.69128126845125
2.12	19	5	1.77832512315271	0	0	0	0.938392735291278	0.555779217432409	3.91902634942857	0.35375060210989	2.69128126845124
2.13	19	5	1.77832512315271	0	0	0	0.938392735291278	0.55577921743241	3.91902634942857	0.35375060210989	2.69128126845125
2.14	19	5	1.77832512315271	0	0	0	0.938392735291278	0.555779217432409	3.91902634942857	0.35375060210989	2.69128126845124
2.15	19	5	1.77832512315271	0	0	0	0.938392735291278	0.55577921743241	3.91902634942857	0.35375060210989	2.69128126845124
2.16	19	5	1.77832512315271	0	0	0	0.938392735291278	0.55577921743241	3.91902634942857	0.35375060210989	2.69128126845124
2.17	19	5	1.77832512315271	0	0	0	0.938392735291278	0.555779217432409	3.91902634942857	0.35375060210989	2.69128126845125
2.18	19	5	1.77832512315271	0	0	0	0.938392735291278	0.555779217432409	3.91902634942857	0.35375060210989	2.69128126845125
2.19	19	4	1.56277056277056	0	0	0.14954504290031	0.916081438471898	0.458159112479075	4.08458430955555	0.517161488285714	2.4894564967593
2.2	19	4	1.56277056277056	0	0	0.14954504290031	0.916081438471897	0.458159112479075	4.08458430955555	0.517161488285714	2.4894564967593
2.21	19	4	1.56277056277056	0	0	0.14954504290031	0.916081438471897	0.458159112479075	4.08458430955556	0.517161488285714	2.4894564967593
2.22	19	4	1.56277056277056	0	0	0.14954504290031	0.916081438471897	0.458159112479075	4.08458430955556	0.517161488285714	2.4894564967593
2.23	19	3	1.24054982817869	0	0	0.182125100357154	1.08562438635424	0.333333333333333	4.1718846372549	0.587005925098039	2.25185531430541
2.24	19	4	1.56277056277056	0	0	0.14954504290031	0.916081438471898	0.458159112479075	4.08458430955556	0.517161488285714	2.4894564967593
2.25	19	4	1.56277056277056	0	0	0.14954504290031	0.916081438471897	0.458159112479075	4.08458430955555	0.517161488285714	2.4894564967593
2.26	19	4	1.56277056277056	0	0	0.14954504290031	0.916081438471897	0.458159112479075	4.08458430955556	0.517161488285714	2.4894564967593
2.27	19	4	1.56277056277056	0	0	0.14954504290031	0.916081438471898	0.458159112479075	4.08458430955555	0.517161488285714	2.4894564967593
2.28	19	4	1.56277056277056	0	0	0.14954504290031	0.916081438471897	0.458159112479075	4.08458430955555	0.517161488285714	2.4894564967593
2.29	19	4	1.56277056277056	0	0	0.14954504290031	0.916081438471898	0.458159112479075	4.08458430955555	0.517161488285714	2.4894564967593
2.29999999999999	19	3	1.24054982817869	0	0	0.182125100357154	1.08562438635424	0.333333333333333	4.1718846372549	0.58700592509804	2.25185531430541
2.30999999999999	19	2	1.11076923076923	0	0	0.26200346674859	1	-1.52655665885959e-16	4.078406505	1.00298330212418	2.03313778821765
2.31999999999999	19	2	1.11076923076923	0	0	0.26200346674859	1	-1.11022302462516e-16	4.078406505	1.00298330212418	2.03313778821765
2.32999999999999	19	2	1.11076923076923	0	0	0.26200346674859	1	-1.11022302462516e-16	4.078406505	1.00298330212418	2.03313778821765
2.33999999999999	19	2	1.11076923076923	0	0	0.26200346674859	1	-1.11022302462516e-16	4.078406505	1.00298330212418	2.03313778821765
2.34999999999999	19	2	1.11076923076923	0	0	0.26200346674859	1	-1.11022302462516e-16	4.078406505	1.00298330212418	2.03313778821765
2.35999999999999	19	2	1.11076923076923	0	0	0.26200346674859	1	-1.52655665885959e-16	4.078406505	1.00298330212418	2.03313778821765
2.36999999999999	19	2	1.11076923076923	0	0	0.26200346674859	1	-1.52655665885959e-16	4.078406505	1.00298330212418	2.03313778821765
2.37999999999999	19	2	1.11076923076923	0	0	0.26200346674859	1	-1.52655665885959e-16	4.078406505	1.00298330212418	2.03313778821765
2.38999999999999	19	2	1.11076923076923	0	0	0.26200346674859	1	-1.52655665885959e-16	4.078406505	1.00298330212418	2.03313778821765
2.39999999999999	19	1	1	0	0	1	0	-1	0	2.22411817274854	0.449616397299705
