#dist_cut	num_seqs	num_clusters	num_clusters(recip_simpson_index)	avg_intra_clust_phylo_dist_phylum(norm_shannon_index)	avg_inter_clust_phylo_dist_phylum(norm_shannon_index)	avg_intra_clust_phylo_dist_order(norm_shannon_index)	avg_inter_clust_phylo_dist_order(norm_shannon_index)	avg_silhouette_width	avg_inter_clust_dist	avg_intra_clust_dist	dunn_index
0	22	22	22	0	0	0	0.328466257243311	1	1.65677843528139	0	0.07865985
0.01	22	22	22	0	0	0	0.328466257243311	1	1.65677843528139	0	0.07865985
0.02	22	22	22	0	0	0	0.328466257243311	1	1.65677843528139	0	0.07865985
0.03	22	22	22	0	0	0	0.328466257243311	1	1.65677843528138	0	0.07865985
0.04	22	22	22	0	0	0	0.328466257243311	1	1.65677843528138	0	0.07865985
0.05	22	22	22	0	0	0	0.328466257243311	1	1.65677843528138	0	0.07865985
0.06	22	22	22	0	0	0	0.328466257243311	1	1.65677843528139	0	0.07865985
0.07	22	22	22	0	0	0	0.328466257243311	1	1.65677843528139	0	0.07865985
0.08	22	21	20.1666666666667	0	0	0	0.341771200431848	0.904761904761905	1.7112665887619	0.00374570714285714	1.32177858208476
0.09	22	21	20.1666666666667	0	0	0	0.341771200431848	0.904761904761905	1.71126658876191	0.00374570714285714	1.32177858208476
0.1	22	20	17.2857142857143	0	0	0	0.355642971626903	0.9	1.7696845121579	0.00477669433333333	1.11130922968136
0.11	22	19	16.1333333333333	0	0	0	0.371160299863128	0.87985525870114	1.83503196573099	0.0106158724561403	1.20758759091396
0.12	22	18	14.2352941176471	0	0	0	0.387376626111232	0.871591758947097	1.902033058061	0.0120219059259259	1.15137867301802
0.13	22	18	14.2352941176471	0	0	0	0.387376626111232	0.875213165450206	1.902033058061	0.0120219059259259	1.15137867301802
0.14	22	17	12.1	0	0	0	0.405410762483023	0.863453762908832	1.97975568482843	0.0140120834313726	1.33588264462427
0.15	22	16	10.0833333333333	0	0	0	0.425577364520698	0.855128564559499	2.05846446175	0.015990597125	1.55129397303934
0.16	22	16	10.0833333333333	0	0	0	0.425577364520698	0.855128564559499	2.05846446175	0.015990597125	1.55129397303934
0.17	22	16	10.0833333333333	0	0	0	0.425577364520698	0.855128564559499	2.05846446175	0.015990597125	1.55129397303934
0.18	22	16	10.0833333333333	0	0	0	0.425577364520698	0.855128564559499	2.05846446175	0.015990597125	1.55129397303934
0.19	22	16	10.0833333333333	0	0	0	0.425577364520698	0.855128564559499	2.05846446175	0.015990597125	1.55129397303934
0.2	22	16	10.0833333333333	0	0	0	0.425577364520698	0.855128564559499	2.05846446175	0.015990597125	1.55129397303934
0.21	22	15	9.68	0	0	0	0.44729076580921	0.824894751307485	2.15140900102222	0.0310171589333333	1.4276507951016
0.22	22	15	9.68	0	0	0	0.44729076580921	0.824894751307485	2.15140900102222	0.0310171589333333	1.4276507951016
0.23	22	15	9.68	0	0	0	0.44729076580921	0.824894751307485	2.15140900102222	0.0310171589333333	1.4276507951016
0.24	22	15	9.68	0	0	0	0.44729076580921	0.824894751307485	2.15140900102222	0.0310171589333333	1.4276507951016
0.25	22	15	9.68	0	0	0	0.44729076580921	0.824894751307485	2.15140900102222	0.0310171589333333	1.4276507951016
0.26	22	15	9.68	0	0	0	0.44729076580921	0.824894751307485	2.15140900102222	0.0310171589333333	1.4276507951016
0.27	22	14	8.96296296296296	0	0	0	0.469953218993304	0.807424121078556	2.24410365880586	0.0374971190952381	1.20294708359406
0.28	22	14	8.96296296296296	0	0	0	0.469953218993304	0.807424121078556	2.24410365880586	0.0374971190952381	1.20294708359406
0.29	22	13	7.5625	0	0	0	0.496802456933193	0.805045649748227	2.35267289538462	0.0452208998461539	1.39602845843747
0.3	22	13	7.5625	0	0	0	0.496802456933193	0.805045649748227	2.35267289538462	0.0452208998461538	1.39602845843747
0.31	22	12	6.91428571428571	0	0	0	0.524512599143359	0.784652861130565	2.46041660549242	0.0534299441388889	1.19390027061138
0.32	22	12	6.91428571428571	0	0	0	0.524512599143359	0.784652861130565	2.46041660549242	0.0534299441388889	1.19390027061138
0.33	22	12	6.91428571428571	0	0	0	0.524512599143359	0.784652861130565	2.46041660549242	0.0534299441388889	1.19390027061138
0.34	22	12	6.91428571428571	0	0	0	0.524512599143359	0.784652861130565	2.46041660549242	0.0534299441388889	1.19390027061138
0.35	22	12	6.91428571428571	0	0	0	0.524512599143359	0.784652861130565	2.46041660549242	0.0534299441388889	1.19390027061138
0.36	22	12	6.91428571428571	0	0	0	0.524512599143359	0.784652861130565	2.46041660549242	0.0534299441388889	1.19390027061138
0.37	22	11	4.56603773584906	0	0	0	0.564992829937093	0.779523990533439	2.6040778450202	0.0552166947979798	1.5759374495625
0.38	22	11	4.56603773584906	0	0	0	0.564992829937093	0.779523990533439	2.6040778450202	0.0552166947979798	1.5759374495625
0.39	22	11	4.56603773584906	0	0	0	0.564992829937093	0.779523990533439	2.6040778450202	0.0552166947979798	1.5759374495625
0.4	22	11	4.56603773584906	0	0	0	0.564992829937093	0.779523990533439	2.6040778450202	0.0552166947979798	1.5759374495625
0.41	22	11	4.56603773584906	0	0	0	0.564992829937093	0.779523990533438	2.6040778450202	0.0552166947979798	1.5759374495625
0.42	22	11	4.56603773584906	0	0	0	0.564992829937093	0.779523990533438	2.6040778450202	0.0552166947979798	1.5759374495625
0.43	22	11	4.56603773584906	0	0	0	0.564992829937093	0.779523990533439	2.6040778450202	0.0552166947979798	1.5759374495625
0.44	22	11	4.56603773584906	0	0	0	0.564992829937093	0.779523990533439	2.6040778450202	0.0552166947979798	1.5759374495625
0.45	22	11	4.56603773584906	0	0	0	0.564992829937093	0.779523990533439	2.6040778450202	0.0552166947979798	1.5759374495625
0.46	22	11	4.56603773584906	0	0	0	0.564992829937093	0.779523990533439	2.6040778450202	0.0552166947979798	1.5759374495625
0.47	22	11	4.56603773584906	0	0	0	0.564992829937093	0.779523990533439	2.6040778450202	0.0552166947979798	1.5759374495625
0.48	22	11	4.56603773584906	0	0	0	0.564992829937093	0.779523990533439	2.6040778450202	0.0552166947979798	1.5759374495625
0.49	22	11	4.56603773584906	0	0	0	0.564992829937093	0.779523990533439	2.6040778450202	0.0552166947979798	1.5759374495625
0.5	22	11	4.56603773584906	0	0	0	0.564992829937093	0.779523990533439	2.6040778450202	0.0552166947979798	1.5759374495625
0.51	22	10	4.48148148148148	0	0	0	0.599352273644964	0.685979155828839	2.7556866025	0.111546232277778	1.26584896260556
0.52	22	10	4.48148148148148	0	0	0	0.599352273644964	0.685979155828839	2.7556866025	0.111546232277778	1.26584896260556
0.53	22	10	4.48148148148148	0	0	0	0.599352273644964	0.685979155828839	2.7556866025	0.111546232277778	1.26584896260556
0.54	22	10	4.48148148148148	0	0	0	0.599352273644964	0.68597915582884	2.7556866025	0.111546232277778	1.26584896260556
0.55	22	10	4.48148148148148	0	0	0	0.599352273644964	0.68597915582884	2.7556866025	0.111546232277778	1.26584896260556
0.56	22	10	4.48148148148148	0	0	0	0.599352273644964	0.68597915582884	2.7556866025	0.111546232277778	1.26584896260556
0.57	22	9	3.90322580645161	0	0	0	0.638690955659203	0.692027517215863	2.92499420191358	0.0921531611604938	1.27421108463388
0.58	22	9	3.90322580645161	0	0	0	0.638690955659203	0.692027517215863	2.92499420191358	0.0921531611604938	1.27421108463388
0.59	22	8	3.55882352941176	0	0	0	0.679163444227715	0.652224847157056	3.11577825650227	0.10900368031746	1.27874850284355
0.6	22	8	3.55882352941176	0	0	0	0.679163444227715	0.652224847157056	3.11577825650227	0.10900368031746	1.27874850284355
0.61	22	8	3.55882352941176	0	0	0	0.679163444227715	0.652224847157056	3.11577825650227	0.10900368031746	1.27874850284355
0.62	22	8	3.55882352941176	0	0	0	0.679163444227715	0.652224847157057	3.11577825650227	0.10900368031746	1.27874850284355
0.63	22	7	1.84732824427481	0	0	0	0.780933889593826	0.714285714285714	3.34443078077381	0.0831908489999999	1.70882001740016
0.64	22	7	1.84732824427481	0	0	0	0.780933889593826	0.714285714285714	3.34443078077381	0.083190849	1.70882001740016
0.65	22	7	1.84732824427481	0	0	0	0.780933889593826	0.714285714285714	3.34443078077381	0.083190849	1.70882001740016
0.66	22	7	1.84732824427481	0	0	0	0.780933889593826	0.714285714285714	3.34443078077381	0.083190849	1.70882001740016
0.67	22	7	1.84732824427481	0	0	0	0.780933889593826	0.714285714285714	3.34443078077381	0.0831908490000001	1.70882001740016
0.68	22	7	1.84732824427481	0	0	0	0.780933889593826	0.714285714285714	3.34443078077381	0.0831908490000001	1.70882001740016
0.69	22	7	1.84732824427481	0	0	0	0.780933889593826	0.714285714285714	3.34443078077381	0.083190849	1.70882001740016
0.7	22	7	1.84732824427481	0	0	0	0.780933889593826	0.714285714285714	3.34443078077381	0.083190849	1.70882001740016
0.71	22	7	1.84732824427481	0	0	0	0.780933889593826	0.714285714285714	3.34443078077381	0.083190849	1.70882001740016
0.72	22	7	1.84732824427481	0	0	0	0.780933889593826	0.714285714285714	3.34443078077381	0.083190849	1.70882001740016
0.73	22	7	1.84732824427481	0	0	0	0.780933889593826	0.714285714285714	3.34443078077381	0.083190849	1.70882001740016
0.74	22	7	1.84732824427481	0	0	0	0.780933889593826	0.714285714285714	3.34443078077381	0.0831908490000001	1.70882001740016
0.75	22	7	1.84732824427481	0	0	0	0.780933889593826	0.714285714285714	3.34443078077381	0.0831908490000001	1.70882001740016
0.76	22	7	1.84732824427481	0	0	0	0.780933889593826	0.714285714285714	3.34443078077381	0.083190849	1.70882001740016
0.77	22	6	1.64625850340136	0	0	0	0.837046474385042	0.666666666666667	3.4814152565098	0.105149546838235	1.79053244318442
0.78	22	6	1.64625850340136	0	0	0	0.837046474385042	0.666666666666667	3.4814152565098	0.105149546838235	1.79053244318442
0.79	22	6	1.64625850340136	0	0	0	0.837046474385042	0.666666666666667	3.4814152565098	0.105149546838235	1.79053244318442
0.8	22	6	1.64625850340136	0	0	0	0.837046474385042	0.666666666666667	3.4814152565098	0.105149546838235	1.79053244318442
0.81	22	6	1.64625850340136	0	0	0	0.837046474385042	0.666666666666667	3.4814152565098	0.105149546838235	1.79053244318442
0.820000000000001	22	6	1.64625850340136	0	0	0	0.837046474385042	0.666666666666667	3.4814152565098	0.105149546838235	1.79053244318442
0.830000000000001	22	6	1.64625850340136	0	0	0	0.837046474385042	0.666666666666667	3.4814152565098	0.105149546838235	1.79053244318442
0.840000000000001	22	6	1.64625850340136	0	0	0	0.837046474385042	0.666666666666667	3.4814152565098	0.105149546838235	1.79053244318442
0.850000000000001	22	6	1.64625850340136	0	0	0	0.837046474385042	0.666666666666667	3.4814152565098	0.105149546838235	1.79053244318442
0.860000000000001	22	6	1.64625850340136	0	0	0	0.837046474385042	0.666666666666667	3.4814152565098	0.105149546838235	1.79053244318442
0.870000000000001	22	6	1.64625850340136	0	0	0	0.837046474385042	0.666666666666667	3.4814152565098	0.105149546838235	1.79053244318442
0.880000000000001	22	6	1.64625850340136	0	0	0	0.837046474385042	0.666666666666667	3.4814152565098	0.105149546838235	1.79053244318442
0.890000000000001	22	6	1.64625850340136	0	0	0	0.837046474385042	0.666666666666667	3.4814152565098	0.105149546838235	1.79053244318442
0.900000000000001	22	6	1.64625850340136	0	0	0	0.837046474385042	0.666666666666667	3.4814152565098	0.105149546838235	1.79053244318442
0.910000000000001	22	6	1.64625850340136	0	0	0	0.837046474385042	0.666666666666667	3.4814152565098	0.105149546838235	1.79053244318442
0.920000000000001	22	6	1.64625850340136	0	0	0	0.837046474385042	0.666666666666667	3.4814152565098	0.105149546838235	1.79053244318442
0.930000000000001	22	6	1.64625850340136	0	0	0	0.837046474385042	0.666666666666667	3.4814152565098	0.105149546838235	1.79053244318442
0.940000000000001	22	6	1.64625850340136	0	0	0	0.837046474385042	0.666666666666667	3.4814152565098	0.105149546838235	1.79053244318442
0.950000000000001	22	6	1.64625850340136	0	0	0	0.837046474385042	0.666666666666667	3.4814152565098	0.105149546838235	1.79053244318442
0.960000000000001	22	6	1.64625850340136	0	0	0	0.837046474385042	0.666666666666667	3.4814152565098	0.105149546838235	1.79053244318442
0.970000000000001	22	6	1.64625850340136	0	0	0	0.837046474385042	0.666666666666667	3.4814152565098	0.105149546838235	1.79053244318442
0.980000000000001	22	6	1.64625850340136	0	0	0	0.837046474385042	0.666666666666667	3.4814152565098	0.105149546838235	1.79053244318442
0.990000000000001	22	6	1.64625850340136	0	0	0	0.837046474385042	0.666666666666667	3.4814152565098	0.105149546838235	1.79053244318442
1	22	6	1.64625850340136	0	0	0	0.837046474385042	0.666666666666667	3.4814152565098	0.105149546838235	1.79053244318442
1.01	22	6	1.64625850340136	0	0	0	0.837046474385042	0.666666666666667	3.4814152565098	0.105149546838235	1.79053244318442
1.02	22	6	1.64625850340136	0	0	0	0.837046474385042	0.666666666666667	3.4814152565098	0.105149546838235	1.79053244318442
1.03	22	6	1.64625850340136	0	0	0	0.837046474385042	0.666666666666667	3.4814152565098	0.105149546838235	1.79053244318442
1.04	22	6	1.64625850340136	0	0	0	0.837046474385042	0.666666666666667	3.4814152565098	0.105149546838235	1.79053244318442
1.05	22	6	1.64625850340136	0	0	0	0.837046474385042	0.666666666666667	3.4814152565098	0.105149546838235	1.79053244318442
1.06	22	6	1.64625850340136	0	0	0	0.837046474385042	0.666666666666667	3.4814152565098	0.105149546838235	1.79053244318442
1.07	22	6	1.64625850340136	0	0	0	0.837046474385042	0.666666666666667	3.4814152565098	0.105149546838235	1.79053244318442
1.08	22	6	1.64625850340136	0	0	0	0.837046474385042	0.666666666666667	3.4814152565098	0.105149546838235	1.79053244318442
1.09	22	6	1.64625850340136	0	0	0	0.837046474385042	0.666666666666667	3.4814152565098	0.105149546838235	1.79053244318442
1.1	22	6	1.64625850340136	0	0	0	0.837046474385042	0.666666666666667	3.4814152565098	0.105149546838235	1.79053244318442
1.11	22	6	1.64625850340136	0	0	0	0.837046474385042	0.666666666666667	3.4814152565098	0.105149546838235	1.79053244318442
1.12	22	6	1.64625850340136	0	0	0	0.837046474385042	0.666666666666667	3.4814152565098	0.105149546838235	1.79053244318442
1.13	22	5	1.63513513513514	0	0	0	0.845194378325889	0.527994196373741	3.65628158741176	0.352107866205882	2.25713579228873
1.14	22	5	1.63513513513514	0	0	0	0.845194378325889	0.527994196373741	3.65628158741176	0.352107866205882	2.25713579228873
1.15	22	5	1.63513513513514	0	0	0	0.845194378325889	0.52799419637374	3.65628158741176	0.352107866205882	2.25713579228873
1.16	22	5	1.63513513513514	0	0	0	0.845194378325889	0.52799419637374	3.65628158741176	0.352107866205882	2.25713579228873
1.17	22	5	1.63513513513514	0	0	0	0.845194378325889	0.52799419637374	3.65628158741176	0.352107866205883	2.25713579228873
1.18	22	5	1.63513513513514	0	0	0	0.845194378325889	0.52799419637374	3.65628158741176	0.352107866205882	2.25713579228873
1.19	22	5	1.63513513513514	0	0	0	0.845194378325889	0.52799419637374	3.65628158741176	0.352107866205882	2.25713579228873
1.2	22	5	1.63513513513514	0	0	0	0.845194378325889	0.527994196373741	3.65628158741176	0.352107866205882	2.25713579228873
1.21	22	5	1.63513513513514	0	0	0	0.845194378325889	0.52799419637374	3.65628158741176	0.352107866205882	2.25713579228873
1.22	22	5	1.63513513513514	0	0	0	0.845194378325889	0.52799419637374	3.65628158741176	0.352107866205883	2.25713579228873
1.23	22	5	1.63513513513514	0	0	0	0.845194378325889	0.52799419637374	3.65628158741176	0.352107866205882	2.25713579228873
1.24	22	5	1.63513513513514	0	0	0	0.845194378325889	0.52799419637374	3.65628158741176	0.352107866205882	2.25713579228873
1.25	22	5	1.63513513513514	0	0	0	0.845194378325889	0.52799419637374	3.65628158741176	0.352107866205882	2.25713579228873
1.26	22	5	1.63513513513514	0	0	0	0.845194378325889	0.527994196373741	3.65628158741176	0.352107866205882	2.25713579228873
1.27	22	5	1.63513513513514	0	0	0	0.845194378325889	0.52799419637374	3.65628158741176	0.352107866205882	2.25713579228873
1.28	22	5	1.63513513513514	0	0	0	0.845194378325889	0.52799419637374	3.65628158741176	0.352107866205883	2.25713579228873
1.29	22	5	1.63513513513514	0	0	0	0.845194378325889	0.52799419637374	3.65628158741176	0.352107866205882	2.25713579228873
1.3	22	5	1.63513513513514	0	0	0	0.845194378325889	0.52799419637374	3.65628158741176	0.352107866205882	2.25713579228873
1.31	22	5	1.63513513513514	0	0	0	0.845194378325889	0.527994196373741	3.65628158741176	0.352107866205882	2.25713579228873
1.32	22	5	1.63513513513514	0	0	0	0.845194378325889	0.527994196373741	3.65628158741176	0.352107866205882	2.25713579228873
1.33	22	5	1.63513513513514	0	0	0	0.845194378325889	0.52799419637374	3.65628158741176	0.352107866205882	2.25713579228873
1.34	22	5	1.63513513513514	0	0	0	0.845194378325889	0.52799419637374	3.65628158741176	0.352107866205883	2.25713579228873
1.35	22	5	1.63513513513514	0	0	0	0.845194378325889	0.52799419637374	3.65628158741176	0.352107866205883	2.25713579228873
1.36	22	5	1.63513513513514	0	0	0	0.845194378325889	0.52799419637374	3.65628158741176	0.352107866205882	2.25713579228873
1.37	22	5	1.63513513513514	0	0	0	0.845194378325889	0.52799419637374	3.65628158741176	0.352107866205882	2.25713579228873
1.38	22	5	1.63513513513514	0	0	0	0.845194378325889	0.52799419637374	3.65628158741176	0.352107866205882	2.25713579228873
1.39	22	5	1.63513513513514	0	0	0	0.845194378325889	0.52799419637374	3.65628158741176	0.352107866205882	2.25713579228873
1.4	22	5	1.63513513513514	0	0	0	0.845194378325889	0.527994196373741	3.65628158741176	0.352107866205882	2.25713579228873
1.41	22	5	1.63513513513514	0	0	0	0.845194378325889	0.52799419637374	3.65628158741176	0.352107866205882	2.25713579228873
1.42	22	5	1.63513513513514	0	0	0	0.845194378325889	0.527994196373741	3.65628158741176	0.352107866205882	2.25713579228873
1.43	22	5	1.63513513513514	0	0	0	0.845194378325889	0.52799419637374	3.65628158741176	0.352107866205882	2.25713579228873
1.44	22	5	1.63513513513514	0	0	0	0.845194378325889	0.52799419637374	3.65628158741176	0.352107866205882	2.25713579228873
1.45	22	5	1.63513513513514	0	0	0	0.845194378325889	0.527994196373741	3.65628158741176	0.352107866205882	2.25713579228873
1.46	22	5	1.63513513513514	0	0	0	0.845194378325889	0.52799419637374	3.65628158741176	0.352107866205882	2.25713579228873
1.47	22	5	1.63513513513514	0	0	0	0.845194378325889	0.52799419637374	3.65628158741176	0.352107866205882	2.25713579228873
1.48	22	5	1.63513513513514	0	0	0	0.845194378325889	0.52799419637374	3.65628158741176	0.352107866205882	2.25713579228873
1.49	22	5	1.63513513513514	0	0	0	0.845194378325889	0.527994196373741	3.65628158741176	0.352107866205882	2.25713579228873
1.5	22	5	1.63513513513514	0	0	0	0.845194378325889	0.527994196373741	3.65628158741176	0.352107866205882	2.25713579228873
1.51	22	5	1.63513513513514	0	0	0	0.845194378325889	0.52799419637374	3.65628158741176	0.352107866205883	2.25713579228873
1.52	22	5	1.63513513513514	0	0	0	0.845194378325889	0.52799419637374	3.65628158741176	0.352107866205882	2.25713579228873
1.53	22	5	1.63513513513514	0	0	0	0.845194378325889	0.52799419637374	3.65628158741176	0.352107866205882	2.25713579228873
1.54	22	5	1.63513513513514	0	0	0	0.845194378325889	0.52799419637374	3.65628158741176	0.352107866205883	2.25713579228873
1.55	22	5	1.63513513513514	0	0	0	0.845194378325889	0.52799419637374	3.65628158741176	0.352107866205883	2.25713579228873
1.56	22	5	1.63513513513514	0	0	0	0.845194378325889	0.527994196373741	3.65628158741176	0.352107866205882	2.25713579228873
1.57	22	5	1.63513513513514	0	0	0	0.845194378325889	0.52799419637374	3.65628158741176	0.352107866205882	2.25713579228873
1.58	22	5	1.63513513513514	0	0	0	0.845194378325889	0.527994196373741	3.65628158741176	0.352107866205883	2.25713579228873
1.59	22	5	1.63513513513514	0	0	0	0.845194378325889	0.52799419637374	3.65628158741176	0.352107866205882	2.25713579228873
1.6	22	5	1.63513513513514	0	0	0	0.845194378325889	0.527994196373741	3.65628158741176	0.352107866205882	2.25713579228873
1.61	22	5	1.63513513513514	0	0	0	0.845194378325889	0.52799419637374	3.65628158741176	0.352107866205882	2.25713579228873
1.62	22	5	1.63513513513514	0	0	0	0.845194378325889	0.52799419637374	3.65628158741176	0.352107866205882	2.25713579228873
1.63	22	5	1.63513513513514	0	0	0	0.845194378325889	0.527994196373741	3.65628158741176	0.352107866205882	2.25713579228873
1.64	22	5	1.63513513513514	0	0	0	0.845194378325889	0.52799419637374	3.65628158741176	0.352107866205882	2.25713579228873
1.65	22	5	1.63513513513514	0	0	0	0.845194378325889	0.527994196373741	3.65628158741176	0.352107866205882	2.25713579228873
1.66	22	5	1.63513513513514	0	0	0	0.845194378325889	0.52799419637374	3.65628158741176	0.352107866205882	2.25713579228873
1.67	22	5	1.63513513513514	0	0	0	0.845194378325889	0.527994196373741	3.65628158741176	0.352107866205882	2.25713579228873
1.68	22	5	1.63513513513514	0	0	0	0.845194378325889	0.52799419637374	3.65628158741176	0.352107866205882	2.25713579228873
1.69	22	5	1.63513513513514	0	0	0	0.845194378325889	0.527994196373741	3.65628158741176	0.352107866205883	2.25713579228873
1.7	22	5	1.63513513513514	0	0	0	0.845194378325889	0.52799419637374	3.65628158741176	0.352107866205882	2.25713579228873
1.71	22	5	1.63513513513514	0	0	0	0.845194378325889	0.52799419637374	3.65628158741176	0.352107866205882	2.25713579228873
1.72	22	5	1.63513513513514	0	0	0	0.845194378325889	0.527994196373741	3.65628158741176	0.352107866205882	2.25713579228873
1.73	22	5	1.63513513513514	0	0	0	0.845194378325889	0.527994196373741	3.65628158741176	0.352107866205882	2.25713579228873
1.74	22	5	1.63513513513514	0	0	0	0.845194378325889	0.52799419637374	3.65628158741176	0.352107866205882	2.25713579228873
1.75	22	5	1.63513513513514	0	0	0	0.845194378325889	0.52799419637374	3.65628158741176	0.352107866205882	2.25713579228873
1.76	22	5	1.63513513513514	0	0	0	0.845194378325889	0.52799419637374	3.65628158741176	0.352107866205883	2.25713579228873
1.77	22	5	1.63513513513514	0	0	0	0.845194378325889	0.52799419637374	3.65628158741176	0.352107866205882	2.25713579228873
1.78	22	5	1.63513513513514	0	0	0	0.845194378325889	0.52799419637374	3.65628158741176	0.352107866205882	2.25713579228873
1.79	22	5	1.63513513513514	0	0	0	0.845194378325889	0.52799419637374	3.65628158741176	0.352107866205882	2.25713579228873
1.8	22	5	1.63513513513514	0	0	0	0.845194378325889	0.527994196373741	3.65628158741176	0.352107866205882	2.25713579228873
1.81	22	5	1.63513513513514	0	0	0	0.845194378325889	0.52799419637374	3.65628158741176	0.352107866205882	2.25713579228873
1.82	22	5	1.63513513513514	0	0	0	0.845194378325889	0.52799419637374	3.65628158741176	0.352107866205882	2.25713579228873
1.83	22	5	1.63513513513514	0	0	0	0.845194378325889	0.52799419637374	3.65628158741176	0.352107866205883	2.25713579228873
1.84	22	5	1.63513513513514	0	0	0	0.845194378325889	0.52799419637374	3.65628158741176	0.352107866205883	2.25713579228873
1.85	22	5	1.63513513513514	0	0	0	0.845194378325889	0.52799419637374	3.65628158741176	0.352107866205882	2.25713579228873
1.86	22	5	1.63513513513514	0	0	0	0.845194378325889	0.527994196373741	3.65628158741176	0.352107866205882	2.25713579228873
1.87	22	5	1.63513513513514	0	0	0	0.845194378325889	0.52799419637374	3.65628158741176	0.352107866205883	2.25713579228873
1.88	22	5	1.63513513513514	0	0	0	0.845194378325889	0.52799419637374	3.65628158741176	0.352107866205882	2.25713579228873
1.89	22	5	1.63513513513514	0	0	0	0.845194378325889	0.527994196373741	3.65628158741176	0.352107866205882	2.25713579228873
1.9	22	5	1.63513513513514	0	0	0	0.845194378325889	0.52799419637374	3.65628158741176	0.352107866205882	2.25713579228873
1.91	22	5	1.63513513513514	0	0	0	0.845194378325889	0.52799419637374	3.65628158741176	0.352107866205882	2.25713579228873
1.92	22	5	1.63513513513514	0	0	0	0.845194378325889	0.527994196373741	3.65628158741176	0.352107866205882	2.25713579228873
1.93	22	5	1.63513513513514	0	0	0	0.845194378325889	0.52799419637374	3.65628158741176	0.352107866205882	2.25713579228873
1.94	22	5	1.63513513513514	0	0	0	0.845194378325889	0.52799419637374	3.65628158741176	0.352107866205882	2.25713579228873
1.95	22	5	1.63513513513514	0	0	0	0.845194378325889	0.52799419637374	3.65628158741176	0.352107866205883	2.25713579228873
1.96	22	5	1.63513513513514	0	0	0	0.845194378325889	0.52799419637374	3.65628158741176	0.352107866205882	2.25713579228873
1.97	22	5	1.63513513513514	0	0	0	0.845194378325889	0.527994196373741	3.65628158741176	0.352107866205882	2.25713579228873
1.98	22	5	1.63513513513514	0	0	0	0.845194378325889	0.52799419637374	3.65628158741176	0.352107866205882	2.25713579228873
1.99	22	5	1.63513513513514	0	0	0	0.845194378325889	0.527994196373741	3.65628158741176	0.352107866205882	2.25713579228873
2	22	5	1.63513513513514	0	0	0	0.845194378325889	0.52799419637374	3.65628158741176	0.352107866205882	2.25713579228873
2.01	22	5	1.63513513513514	0	0	0	0.845194378325889	0.52799419637374	3.65628158741176	0.352107866205883	2.25713579228873
2.02	22	5	1.63513513513514	0	0	0	0.845194378325889	0.52799419637374	3.65628158741176	0.352107866205882	2.25713579228873
2.03	22	5	1.63513513513514	0	0	0	0.845194378325889	0.527994196373741	3.65628158741176	0.352107866205882	2.25713579228873
2.04	22	5	1.63513513513514	0	0	0	0.845194378325889	0.527994196373741	3.65628158741176	0.352107866205883	2.25713579228873
2.05	22	5	1.63513513513514	0	0	0	0.845194378325889	0.527994196373741	3.65628158741176	0.352107866205882	2.25713579228873
2.06	22	5	1.63513513513514	0	0	0	0.845194378325889	0.52799419637374	3.65628158741176	0.352107866205882	2.25713579228873
2.07	22	5	1.63513513513514	0	0	0	0.845194378325889	0.527994196373741	3.65628158741176	0.352107866205883	2.25713579228873
2.08	22	5	1.63513513513514	0	0	0	0.845194378325889	0.52799419637374	3.65628158741176	0.352107866205882	2.25713579228873
2.09	22	5	1.63513513513514	0	0	0	0.845194378325889	0.52799419637374	3.65628158741176	0.352107866205882	2.25713579228873
2.1	22	5	1.63513513513514	0	0	0	0.845194378325889	0.52799419637374	3.65628158741176	0.352107866205882	2.25713579228873
2.11	22	5	1.63513513513514	0	0	0	0.845194378325889	0.527994196373741	3.65628158741176	0.352107866205882	2.25713579228873
2.12	22	5	1.63513513513514	0	0	0	0.845194378325889	0.52799419637374	3.65628158741176	0.352107866205882	2.25713579228873
2.13	22	5	1.63513513513514	0	0	0	0.845194378325889	0.527994196373741	3.65628158741176	0.352107866205883	2.25713579228873
2.14	22	5	1.63513513513514	0	0	0	0.845194378325889	0.52799419637374	3.65628158741176	0.352107866205882	2.25713579228873
2.15	22	5	1.63513513513514	0	0	0	0.845194378325889	0.527994196373741	3.65628158741176	0.352107866205882	2.25713579228873
2.16	22	5	1.63513513513514	0	0	0	0.845194378325889	0.52799419637374	3.65628158741176	0.352107866205882	2.25713579228873
2.17	22	5	1.63513513513514	0	0	0	0.845194378325889	0.527994196373741	3.65628158741176	0.352107866205882	2.25713579228873
2.18	22	5	1.63513513513514	0	0	0	0.845194378325889	0.52799419637374	3.65628158741176	0.352107866205882	2.25713579228873
2.19	22	5	1.63513513513514	0	0	0	0.845194378325889	0.52799419637374	3.65628158741176	0.352107866205882	2.25713579228873
2.2	22	5	1.63513513513514	0	0	0	0.845194378325889	0.52799419637374	3.65628158741176	0.352107866205883	2.25713579228873
2.21	22	5	1.63513513513514	0	0	0	0.845194378325889	0.52799419637374	3.65628158741176	0.352107866205882	2.25713579228873
2.22	22	5	1.63513513513514	0	0	0	0.845194378325889	0.52799419637374	3.65628158741176	0.352107866205883	2.25713579228873
2.23	22	5	1.63513513513514	0	0	0	0.845194378325889	0.52799419637374	3.65628158741176	0.352107866205882	2.25713579228873
2.24	22	5	1.63513513513514	0	0	0	0.845194378325889	0.52799419637374	3.65628158741176	0.352107866205882	2.25713579228873
2.25	22	5	1.63513513513514	0	0	0	0.845194378325889	0.52799419637374	3.65628158741176	0.352107866205882	2.25713579228873
2.26	22	5	1.63513513513514	0	0	0	0.845194378325889	0.527994196373741	3.65628158741176	0.352107866205882	2.25713579228873
2.27	22	5	1.63513513513514	0	0	0	0.845194378325889	0.52799419637374	3.65628158741176	0.352107866205882	2.25713579228873
2.28	22	5	1.63513513513514	0	0	0	0.845194378325889	0.52799419637374	3.65628158741176	0.352107866205882	2.25713579228873
2.29	22	5	1.63513513513514	0	0	0	0.845194378325889	0.52799419637374	3.65628158741176	0.352107866205882	2.25713579228873
2.29999999999999	22	5	1.63513513513514	0	0	0	0.845194378325889	0.52799419637374	3.65628158741176	0.352107866205882	2.25713579228873
2.30999999999999	22	5	1.63513513513514	0	0	0	0.845194378325889	0.52799419637374	3.65628158741176	0.352107866205882	2.25713579228873
2.31999999999999	22	5	1.63513513513514	0	0	0	0.845194378325889	0.52799419637374	3.65628158741176	0.352107866205882	2.25713579228873
2.32999999999999	22	5	1.63513513513514	0	0	0	0.845194378325889	0.52799419637374	3.65628158741176	0.352107866205882	2.25713579228873
2.33999999999999	22	5	1.63513513513514	0	0	0	0.845194378325889	0.52799419637374	3.65628158741176	0.352107866205882	2.25713579228873
2.34999999999999	22	5	1.63513513513514	0	0	0	0.845194378325889	0.52799419637374	3.65628158741176	0.352107866205882	2.25713579228873
2.35999999999999	22	5	1.63513513513514	0	0	0	0.845194378325889	0.52799419637374	3.65628158741176	0.352107866205883	2.25713579228873
2.36999999999999	22	5	1.63513513513514	0	0	0	0.845194378325889	0.52799419637374	3.65628158741176	0.352107866205883	2.25713579228873
2.37999999999999	22	5	1.63513513513514	0	0	0	0.845194378325889	0.52799419637374	3.65628158741176	0.352107866205882	2.25713579228873
2.38999999999999	22	5	1.63513513513514	0	0	0	0.845194378325889	0.52799419637374	3.65628158741176	0.352107866205883	2.25713579228873
2.39999999999999	22	5	1.63513513513514	0	0	0	0.845194378325889	0.52799419637374	3.65628158741176	0.352107866205883	2.25713579228873
2.40999999999999	22	5	1.63513513513514	0	0	0	0.845194378325889	0.52799419637374	3.65628158741176	0.352107866205882	2.25713579228873
2.41999999999999	22	5	1.63513513513514	0	0	0	0.845194378325889	0.527994196373741	3.65628158741176	0.352107866205882	2.25713579228873
2.42999999999999	22	4	1.46666666666667	0	0	0.0978617751912446	0.907228202894512	0.411562852090827	3.59437669916667	0.49343645004902	2.54909150646437
2.43999999999999	22	4	1.46666666666667	0	0	0.0978617751912446	0.907228202894512	0.411562852090828	3.59437669916667	0.49343645004902	2.54909150646437
2.44999999999999	22	4	1.46666666666667	0	0	0.0978617751912446	0.907228202894512	0.411562852090827	3.59437669916667	0.493436450049019	2.54909150646437
2.45999999999999	22	4	1.46666666666667	0	0	0.0978617751912446	0.907228202894512	0.411562852090828	3.59437669916667	0.49343645004902	2.54909150646437
2.46999999999999	22	4	1.46666666666667	0	0	0.0978617751912446	0.907228202894512	0.411562852090828	3.59437669916667	0.49343645004902	2.54909150646437
2.47999999999999	22	4	1.46666666666667	0	0	0.0978617751912446	0.907228202894512	0.411562852090828	3.59437669916667	0.49343645004902	2.54909150646437
2.48999999999999	22	4	1.46666666666667	0	0	0.0978617751912446	0.907228202894512	0.411562852090828	3.59437669916667	0.49343645004902	2.54909150646437
2.49999999999999	22	4	1.46666666666667	0	0	0.0978617751912446	0.907228202894512	0.411562852090827	3.59437669916667	0.49343645004902	2.54909150646437
2.50999999999999	22	4	1.46666666666667	0	0	0.0978617751912446	0.907228202894512	0.411562852090827	3.59437669916667	0.49343645004902	2.54909150646437
2.51999999999999	22	4	1.46666666666667	0	0	0.0978617751912446	0.907228202894512	0.411562852090827	3.59437669916667	0.49343645004902	2.54909150646437
2.52999999999999	22	4	1.46666666666667	0	0	0.0978617751912446	0.907228202894512	0.411562852090827	3.59437669916667	0.49343645004902	2.54909150646437
2.53999999999999	22	4	1.46666666666667	0	0	0.0978617751912446	0.907228202894512	0.411562852090828	3.59437669916667	0.493436450049019	2.54909150646437
2.54999999999999	22	4	1.46666666666667	0	0	0.0978617751912446	0.907228202894512	0.411562852090827	3.59437669916667	0.49343645004902	2.54909150646437
2.55999999999999	22	4	1.46666666666667	0	0	0.0978617751912446	0.907228202894512	0.411562852090827	3.59437669916667	0.49343645004902	2.54909150646437
2.56999999999999	22	4	1.46666666666667	0	0	0.0978617751912446	0.907228202894512	0.411562852090827	3.59437669916667	0.49343645004902	2.54909150646437
2.57999999999999	22	4	1.46666666666667	0	0	0.0978617751912446	0.907228202894512	0.411562852090827	3.59437669916667	0.493436450049019	2.54909150646437
2.58999999999999	22	4	1.46666666666667	0	0	0.0978617751912446	0.907228202894512	0.411562852090827	3.59437669916667	0.493436450049019	2.54909150646437
2.59999999999999	22	4	1.46666666666667	0	0	0.0978617751912446	0.907228202894512	0.411562852090827	3.59437669916667	0.49343645004902	2.54909150646437
2.60999999999999	22	4	1.46666666666667	0	0	0.0978617751912446	0.907228202894512	0.411562852090828	3.59437669916667	0.49343645004902	2.54909150646437
2.61999999999999	22	4	1.46666666666667	0	0	0.0978617751912446	0.907228202894512	0.411562852090828	3.59437669916667	0.49343645004902	2.54909150646437
2.62999999999999	22	4	1.46666666666667	0	0	0.0978617751912446	0.907228202894512	0.411562852090827	3.59437669916667	0.49343645004902	2.54909150646437
2.63999999999999	22	4	1.46666666666667	0	0	0.0978617751912446	0.907228202894512	0.411562852090827	3.59437669916667	0.49343645004902	2.54909150646437
2.64999999999999	22	4	1.46666666666667	0	0	0.0978617751912446	0.907228202894512	0.411562852090827	3.59437669916667	0.493436450049019	2.54909150646437
2.65999999999999	22	4	1.46666666666667	0	0	0.0978617751912446	0.907228202894512	0.411562852090828	3.59437669916667	0.493436450049019	2.54909150646437
2.66999999999999	22	4	1.46666666666667	0	0	0.0978617751912446	0.907228202894512	0.411562852090827	3.59437669916667	0.49343645004902	2.54909150646437
2.67999999999999	22	4	1.46666666666667	0	0	0.0978617751912446	0.907228202894512	0.411562852090828	3.59437669916667	0.49343645004902	2.54909150646437
2.68999999999999	22	4	1.46666666666667	0	0	0.0978617751912446	0.907228202894512	0.411562852090828	3.59437669916667	0.493436450049019	2.54909150646437
2.69999999999999	22	4	1.46666666666667	0	0	0.0978617751912446	0.907228202894512	0.411562852090827	3.59437669916667	0.49343645004902	2.54909150646437
2.70999999999999	22	4	1.46666666666667	0	0	0.0978617751912446	0.907228202894512	0.411562852090827	3.59437669916667	0.49343645004902	2.54909150646437
2.71999999999999	22	4	1.46666666666667	0	0	0.0978617751912446	0.907228202894512	0.411562852090828	3.59437669916667	0.49343645004902	2.54909150646437
2.72999999999999	22	4	1.46666666666667	0	0	0.0978617751912446	0.907228202894512	0.411562852090828	3.59437669916667	0.49343645004902	2.54909150646437
2.73999999999999	22	4	1.46666666666667	0	0	0.0978617751912446	0.907228202894512	0.411562852090827	3.59437669916667	0.49343645004902	2.54909150646437
2.74999999999999	22	4	1.46666666666667	0	0	0.0978617751912446	0.907228202894512	0.411562852090828	3.59437669916667	0.49343645004902	2.54909150646437
2.75999999999999	22	4	1.46666666666667	0	0	0.0978617751912446	0.907228202894512	0.411562852090828	3.59437669916667	0.49343645004902	2.54909150646437
2.76999999999998	22	4	1.46666666666667	0	0	0.0978617751912446	0.907228202894512	0.411562852090827	3.59437669916667	0.49343645004902	2.54909150646437
2.77999999999998	22	4	1.46666666666667	0	0	0.0978617751912446	0.907228202894512	0.411562852090827	3.59437669916667	0.49343645004902	2.54909150646437
2.78999999999998	22	4	1.46666666666667	0	0	0.0978617751912446	0.907228202894512	0.411562852090827	3.59437669916667	0.49343645004902	2.54909150646437
2.79999999999998	22	4	1.46666666666667	0	0	0.0978617751912446	0.907228202894512	0.411562852090827	3.59437669916667	0.493436450049019	2.54909150646437
2.80999999999998	22	4	1.46666666666667	0	0	0.0978617751912446	0.907228202894512	0.411562852090828	3.59437669916667	0.49343645004902	2.54909150646437
2.81999999999998	22	4	1.46666666666667	0	0	0.0978617751912446	0.907228202894512	0.411562852090828	3.59437669916667	0.49343645004902	2.54909150646437
2.82999999999998	22	4	1.46666666666667	0	0	0.0978617751912446	0.907228202894512	0.411562852090828	3.59437669916667	0.49343645004902	2.54909150646437
2.83999999999998	22	4	1.46666666666667	0	0	0.0978617751912446	0.907228202894512	0.411562852090827	3.59437669916667	0.49343645004902	2.54909150646437
2.84999999999998	22	4	1.46666666666667	0	0	0.0978617751912446	0.907228202894512	0.411562852090827	3.59437669916667	0.493436450049019	2.54909150646437
2.85999999999998	22	4	1.46666666666667	0	0	0.0978617751912446	0.907228202894512	0.411562852090827	3.59437669916667	0.49343645004902	2.54909150646437
2.86999999999998	22	3	1.44910179640719	0	0	0.517573168010962	1.11270809516235	0.0987476129931952	3.63120810444444	1.0467861345098	1.40002390356252
2.87999999999998	22	3	1.44910179640719	0	0	0.517573168010962	1.11270809516235	0.0987476129931952	3.63120810444445	1.0467861345098	1.40002390356252
2.88999999999998	22	3	1.44910179640719	0	0	0.517573168010962	1.11270809516235	0.0987476129931953	3.63120810444444	1.0467861345098	1.40002390356252
2.89999999999998	22	3	1.44910179640719	0	0	0.517573168010962	1.11270809516235	0.0987476129931953	3.63120810444444	1.0467861345098	1.40002390356252
2.90999999999998	22	3	1.44910179640719	0	0	0.517573168010962	1.11270809516235	0.0987476129931952	3.63120810444445	1.0467861345098	1.40002390356252
2.91999999999998	22	3	1.44910179640719	0	0	0.517573168010962	1.11270809516235	0.0987476129931952	3.63120810444445	1.0467861345098	1.40002390356252
2.92999999999998	22	3	1.44910179640719	0	0	0.517573168010962	1.11270809516235	0.0987476129931953	3.63120810444444	1.0467861345098	1.40002390356252
2.93999999999998	22	3	1.44910179640719	0	0	0.517573168010962	1.11270809516235	0.0987476129931952	3.63120810444444	1.0467861345098	1.40002390356252
2.94999999999998	22	3	1.44910179640719	0	0	0.517573168010962	1.11270809516235	0.0987476129931953	3.63120810444444	1.0467861345098	1.40002390356252
2.95999999999998	22	3	1.44910179640719	0	0	0.517573168010962	1.11270809516235	0.0987476129931953	3.63120810444444	1.0467861345098	1.40002390356252
2.96999999999998	22	3	1.44910179640719	0	0	0.517573168010962	1.11270809516235	0.0987476129931952	3.63120810444445	1.0467861345098	1.40002390356252
2.97999999999998	22	3	1.44910179640719	0	0	0.517573168010962	1.11270809516235	0.0987476129931952	3.63120810444444	1.0467861345098	1.40002390356252
2.98999999999998	22	3	1.44910179640719	0	0	0.517573168010962	1.11270809516235	0.0987476129931953	3.63120810444444	1.0467861345098	1.40002390356252
2.99999999999998	22	3	1.44910179640719	0	0	0.517573168010962	1.11270809516235	0.0987476129931953	3.63120810444444	1.0467861345098	1.40002390356252
3.00999999999998	22	3	1.44910179640719	0	0	0.517573168010962	1.11270809516235	0.0987476129931953	3.63120810444444	1.0467861345098	1.40002390356252
3.01999999999998	22	3	1.3224043715847	0	0	0.546925678632127	1.1393633045279	0.0456476671182362	3.6450559622807	1.32052880824561	1.117886628837
3.02999999999998	22	2	1.09502262443439	0	0	0.347102541309969	1	-2.4980018054066e-16	3.38816697761905	0.741819790523809	2.28368602516429
3.03999999999998	22	1	1	0	0	1	0	-1	0	1.65677843528138	0.603581009207282
