#dist_cut	num_seqs	num_clusters	num_clusters(recip_simpson_index)	avg_intra_clust_phylo_dist_phylum(norm_shannon_index)	avg_inter_clust_phylo_dist_phylum(norm_shannon_index)	avg_intra_clust_phylo_dist_order(norm_shannon_index)	avg_inter_clust_phylo_dist_order(norm_shannon_index)	avg_silhouette_width	avg_inter_clust_dist	avg_intra_clust_dist	dunn_index
0	23	23	23	0	0	0	0.331187418012537	1	1.69079535596838	0	0.09783875
0.01	23	23	23	0	0	0	0.331187418012537	1	1.69079535596838	0	0.09783875
0.02	23	23	23	0	0	0	0.331187418012537	1	1.69079535596838	0	0.09783875
0.03	23	23	23	0	0	0	0.331187418012537	1	1.69079535596838	0	0.09783875
0.04	23	23	23	0	0	0	0.331187418012537	1	1.69079535596838	0	0.09783875
0.05	23	23	23	0	0	0	0.331187418012537	1	1.69079535596838	0	0.09783875
0.06	23	23	23	0	0	0	0.331187418012537	1	1.69079535596838	0	0.09783875
0.07	23	23	23	0	0	0	0.331187418012537	1	1.69079535596838	0	0.09783875
0.08	23	23	23	0	0	0	0.331187418012537	1	1.69079535596838	0	0.09783875
0.09	23	23	23	0	0	0	0.331187418012537	1	1.69079535596838	0	0.09783875
0.1	23	22	21.16	0	0	0	0.344479516240139	0.909090909090909	1.73060305616883	0.00444721590909091	1.09837196407354
0.11	23	20	17.0645161290323	0	0	0	0.373920097745298	0.889142678544462	1.8183107055614	0.0112001853333333	1.05008181714433
0.12	23	20	17.0645161290323	0	0	0	0.373920097745298	0.889142678544462	1.8183107055614	0.0112001853333333	1.05008181714433
0.13	23	18	14.2972972972973	0	0	0	0.408593914325106	0.868208388138331	1.90754283803922	0.0202506781481481	1.06420251710818
0.14	23	16	11.7555555555556	0	0	0	0.450448118344044	0.798412983728142	2.02024728377083	0.0322342413541667	1.22582896315304
0.15	23	15	9.28070175438596	0	0	0	0.474728714127507	0.838024793928913	2.07699097465714	0.0270787978444444	1.76030107693192
0.16	23	15	9.28070175438596	0	0	0	0.474728714127507	0.838024793928913	2.07699097465714	0.0270787978444444	1.76030107693192
0.17	23	15	9.28070175438596	0	0	0	0.474728714127507	0.838024793928913	2.07699097465714	0.0270787978444444	1.76030107693192
0.18	23	15	9.28070175438596	0	0	0	0.474728714127507	0.838024793928913	2.07699097465714	0.0270787978444444	1.76030107693192
0.19	23	15	9.28070175438596	0	0	0	0.474728714127507	0.838024793928913	2.07699097465714	0.0270787978444444	1.76030107693192
0.2	23	15	9.28070175438596	0	0	0	0.474728714127507	0.838024793928913	2.07699097465714	0.0270787978444444	1.76030107693192
0.21	23	15	9.28070175438596	0	0	0	0.474728714127507	0.838024793928913	2.07699097465714	0.0270787978444444	1.76030107693192
0.22	23	15	9.28070175438596	0	0	0	0.474728714127507	0.838024793928913	2.07699097465714	0.0270787978444444	1.76030107693192
0.23	23	15	9.28070175438596	0	0	0	0.474728714127507	0.838024793928913	2.07699097465714	0.0270787978444444	1.76030107693192
0.24	23	15	9.28070175438596	0	0	0	0.474728714127507	0.838024793928913	2.07699097465714	0.0270787978444444	1.76030107693192
0.25	23	15	9.28070175438596	0	0	0	0.474728714127507	0.838024793928913	2.07699097465714	0.0270787978444444	1.76030107693192
0.26	23	14	8.13846153846154	0	0	0	0.501857730159864	0.823147159164872	2.13264801098901	0.0334355182857143	1.34413670808693
0.27	23	13	7.8955223880597	0	0	0	0.53145390947241	0.768909298741812	2.20197649230769	0.0562763266153846	1.24173017483179
0.28	23	13	7.8955223880597	0	0	0	0.53145390947241	0.77872999871015	2.20197649230769	0.0562763266153846	1.24173017483179
0.29	23	13	7.8955223880597	0	0	0	0.53145390947241	0.77872999871015	2.20197649230769	0.0562763266153846	1.24173017483179
0.3	23	13	7.8955223880597	0	0	0	0.53145390947241	0.771058014562025	2.20197649230769	0.0562763266153846	1.24173017483179
0.31	23	13	7.8955223880597	0	0	0	0.53145390947241	0.771058014562025	2.20197649230769	0.0562763266153846	1.24173017483179
0.32	23	13	7.8955223880597	0	0	0	0.53145390947241	0.777034569781827	2.20197649230769	0.0562763266153846	1.24173017483179
0.33	23	12	7.66666666666667	0	0	0	0.564208430805277	0.768682434407146	2.17504653734849	0.0882318271666667	1.35883613444043
0.34	23	12	7.66666666666667	0	0	0	0.564208430805277	0.763972781928431	2.17504653734849	0.0882318271666667	1.35883613444043
0.35	23	12	7.66666666666667	0	0	0	0.564208430805277	0.749313489114198	2.17504653734848	0.0882318271666667	1.35883613444043
0.36	23	12	7.66666666666667	0	0	0	0.564208430805277	0.749313489114198	2.17504653734848	0.0882318271666667	1.35883613444043
0.37	23	12	7.66666666666667	0	0	0	0.564208430805277	0.768682434407146	2.17504653734848	0.0882318271666667	1.35883613444043
0.38	23	12	7.66666666666667	0	0	0	0.564208430805277	0.763972781928431	2.17504653734849	0.0882318271666667	1.35883613444043
0.39	23	12	7.66666666666667	0	0	0	0.564208430805277	0.764205995655988	2.17504653734849	0.0882318271666667	1.35883613444043
0.4	23	12	7.66666666666667	0	0	0	0.564208430805277	0.749313489114198	2.17504653734849	0.0882318271666667	1.35883613444043
0.41	23	12	7.66666666666667	0	0	0	0.564208430805277	0.763972781928431	2.17504653734849	0.0882318271666667	1.35883613444043
0.42	23	11	7.24657534246575	0	0	0	0.598608277436046	0.734145644289895	2.08902635775758	0.103368507212121	1.10546738529938
0.43	23	11	7.24657534246575	0	0	0	0.598608277436046	0.734145644289895	2.08902635775758	0.103368507212121	1.10546738529938
0.44	23	11	7.05333333333333	0	0	0	0.599568840157202	0.737979602415487	2.08850271416667	0.114318658727273	0.984341451794828
0.45	23	11	7.05333333333333	0	0	0	0.599568840157202	0.737979602415487	2.08850271416667	0.114318658727273	0.984341451794828
0.46	23	11	7.05333333333333	0	0	0	0.599568840157202	0.721773937259182	2.08850271416667	0.114318658727273	0.984341451794828
0.47	23	10	4.30081300813008	0	0	0	0.657104521491427	0.758957848207329	2.17876323766667	0.111717347355556	1.23227969950279
0.48	23	10	4.30081300813008	0	0	0	0.657104521491427	0.741131616535393	2.17876323766667	0.111717347355556	1.23227969950279
0.49	23	10	4.30081300813008	0	0	0	0.657104521491427	0.741131616535393	2.17876323766667	0.111717347355556	1.23227969950279
0.5	23	9	3.6993006993007	0	0	0	0.710344261545466	0.741623543733498	2.31147210991582	0.128240094228956	1.51749149528438
0.51	23	9	3.6993006993007	0	0	0	0.710344261545466	0.721816619653569	2.31147210991582	0.128240094228956	1.51749149528438
0.52	23	9	3.6993006993007	0	0	0	0.710344261545466	0.741623543733498	2.31147210991582	0.128240094228956	1.51749149528438
0.53	23	9	3.6993006993007	0	0	0	0.710344261545466	0.741623543733497	2.31147210991582	0.128240094228956	1.51749149528438
0.54	23	9	3.6993006993007	0	0	0	0.710344261545466	0.721816619653569	2.31147210991582	0.128240094228956	1.51749149528438
0.55	23	9	3.6993006993007	0	0	0	0.710344261545466	0.741623543733498	2.31147210991583	0.128240094228956	1.51749149528438
0.56	23	9	3.24539877300613	0	0	0	0.716745554849531	0.771114340226587	2.3079386062963	0.106214551464646	1.43794691158808
0.57	23	9	3.24539877300613	0	0	0	0.716745554849531	0.771114340226586	2.3079386062963	0.106214551464646	1.43794691158808
0.58	23	9	3.24539877300613	0	0	0	0.716745554849531	0.775428415843879	2.3079386062963	0.106214551464646	1.43794691158808
0.59	23	9	3.24539877300613	0	0	0	0.716745554849531	0.771114340226587	2.3079386062963	0.106214551464646	1.43794691158808
0.6	23	9	3.24539877300613	0	0	0	0.716745554849531	0.775428415843879	2.3079386062963	0.106214551464646	1.43794691158808
0.61	23	9	3.24539877300613	0	0	0	0.716745554849531	0.771114340226587	2.3079386062963	0.106214551464646	1.43794691158808
0.62	23	7	3.05780346820809	0	0	0	0.821099648364821	0.595713705388202	2.57261807791667	0.200711302597403	1.26722739051426
0.63	23	7	3.05780346820809	0	0	0	0.821099648364821	0.595713705388202	2.57261807791667	0.200711302597403	1.26722739051426
0.64	23	7	3.05780346820809	0	0	0	0.821099648364821	0.595713705388202	2.57261807791667	0.200711302597403	1.26722739051426
0.65	23	7	3.05780346820809	0	0	0	0.821099648364821	0.595713705388203	2.57261807791667	0.200711302597403	1.26722739051426
0.66	23	6	2.95530726256983	0	0	0	0.866509762060342	0.520624719923289	2.48736709075	0.260718534141414	1.35001870761447
0.67	23	6	2.95530726256983	0	0	0	0.866509762060342	0.520624719923289	2.48736709075	0.260718534141414	1.35001870761447
0.68	23	6	2.95530726256983	0	0	0	0.866509762060342	0.520624719923289	2.48736709075	0.260718534141414	1.35001870761447
0.69	23	6	2.95530726256983	0	0	0	0.866509762060342	0.520624719923289	2.48736709075	0.260718534141414	1.35001870761447
0.7	23	6	2.95530726256983	0	0	0	0.866509762060342	0.520624719923289	2.48736709075	0.260718534141414	1.35001870761447
0.71	23	6	2.95530726256983	0	0	0	0.866509762060342	0.617301142867143	2.48736709075	0.260718534141414	1.35001870761447
0.72	23	6	2.95530726256983	0	0	0	0.866509762060342	0.617301142867143	2.48736709075	0.260718534141414	1.35001870761447
0.73	23	6	2.95530726256983	0	0	0	0.866509762060342	0.520624719923289	2.48736709075	0.260718534141414	1.35001870761447
0.74	23	6	2.68527918781726	0	0	0	0.884525037496006	0.632469059709959	2.48989101367521	0.259780136965812	1.37665557662136
0.75	23	6	2.68527918781726	0	0	0	0.884525037496006	0.632469059709959	2.48989101367521	0.259780136965812	1.37665557662136
0.76	23	6	2.68527918781726	0	0	0	0.884525037496006	0.632469059709959	2.48989101367521	0.259780136965812	1.37665557662136
0.77	23	5	1.92363636363636	0	0	0	0.991721958941262	0.565096267590689	2.683486922	0.227477896133333	1.97581760112493
0.78	23	5	1.92363636363636	0	0	0	0.991721958941262	0.565096267590689	2.683486922	0.227477896133333	1.97581760112493
0.79	23	5	1.92363636363636	0	0	0	0.991721958941262	0.565096267590689	2.683486922	0.227477896133333	1.97581760112493
0.8	23	5	1.92363636363636	0	0	0	0.991721958941262	0.565096267590689	2.683486922	0.227477896133333	1.97581760112493
0.81	23	5	1.92363636363636	0	0	0	0.991721958941262	0.565096267590689	2.683486922	0.227477896133333	1.97581760112493
0.820000000000001	23	5	1.92363636363636	0	0	0	0.991721958941262	0.565096267590689	2.683486922	0.227477896133333	1.97581760112493
0.830000000000001	23	5	1.92363636363636	0	0	0	0.991721958941262	0.565096267590689	2.683486922	0.227477896133333	1.97581760112493
0.840000000000001	23	5	1.92363636363636	0	0	0	0.991721958941262	0.565096267590689	2.683486922	0.227477896133333	1.97581760112493
0.850000000000001	23	5	1.92363636363636	0	0	0	0.991721958941262	0.565096267590689	2.683486922	0.227477896133333	1.97581760112493
0.860000000000001	23	5	1.92363636363636	0	0	0	0.991721958941262	0.565096267590689	2.683486922	0.227477896133333	1.97581760112493
0.870000000000001	23	5	1.92363636363636	0	0	0	0.991721958941262	0.565096267590689	2.683486922	0.227477896133333	1.97581760112493
0.880000000000001	23	5	1.92363636363636	0	0	0	0.991721958941262	0.565096267590689	2.683486922	0.227477896133333	1.97581760112493
0.890000000000001	23	5	1.92363636363636	0	0	0	0.991721958941262	0.565096267590689	2.683486922	0.227477896133333	1.97581760112493
0.900000000000001	23	5	1.92363636363636	0	0	0	0.991721958941262	0.565096267590689	2.683486922	0.227477896133333	1.97581760112493
0.910000000000001	23	5	1.92363636363636	0	0	0	0.991721958941262	0.565096267590689	2.683486922	0.227477896133333	1.97581760112493
0.920000000000001	23	5	1.92363636363636	0	0	0	0.991721958941262	0.565096267590689	2.683486922	0.227477896133333	1.97581760112493
0.930000000000001	23	5	1.92363636363636	0	0	0	0.991721958941262	0.565096267590689	2.683486922	0.227477896133333	1.97581760112493
0.940000000000001	23	5	1.92363636363636	0	0	0	0.991721958941262	0.565096267590689	2.683486922	0.227477896133333	1.97581760112493
0.950000000000001	23	5	1.92363636363636	0	0	0	0.991721958941262	0.565096267590689	2.683486922	0.227477896133333	1.97581760112493
0.960000000000001	23	5	1.92363636363636	0	0	0	0.991721958941262	0.565096267590689	2.683486922	0.227477896133333	1.97581760112493
0.970000000000001	23	4	1.72312703583062	0	0	0	0.99474912597565	0.456180414442809	2.94019893568627	0.300781173529412	3.27130375617633
0.980000000000001	23	4	1.72312703583062	0	0	0	0.99474912597565	0.456180414442809	2.94019893568627	0.300781173529412	3.27130375617633
0.990000000000001	23	4	1.72312703583062	0	0	0	0.99474912597565	0.45618041444281	2.94019893568627	0.300781173529412	3.27130375617634
1	23	4	1.72312703583062	0	0	0	0.99474912597565	0.456180414442809	2.94019893568627	0.300781173529412	3.27130375617633
1.01	23	4	1.72312703583062	0	0	0	0.99474912597565	0.45618041444281	2.94019893568627	0.300781173529412	3.27130375617633
1.02	23	4	1.72312703583062	0	0	0	0.99474912597565	0.45618041444281	2.94019893568627	0.300781173529412	3.27130375617633
1.03	23	4	1.72312703583062	0	0	0	0.99474912597565	0.45618041444281	2.94019893568627	0.300781173529412	3.27130375617633
1.04	23	4	1.72312703583062	0	0	0	0.99474912597565	0.45618041444281	2.94019893568627	0.300781173529412	3.27130375617633
1.05	23	4	1.72312703583062	0	0	0	0.99474912597565	0.45618041444281	2.94019893568627	0.300781173529412	3.27130375617633
1.06	23	4	1.72312703583062	0	0	0	0.99474912597565	0.456180414442809	2.94019893568627	0.300781173529412	3.27130375617633
1.07	23	4	1.72312703583062	0	0	0	0.99474912597565	0.45618041444281	2.94019893568627	0.300781173529412	3.27130375617633
1.08	23	4	1.72312703583062	0	0	0	0.99474912597565	0.45618041444281	2.94019893568627	0.300781173529412	3.27130375617633
1.09	23	4	1.72312703583062	0	0	0	0.99474912597565	0.45618041444281	2.94019893568627	0.300781173529412	3.27130375617633
1.1	23	4	1.72312703583062	0	0	0	0.99474912597565	0.45618041444281	2.94019893568627	0.300781173529412	3.27130375617633
1.11	23	4	1.72312703583062	0	0	0	0.99474912597565	0.456180414442809	2.94019893568627	0.300781173529412	3.27130375617633
1.12	23	4	1.72312703583062	0	0	0	0.99474912597565	0.45618041444281	2.94019893568627	0.300781173529412	3.27130375617634
1.13	23	4	1.72312703583062	0	0	0	0.99474912597565	0.456180414442809	2.94019893568627	0.300781173529412	3.27130375617633
1.14	23	4	1.72312703583062	0	0	0	0.99474912597565	0.456180414442809	2.94019893568627	0.300781173529412	3.27130375617633
1.15	23	4	1.72312703583062	0	0	0	0.99474912597565	0.456180414442809	2.94019893568627	0.300781173529412	3.27130375617633
1.16	23	4	1.72312703583062	0	0	0	0.99474912597565	0.456180414442809	2.94019893568627	0.300781173529412	3.27130375617633
1.17	23	4	1.72312703583062	0	0	0	0.99474912597565	0.456180414442809	2.94019893568627	0.300781173529412	3.27130375617633
1.18	23	4	1.72312703583062	0	0	0	0.99474912597565	0.45618041444281	2.94019893568627	0.300781173529412	3.27130375617633
1.19	23	4	1.72312703583062	0	0	0	0.99474912597565	0.45618041444281	2.94019893568627	0.300781173529412	3.27130375617633
1.2	23	4	1.72312703583062	0	0	0	0.99474912597565	0.456180414442809	2.94019893568627	0.300781173529412	3.27130375617633
1.21	23	4	1.72312703583062	0	0	0	0.99474912597565	0.456180414442809	2.94019893568627	0.300781173529412	3.27130375617633
1.22	23	4	1.72312703583062	0	0	0	0.99474912597565	0.45618041444281	2.94019893568627	0.300781173529412	3.27130375617633
1.23	23	4	1.72312703583062	0	0	0	0.99474912597565	0.45618041444281	2.94019893568627	0.300781173529412	3.27130375617633
1.24	23	4	1.72312703583062	0	0	0	0.99474912597565	0.45618041444281	2.94019893568627	0.300781173529412	3.27130375617633
1.25	23	4	1.72312703583062	0	0	0	0.99474912597565	0.456180414442809	2.94019893568627	0.300781173529412	3.27130375617633
1.26	23	4	1.72312703583062	0	0	0	0.99474912597565	0.456180414442809	2.94019893568627	0.300781173529412	3.27130375617633
1.27	23	4	1.72312703583062	0	0	0	0.99474912597565	0.456180414442809	2.94019893568627	0.300781173529412	3.27130375617633
1.28	23	4	1.72312703583062	0	0	0	0.99474912597565	0.456180414442809	2.94019893568627	0.300781173529412	3.27130375617633
1.29	23	4	1.72312703583062	0	0	0	0.99474912597565	0.45618041444281	2.94019893568627	0.300781173529412	3.27130375617633
1.3	23	4	1.72312703583062	0	0	0	0.99474912597565	0.456180414442809	2.94019893568627	0.300781173529412	3.27130375617633
1.31	23	4	1.72312703583062	0	0	0	0.99474912597565	0.45618041444281	2.94019893568627	0.300781173529412	3.27130375617634
1.32	23	4	1.72312703583062	0	0	0	0.99474912597565	0.45618041444281	2.94019893568627	0.300781173529412	3.27130375617633
1.33	23	4	1.72312703583062	0	0	0	0.99474912597565	0.456180414442809	2.94019893568627	0.300781173529412	3.27130375617633
1.34	23	4	1.72312703583062	0	0	0	0.99474912597565	0.456180414442809	2.94019893568627	0.300781173529412	3.27130375617633
1.35	23	4	1.72312703583062	0	0	0	0.99474912597565	0.45618041444281	2.94019893568627	0.300781173529412	3.27130375617633
1.36	23	4	1.72312703583062	0	0	0	0.99474912597565	0.45618041444281	2.94019893568627	0.300781173529412	3.27130375617633
1.37	23	4	1.72312703583062	0	0	0	0.99474912597565	0.45618041444281	2.94019893568627	0.300781173529412	3.27130375617633
1.38	23	4	1.72312703583062	0	0	0	0.99474912597565	0.45618041444281	2.94019893568627	0.300781173529412	3.27130375617633
1.39	23	4	1.72312703583062	0	0	0	0.99474912597565	0.45618041444281	2.94019893568627	0.300781173529412	3.27130375617633
1.4	23	4	1.72312703583062	0	0	0	0.99474912597565	0.45618041444281	2.94019893568627	0.300781173529412	3.27130375617633
1.41	23	4	1.72312703583062	0	0	0	0.99474912597565	0.456180414442809	2.94019893568627	0.300781173529412	3.27130375617633
1.42	23	4	1.72312703583062	0	0	0	0.99474912597565	0.456180414442809	2.94019893568627	0.300781173529412	3.27130375617633
1.43	23	4	1.72312703583062	0	0	0	0.99474912597565	0.45618041444281	2.94019893568627	0.300781173529412	3.27130375617633
1.44	23	4	1.72312703583062	0	0	0	0.99474912597565	0.456180414442809	2.94019893568627	0.300781173529412	3.27130375617633
1.45	23	4	1.72312703583062	0	0	0	0.99474912597565	0.456180414442809	2.94019893568627	0.300781173529412	3.27130375617633
1.46	23	4	1.72312703583062	0	0	0	0.99474912597565	0.45618041444281	2.94019893568627	0.300781173529412	3.27130375617633
1.47	23	4	1.72312703583062	0	0	0	0.99474912597565	0.45618041444281	2.94019893568627	0.300781173529412	3.27130375617633
1.48	23	4	1.72312703583062	0	0	0	0.99474912597565	0.456180414442809	2.94019893568627	0.300781173529412	3.27130375617633
1.49	23	4	1.72312703583062	0	0	0	0.99474912597565	0.45618041444281	2.94019893568627	0.300781173529412	3.27130375617633
1.5	23	4	1.72312703583062	0	0	0	0.99474912597565	0.45618041444281	2.94019893568627	0.300781173529412	3.27130375617633
1.51	23	4	1.72312703583062	0	0	0	0.99474912597565	0.456180414442809	2.94019893568627	0.300781173529412	3.27130375617633
1.52	23	4	1.72312703583062	0	0	0	0.99474912597565	0.456180414442809	2.94019893568627	0.300781173529412	3.27130375617633
1.53	23	4	1.72312703583062	0	0	0	0.99474912597565	0.456180414442809	2.94019893568627	0.300781173529412	3.27130375617633
1.54	23	4	1.72312703583062	0	0	0	0.99474912597565	0.456180414442809	2.94019893568627	0.300781173529412	3.27130375617633
1.55	23	4	1.72312703583062	0	0	0	0.99474912597565	0.45618041444281	2.94019893568627	0.300781173529412	3.27130375617633
1.56	23	4	1.72312703583062	0	0	0	0.99474912597565	0.456180414442809	2.94019893568627	0.300781173529412	3.27130375617633
1.57	23	4	1.72312703583062	0	0	0	0.99474912597565	0.45618041444281	2.94019893568627	0.300781173529412	3.27130375617633
1.58	23	4	1.72312703583062	0	0	0	0.99474912597565	0.456180414442809	2.94019893568627	0.300781173529412	3.27130375617633
1.59	23	4	1.72312703583062	0	0	0	0.99474912597565	0.456180414442809	2.94019893568627	0.300781173529412	3.27130375617633
1.6	23	4	1.72312703583062	0	0	0	0.99474912597565	0.45618041444281	2.94019893568627	0.300781173529412	3.27130375617633
1.61	23	4	1.72312703583062	0	0	0	0.99474912597565	0.456180414442809	2.94019893568627	0.300781173529412	3.27130375617633
1.62	23	4	1.72312703583062	0	0	0	0.99474912597565	0.45618041444281	2.94019893568627	0.300781173529412	3.27130375617633
1.63	23	4	1.72312703583062	0	0	0	0.99474912597565	0.456180414442809	2.94019893568627	0.300781173529412	3.27130375617633
1.64	23	4	1.72312703583062	0	0	0	0.99474912597565	0.456180414442809	2.94019893568627	0.300781173529412	3.27130375617633
1.65	23	4	1.72312703583062	0	0	0	0.99474912597565	0.456180414442809	2.94019893568627	0.300781173529412	3.27130375617633
1.66	23	4	1.72312703583062	0	0	0	0.99474912597565	0.456180414442809	2.94019893568627	0.300781173529412	3.27130375617634
1.67	23	4	1.72312703583062	0	0	0	0.99474912597565	0.456180414442809	2.94019893568627	0.300781173529412	3.27130375617633
1.68	23	4	1.72312703583062	0	0	0	0.99474912597565	0.456180414442809	2.94019893568627	0.300781173529412	3.27130375617633
1.69	23	4	1.72312703583062	0	0	0	0.99474912597565	0.456180414442809	2.94019893568627	0.300781173529412	3.27130375617634
1.7	23	4	1.72312703583062	0	0	0	0.99474912597565	0.456180414442809	2.94019893568627	0.300781173529412	3.27130375617633
1.71	23	4	1.72312703583062	0	0	0	0.99474912597565	0.45618041444281	2.94019893568627	0.300781173529412	3.27130375617633
1.72	23	4	1.72312703583062	0	0	0	0.99474912597565	0.45618041444281	2.94019893568627	0.300781173529412	3.27130375617633
1.73	23	4	1.72312703583062	0	0	0	0.99474912597565	0.45618041444281	2.94019893568627	0.300781173529412	3.27130375617633
1.74	23	4	1.72312703583062	0	0	0	0.99474912597565	0.45618041444281	2.94019893568627	0.300781173529412	3.27130375617633
1.75	23	4	1.72312703583062	0	0	0	0.99474912597565	0.456180414442809	2.94019893568627	0.300781173529412	3.27130375617633
1.76	23	4	1.72312703583062	0	0	0	0.99474912597565	0.45618041444281	2.94019893568627	0.300781173529412	3.27130375617633
1.77	23	4	1.72312703583062	0	0	0	0.99474912597565	0.456180414442809	2.94019893568627	0.300781173529412	3.27130375617633
1.78	23	4	1.72312703583062	0	0	0	0.99474912597565	0.45618041444281	2.94019893568627	0.300781173529412	3.27130375617633
1.79	23	4	1.72312703583062	0	0	0	0.99474912597565	0.45618041444281	2.94019893568627	0.300781173529412	3.27130375617633
1.8	23	4	1.72312703583062	0	0	0	0.99474912597565	0.45618041444281	2.94019893568627	0.300781173529412	3.27130375617633
1.81	23	4	1.72312703583062	0	0	0	0.99474912597565	0.456180414442809	2.94019893568627	0.300781173529412	3.27130375617633
1.82	23	4	1.72312703583062	0	0	0	0.99474912597565	0.456180414442809	2.94019893568627	0.300781173529412	3.27130375617633
1.83	23	4	1.72312703583062	0	0	0	0.99474912597565	0.45618041444281	2.94019893568627	0.300781173529412	3.27130375617633
1.84	23	4	1.72312703583062	0	0	0	0.99474912597565	0.45618041444281	2.94019893568627	0.300781173529412	3.27130375617633
1.85	23	4	1.72312703583062	0	0	0	0.99474912597565	0.456180414442809	2.94019893568627	0.300781173529412	3.27130375617634
1.86	23	4	1.72312703583062	0	0	0	0.99474912597565	0.45618041444281	2.94019893568627	0.300781173529412	3.27130375617633
1.87	23	3	1.55131964809384	0	0	0.201060255294185	1.02589154089062	0.274634135600205	3.15253758037037	0.454739498801743	3.60704245476824
1.88	23	3	1.55131964809384	0	0	0.201060255294185	1.02589154089062	0.274634135600205	3.15253758037037	0.454739498801743	3.60704245476824
1.89	23	3	1.55131964809384	0	0	0.201060255294185	1.02589154089062	0.274634135600205	3.15253758037037	0.454739498801743	3.60704245476824
1.9	23	3	1.55131964809384	0	0	0.201060255294185	1.02589154089062	0.274634135600205	3.15253758037037	0.454739498801743	3.60704245476824
1.91	23	3	1.55131964809384	0	0	0.201060255294185	1.02589154089062	0.274634135600205	3.15253758037037	0.454739498801743	3.60704245476824
1.92	23	3	1.55131964809384	0	0	0.201060255294185	1.02589154089062	0.274634135600205	3.15253758037037	0.454739498801743	3.60704245476824
1.93	23	3	1.55131964809384	0	0	0.201060255294185	1.02589154089062	0.274634135600205	3.15253758037037	0.454739498801743	3.60704245476824
1.94	23	3	1.55131964809384	0	0	0.201060255294185	1.02589154089062	0.274634135600205	3.15253758037037	0.454739498801743	3.60704245476823
1.95	23	3	1.55131964809384	0	0	0.201060255294185	1.02589154089062	0.274634135600205	3.15253758037037	0.454739498801743	3.60704245476824
1.96	23	3	1.55131964809384	0	0	0.201060255294185	1.02589154089062	0.274634135600205	3.15253758037037	0.454739498801743	3.60704245476824
1.97	23	3	1.55131964809384	0	0	0.201060255294185	1.02589154089062	0.274634135600205	3.15253758037037	0.454739498801743	3.60704245476824
1.98	23	3	1.55131964809384	0	0	0.201060255294185	1.02589154089062	0.274634135600205	3.15253758037037	0.454739498801743	3.60704245476823
1.99	23	3	1.55131964809384	0	0	0.201060255294185	1.02589154089062	0.274634135600205	3.15253758037037	0.454739498801743	3.60704245476824
2	23	3	1.55131964809384	0	0	0.201060255294185	1.02589154089062	0.274634135600205	3.15253758037037	0.454739498801743	3.60704245476824
2.01	23	3	1.55131964809384	0	0	0.201060255294185	1.02589154089062	0.274634135600205	3.15253758037037	0.454739498801743	3.60704245476823
2.02	23	3	1.55131964809384	0	0	0.201060255294185	1.02589154089062	0.274634135600205	3.15253758037037	0.454739498801743	3.60704245476824
2.03	23	3	1.55131964809384	0	0	0.201060255294185	1.02589154089062	0.274634135600205	3.15253758037037	0.454739498801743	3.60704245476824
2.04	23	3	1.55131964809384	0	0	0.201060255294185	1.02589154089062	0.274634135600205	3.15253758037037	0.454739498801743	3.60704245476823
2.05	23	3	1.55131964809384	0	0	0.201060255294185	1.02589154089062	0.274634135600205	3.15253758037037	0.454739498801743	3.60704245476824
2.06	23	3	1.55131964809384	0	0	0.201060255294185	1.02589154089062	0.274634135600205	3.15253758037037	0.454739498801743	3.60704245476824
2.07	23	3	1.55131964809384	0	0	0.201060255294185	1.02589154089062	0.274634135600205	3.15253758037037	0.454739498801743	3.60704245476823
2.08	23	3	1.55131964809384	0	0	0.201060255294185	1.02589154089062	0.274634135600205	3.15253758037037	0.454739498801743	3.60704245476823
2.09	23	3	1.55131964809384	0	0	0.201060255294185	1.02589154089062	0.274634135600205	3.15253758037037	0.454739498801743	3.60704245476824
2.1	23	3	1.55131964809384	0	0	0.201060255294185	1.02589154089062	0.274634135600205	3.15253758037037	0.454739498801743	3.60704245476824
2.11	23	3	1.55131964809384	0	0	0.201060255294185	1.02589154089062	0.274634135600205	3.15253758037037	0.454739498801743	3.60704245476824
2.12	23	3	1.55131964809384	0	0	0.201060255294185	1.02589154089062	0.274634135600205	3.15253758037037	0.454739498801743	3.60704245476824
2.13	23	3	1.55131964809384	0	0	0.201060255294185	1.02589154089062	0.274634135600205	3.15253758037037	0.454739498801743	3.60704245476824
2.14	23	3	1.55131964809384	0	0	0.201060255294185	1.02589154089062	0.274634135600205	3.15253758037037	0.454739498801743	3.60704245476824
2.15	23	3	1.55131964809384	0	0	0.201060255294185	1.02589154089062	0.274634135600205	3.15253758037037	0.454739498801743	3.60704245476824
2.16	23	3	1.55131964809384	0	0	0.201060255294185	1.02589154089062	0.274634135600205	3.15253758037037	0.454739498801743	3.60704245476823
2.17	23	3	1.55131964809384	0	0	0.201060255294185	1.02589154089062	0.274634135600205	3.15253758037037	0.454739498801743	3.60704245476824
2.18	23	3	1.55131964809384	0	0	0.201060255294185	1.02589154089062	0.274634135600205	3.15253758037037	0.454739498801743	3.60704245476824
2.19	23	3	1.55131964809384	0	0	0.201060255294185	1.02589154089062	0.274634135600205	3.15253758037037	0.454739498801743	3.60704245476824
2.2	23	3	1.55131964809384	0	0	0.201060255294185	1.02589154089062	0.274634135600205	3.15253758037037	0.454739498801743	3.60704245476823
2.21	23	3	1.55131964809384	0	0	0.201060255294185	1.02589154089062	0.274634135600205	3.15253758037037	0.454739498801743	3.60704245476824
2.22	23	3	1.55131964809384	0	0	0.201060255294185	1.02589154089062	0.274634135600205	3.15253758037037	0.454739498801743	3.60704245476824
2.23	23	3	1.55131964809384	0	0	0.201060255294185	1.02589154089062	0.274634135600205	3.15253758037037	0.454739498801743	3.60704245476824
2.24	23	3	1.55131964809384	0	0	0.201060255294185	1.02589154089062	0.274634135600205	3.15253758037037	0.454739498801743	3.60704245476824
2.25	23	3	1.55131964809384	0	0	0.201060255294185	1.02589154089062	0.274634135600205	3.15253758037037	0.454739498801743	3.60704245476824
2.26	23	3	1.55131964809384	0	0	0.201060255294185	1.02589154089062	0.274634135600205	3.15253758037037	0.454739498801743	3.60704245476824
2.27	23	3	1.55131964809384	0	0	0.201060255294185	1.02589154089062	0.274634135600205	3.15253758037037	0.454739498801743	3.60704245476824
2.28	23	3	1.55131964809384	0	0	0.201060255294185	1.02589154089062	0.274634135600205	3.15253758037037	0.454739498801743	3.60704245476824
2.29	23	3	1.55131964809384	0	0	0.201060255294185	1.02589154089062	0.274634135600205	3.15253758037037	0.454739498801743	3.60704245476824
2.29999999999999	23	3	1.55131964809384	0	0	0.201060255294185	1.02589154089062	0.274634135600205	3.15253758037037	0.454739498801743	3.60704245476824
2.30999999999999	23	3	1.55131964809384	0	0	0.201060255294185	1.02589154089062	0.274634135600205	3.15253758037037	0.454739498801743	3.60704245476824
2.31999999999999	23	3	1.55131964809384	0	0	0.201060255294185	1.02589154089062	0.274634135600205	3.15253758037037	0.454739498801743	3.60704245476824
2.32999999999999	23	3	1.55131964809384	0	0	0.201060255294185	1.02589154089062	0.274634135600205	3.15253758037037	0.454739498801743	3.60704245476824
2.33999999999999	23	3	1.55131964809384	0	0	0.201060255294185	1.02589154089062	0.274634135600205	3.15253758037037	0.454739498801743	3.60704245476824
2.34999999999999	23	3	1.55131964809384	0	0	0.201060255294185	1.02589154089062	0.274634135600205	3.15253758037037	0.454739498801743	3.60704245476824
2.35999999999999	23	3	1.55131964809384	0	0	0.201060255294185	1.02589154089062	0.274634135600205	3.15253758037037	0.454739498801743	3.60704245476824
2.36999999999999	23	3	1.55131964809384	0	0	0.201060255294185	1.02589154089062	0.274634135600205	3.15253758037037	0.454739498801743	3.60704245476824
2.37999999999999	23	3	1.55131964809384	0	0	0.201060255294185	1.02589154089062	0.274634135600205	3.15253758037037	0.454739498801743	3.60704245476823
2.38999999999999	23	3	1.55131964809384	0	0	0.201060255294185	1.02589154089062	0.274634135600205	3.15253758037037	0.454739498801743	3.60704245476824
2.39999999999999	23	3	1.55131964809384	0	0	0.201060255294185	1.02589154089062	0.274634135600205	3.15253758037037	0.454739498801743	3.60704245476824
2.40999999999999	23	3	1.55131964809384	0	0	0.201060255294185	1.02589154089062	0.274634135600205	3.15253758037037	0.454739498801743	3.60704245476824
2.41999999999999	23	3	1.55131964809384	0	0	0.201060255294185	1.02589154089062	0.274634135600205	3.15253758037037	0.454739498801743	3.60704245476824
2.42999999999999	23	3	1.55131964809384	0	0	0.201060255294185	1.02589154089062	0.274634135600205	3.15253758037037	0.454739498801743	3.60704245476824
2.43999999999999	23	3	1.55131964809384	0	0	0.201060255294185	1.02589154089062	0.274634135600205	3.15253758037037	0.454739498801743	3.60704245476824
2.44999999999999	23	3	1.55131964809384	0	0	0.201060255294185	1.02589154089062	0.274634135600205	3.15253758037037	0.454739498801743	3.60704245476824
2.45999999999999	23	3	1.55131964809384	0	0	0.201060255294185	1.02589154089062	0.274634135600205	3.15253758037037	0.454739498801743	3.60704245476824
2.46999999999999	23	3	1.55131964809384	0	0	0.201060255294185	1.02589154089062	0.274634135600205	3.15253758037037	0.454739498801743	3.60704245476823
2.47999999999999	23	3	1.55131964809384	0	0	0.201060255294185	1.02589154089062	0.274634135600205	3.15253758037037	0.454739498801743	3.60704245476824
2.48999999999999	23	3	1.55131964809384	0	0	0.201060255294185	1.02589154089062	0.274634135600205	3.15253758037037	0.454739498801743	3.60704245476824
2.49999999999999	23	3	1.55131964809384	0	0	0.201060255294185	1.02589154089062	0.274634135600205	3.15253758037037	0.454739498801743	3.60704245476824
2.50999999999999	23	3	1.55131964809384	0	0	0.201060255294185	1.02589154089062	0.274634135600205	3.15253758037037	0.454739498801743	3.60704245476824
2.51999999999999	23	3	1.55131964809384	0	0	0.201060255294185	1.02589154089062	0.274634135600205	3.15253758037037	0.454739498801743	3.60704245476824
2.52999999999999	23	3	1.55131964809384	0	0	0.201060255294185	1.02589154089062	0.274634135600205	3.15253758037037	0.454739498801743	3.60704245476824
2.53999999999999	23	3	1.55131964809384	0	0	0.201060255294185	1.02589154089062	0.274634135600205	3.15253758037037	0.454739498801743	3.60704245476824
2.54999999999999	23	3	1.55131964809384	0	0	0.201060255294185	1.02589154089062	0.274634135600205	3.15253758037037	0.454739498801743	3.60704245476824
2.55999999999999	23	3	1.55131964809384	0	0	0.201060255294185	1.02589154089062	0.274634135600205	3.15253758037037	0.454739498801743	3.60704245476824
2.56999999999999	23	3	1.55131964809384	0	0	0.201060255294185	1.02589154089062	0.274634135600205	3.15253758037037	0.454739498801743	3.60704245476824
2.57999999999999	23	3	1.55131964809384	0	0	0.201060255294185	1.02589154089062	0.274634135600205	3.15253758037037	0.454739498801743	3.60704245476824
2.58999999999999	23	3	1.55131964809384	0	0	0.201060255294185	1.02589154089062	0.274634135600205	3.15253758037037	0.454739498801743	3.60704245476824
2.59999999999999	23	3	1.55131964809384	0	0	0.201060255294185	1.02589154089062	0.274634135600205	3.15253758037037	0.454739498801743	3.60704245476824
2.60999999999999	23	3	1.55131964809384	0	0	0.201060255294185	1.02589154089062	0.274634135600205	3.15253758037037	0.454739498801743	3.60704245476823
2.61999999999999	23	3	1.55131964809384	0	0	0.201060255294185	1.02589154089062	0.274634135600205	3.15253758037037	0.454739498801743	3.60704245476824
2.62999999999999	23	3	1.55131964809384	0	0	0.201060255294185	1.02589154089062	0.274634135600205	3.15253758037037	0.454739498801743	3.60704245476824
2.63999999999999	23	3	1.55131964809384	0	0	0.201060255294185	1.02589154089062	0.274634135600205	3.15253758037037	0.454739498801743	3.60704245476823
2.64999999999999	23	3	1.55131964809384	0	0	0.201060255294185	1.02589154089062	0.274634135600205	3.15253758037037	0.454739498801743	3.60704245476824
2.65999999999999	23	3	1.55131964809384	0	0	0.201060255294185	1.02589154089062	0.274634135600205	3.15253758037037	0.454739498801743	3.60704245476823
2.66999999999999	23	3	1.55131964809384	0	0	0.201060255294185	1.02589154089062	0.274634135600205	3.15253758037037	0.454739498801743	3.60704245476824
2.67999999999999	23	3	1.55131964809384	0	0	0.201060255294185	1.02589154089062	0.274634135600205	3.15253758037037	0.454739498801743	3.60704245476824
2.68999999999999	23	3	1.55131964809384	0	0	0.201060255294185	1.02589154089062	0.274634135600205	3.15253758037037	0.454739498801743	3.60704245476824
2.69999999999999	23	3	1.55131964809384	0	0	0.201060255294185	1.02589154089062	0.274634135600205	3.15253758037037	0.454739498801743	3.60704245476824
2.70999999999999	23	3	1.55131964809384	0	0	0.201060255294185	1.02589154089062	0.274634135600205	3.15253758037037	0.454739498801743	3.60704245476824
2.71999999999999	23	3	1.55131964809384	0	0	0.201060255294185	1.02589154089062	0.274634135600205	3.15253758037037	0.454739498801743	3.60704245476824
2.72999999999999	23	3	1.55131964809384	0	0	0.201060255294185	1.02589154089062	0.274634135600205	3.15253758037037	0.454739498801743	3.60704245476824
2.73999999999999	23	2	1.51575931232092	0	0	1.00497010316596	1	-0.228416820474385	3.22817985655556	1.14586260220261	2.1632242710332
2.74999999999999	23	2	1.51575931232092	0	0	1.00497010316596	1	-0.228416820474385	3.22817985655555	1.14586260220261	2.1632242710332
2.75999999999999	23	2	1.51575931232092	0	0	1.00497010316596	1	-0.228416820474385	3.22817985655556	1.14586260220261	2.1632242710332
2.76999999999998	23	2	1.51575931232092	0	0	1.00497010316596	1	-0.228416820474385	3.22817985655556	1.14586260220261	2.1632242710332
2.77999999999998	23	2	1.51575931232092	0	0	1.00497010316596	1	-0.228416820474385	3.22817985655556	1.14586260220261	2.1632242710332
2.78999999999998	23	2	1.51575931232092	0	0	1.00497010316596	1	-0.228416820474385	3.22817985655556	1.14586260220261	2.1632242710332
2.79999999999998	23	2	1.51575931232092	0	0	1.00497010316596	1	-0.228416820474385	3.22817985655555	1.14586260220261	2.1632242710332
2.80999999999998	23	2	1.51575931232092	0	0	1.00497010316596	1	-0.228416820474385	3.22817985655555	1.14586260220261	2.1632242710332
2.81999999999998	23	2	1.51575931232092	0	0	1.00497010316596	1	-0.228416820474385	3.22817985655556	1.14586260220261	2.1632242710332
2.82999999999998	23	2	1.51575931232092	0	0	1.00497010316596	1	-0.228416820474385	3.22817985655556	1.14586260220261	2.1632242710332
2.83999999999998	23	2	1.51575931232092	0	0	1.00497010316596	1	-0.228416820474385	3.22817985655556	1.14586260220261	2.1632242710332
2.84999999999998	23	2	1.51575931232092	0	0	1.00497010316596	1	-0.228416820474385	3.22817985655555	1.14586260220261	2.1632242710332
2.85999999999998	23	2	1.51575931232092	0	0	1.00497010316596	1	-0.228416820474385	3.22817985655556	1.14586260220261	2.1632242710332
2.86999999999998	23	2	1.51575931232092	0	0	1.00497010316596	1	-0.228416820474385	3.22817985655556	1.14586260220261	2.1632242710332
2.87999999999998	23	2	1.51575931232092	0	0	1.00497010316596	1	-0.228416820474385	3.22817985655556	1.14586260220261	2.1632242710332
2.88999999999998	23	2	1.51575931232092	0	0	1.00497010316596	1	-0.228416820474385	3.22817985655555	1.14586260220261	2.1632242710332
2.89999999999998	23	2	1.51575931232092	0	0	1.00497010316596	1	-0.228416820474385	3.22817985655555	1.14586260220261	2.1632242710332
2.90999999999998	23	2	1.51575931232092	0	0	1.00497010316596	1	-0.228416820474385	3.22817985655555	1.14586260220261	2.1632242710332
2.91999999999998	23	2	1.51575931232092	0	0	1.00497010316596	1	-0.228416820474385	3.22817985655555	1.14586260220261	2.1632242710332
2.92999999999998	23	2	1.51575931232092	0	0	1.00497010316596	1	-0.228416820474385	3.22817985655556	1.14586260220261	2.1632242710332
2.93999999999998	23	2	1.51575931232092	0	0	1.00497010316596	1	-0.228416820474385	3.22817985655556	1.14586260220261	2.1632242710332
2.94999999999998	23	2	1.51575931232092	0	0	1.00497010316596	1	-0.228416820474385	3.22817985655555	1.14586260220261	2.1632242710332
2.95999999999998	23	2	1.51575931232092	0	0	1.00497010316596	1	-0.228416820474385	3.22817985655555	1.14586260220261	2.1632242710332
2.96999999999998	23	2	1.51575931232092	0	0	1.00497010316596	1	-0.228416820474385	3.22817985655556	1.14586260220261	2.1632242710332
2.97999999999998	23	2	1.51575931232092	0	0	1.00497010316596	1	-0.228416820474385	3.22817985655555	1.14586260220261	2.1632242710332
2.98999999999998	23	2	1.51575931232092	0	0	1.00497010316596	1	-0.228416820474385	3.22817985655556	1.14586260220261	2.1632242710332
2.99999999999998	23	2	1.51575931232092	0	0	1.00497010316596	1	-0.228416820474385	3.22817985655556	1.14586260220261	2.1632242710332
3.00999999999998	23	2	1.51575931232092	0	0	1.00497010316596	1	-0.228416820474385	3.22817985655555	1.14586260220261	2.1632242710332
3.01999999999998	23	2	1.51575931232092	0	0	1.00497010316596	1	-0.228416820474385	3.22817985655556	1.14586260220261	2.1632242710332
3.02999999999998	23	2	1.51575931232092	0	0	1.00497010316596	1	-0.228416820474385	3.22817985655556	1.14586260220261	2.1632242710332
3.03999999999998	23	2	1.51575931232092	0	0	1.00497010316596	1	-0.228416820474385	3.22817985655555	1.14586260220261	2.1632242710332
3.04999999999998	23	2	1.51575931232092	0	0	1.00497010316596	1	-0.228416820474385	3.22817985655556	1.14586260220261	2.1632242710332
3.05999999999998	23	2	1.51575931232092	0	0	1.00497010316596	1	-0.228416820474385	3.22817985655555	1.14586260220261	2.1632242710332
3.06999999999998	23	2	1.51575931232092	0	0	1.00497010316596	1	-0.228416820474386	3.22817985655556	1.14586260220261	2.1632242710332
3.07999999999998	23	2	1.51575931232092	0	0	1.00497010316596	1	-0.228416820474385	3.22817985655556	1.14586260220261	2.1632242710332
3.08999999999998	23	2	1.51575931232092	0	0	1.00497010316596	1	-0.228416820474385	3.22817985655555	1.14586260220261	2.1632242710332
3.09999999999998	23	2	1.51575931232092	0	0	1.00497010316596	1	-0.228416820474385	3.22817985655556	1.14586260220261	2.1632242710332
3.10999999999998	23	2	1.51575931232092	0	0	1.00497010316596	1	-0.228416820474385	3.22817985655555	1.14586260220261	2.1632242710332
3.11999999999998	23	2	1.51575931232092	0	0	1.00497010316596	1	-0.228416820474385	3.22817985655556	1.14586260220261	2.1632242710332
3.12999999999998	23	2	1.51575931232092	0	0	1.00497010316596	1	-0.228416820474385	3.22817985655556	1.14586260220261	2.1632242710332
3.13999999999998	23	2	1.51575931232092	0	0	1.00497010316596	1	-0.228416820474385	3.22817985655556	1.14586260220261	2.1632242710332
3.14999999999998	23	2	1.51575931232092	0	0	1.00497010316596	1	-0.228416820474385	3.22817985655556	1.14586260220261	2.1632242710332
3.15999999999998	23	2	1.51575931232092	0	0	1.00497010316596	1	-0.228416820474385	3.22817985655556	1.14586260220261	2.1632242710332
3.16999999999998	23	2	1.51575931232092	0	0	1.00497010316596	1	-0.228416820474385	3.22817985655555	1.14586260220261	2.1632242710332
3.17999999999998	23	2	1.40318302387268	0	0	1.08026344029125	1	-0.24519894670986	3.08063256842105	1.34039466947368	1.91978270255126
3.18999999999998	23	2	1.40318302387268	0	0	1.08026344029125	1	-0.24519894670986	3.08063256842105	1.34039466947368	1.91978270255126
3.19999999999998	23	2	1.40318302387268	0	0	1.08026344029125	1	-0.24519894670986	3.08063256842105	1.34039466947368	1.91978270255126
3.20999999999998	23	2	1.40318302387268	0	0	1.08026344029125	1	-0.24519894670986	3.08063256842105	1.34039466947368	1.91978270255126
3.21999999999998	23	2	1.40318302387268	0	0	1.08026344029125	1	-0.24519894670986	3.08063256842105	1.34039466947368	1.91978270255126
3.22999999999998	23	2	1.40318302387268	0	0	1.08026344029125	1	-0.24519894670986	3.08063256842105	1.34039466947368	1.91978270255126
3.23999999999997	23	2	1.40318302387268	0	0	1.08026344029125	1	-0.24519894670986	3.08063256842105	1.34039466947368	1.91978270255126
3.24999999999997	23	2	1.40318302387268	0	0	1.08026344029125	1	-0.24519894670986	3.08063256842105	1.34039466947368	1.91978270255126
3.25999999999997	23	2	1.40318302387268	0	0	1.08026344029125	1	-0.24519894670986	3.08063256842105	1.34039466947368	1.91978270255126
3.26999999999997	23	2	1.40318302387268	0	0	1.08026344029125	1	-0.24519894670986	3.08063256842105	1.34039466947368	1.91978270255126
3.27999999999997	23	2	1.40318302387268	0	0	1.08026344029125	1	-0.24519894670986	3.08063256842105	1.34039466947368	1.91978270255126
3.28999999999997	23	2	1.40318302387268	0	0	1.08026344029125	1	-0.24519894670986	3.08063256842105	1.34039466947368	1.91978270255126
3.29999999999997	23	2	1.40318302387268	0	0	1.08026344029125	1	-0.24519894670986	3.08063256842105	1.34039466947368	1.91978270255126
3.30999999999997	23	2	1.40318302387268	0	0	1.08026344029125	1	-0.24519894670986	3.08063256842105	1.34039466947368	1.91978270255126
3.31999999999997	23	2	1.40318302387268	0	0	1.08026344029125	1	-0.24519894670986	3.08063256842105	1.34039466947368	1.91978270255126
3.32999999999997	23	2	1.40318302387268	0	0	1.08026344029125	1	-0.24519894670986	3.08063256842105	1.34039466947368	1.91978270255126
3.33999999999997	23	2	1.40318302387268	0	0	1.08026344029125	1	-0.24519894670986	3.08063256842105	1.34039466947368	1.91978270255126
3.34999999999997	23	1	1	0	0	1	0	-1	0	1.69079535596838	0.591437631094783
