557223799	229588525	3.20348161	1021
557223799	501678507	3.23950303	1021
557223799	482897598	3.01917857	1021
557223799	104782500	0.32718968	807
557223799	330811553	3.16041751	1021
557223799	110833254	2.79170325	1021
557223799	170720068	3.17143658	1021
557223799	152983605	3.0104036	1021
557223799	71737032	3.1468003	1021
557223799	237808174	2.84281066	1021
557223799	26988016	3.1847098	1021
557223799	104783508	3.19756882	1021
557223799	512619469	2.88811609	1021
557223799	568183928	3.14157939	1021
557223799	472327053	3.00982267	1021
557223799	512616834	2.9620369	1021
557223799	146306699	0.71193461	807
557223799	557221559	3.14370044	1021
557223799	77457180	3.19340022	1021
557223799	330501989	3.1131335	1021
557223799	146306059	3.11955578	1021
557223799	333902067	0.47154209	807
229588525	501678507	0.14894258	544
229588525	482897598	0.74108648	418
229588525	104782500	3.14959175	1021
229588525	330811553	0.14304814	997
229588525	110833254	3.49149328	1024
229588525	170720068	0.46662293	928
229588525	152983605	0.79987763	931
229588525	71737032	0.29318683	953
229588525	237808174	2.17960741	1012
229588525	26988016	0.47989615	928
229588525	104783508	0.49275517	928
229588525	512619469	1.20878144	1020
229588525	568183928	0.43676574	928
229588525	472327053	0.7992967	931
229588525	512616834	0.55449263	574
229588525	146306699	3.53433668	1021
229588525	557221559	0.43888679	928
229588525	77457180	0.10283977	544
229588525	330501989	0.90260753	931
229588525	146306059	0.90902981	931
229588525	333902067	3.29394416	1021
501678507	482897598	0.7771079	418
501678507	104782500	3.18561317	1021
501678507	330811553	0.17906956	997
501678507	110833254	3.5275147	1024
501678507	170720068	0.50264435	928
501678507	152983605	0.83589905	931
501678507	71737032	0.32920825	953
501678507	237808174	2.21562883	1012
501678507	26988016	0.51591757	928
501678507	104783508	0.52877659	928
501678507	512619469	1.24480286	1020
501678507	568183928	0.47278716	928
501678507	472327053	0.83531812	931
501678507	512616834	0.59051405	574
501678507	146306699	3.5703581	1021
501678507	557221559	0.47490821	928
501678507	77457180	0.09783875	266
501678507	330501989	0.93862895	931
501678507	146306059	0.94505123	931
501678507	333902067	3.32996558	1021
482897598	104782500	2.96528871	1021
482897598	330811553	0.69802238	418
482897598	110833254	3.30719024	1024
482897598	170720068	0.70904145	418
482897598	152983605	0.61557459	931
482897598	71737032	0.68440517	418
482897598	237808174	1.99530437	1012
482897598	26988016	0.72231467	418
482897598	104783508	0.73517369	418
482897598	512619469	1.0244784	1020
482897598	568183928	0.67918426	418
482897598	472327053	0.61499366	931
482897598	512616834	0.49964177	418
482897598	146306699	3.35003364	1021
482897598	557221559	0.68130531	418
482897598	77457180	0.73100509	418
482897598	330501989	0.71830449	931
482897598	146306059	0.72472677	931
482897598	333902067	3.10964112	1021
104782500	330811553	3.10652765	1021
104782500	110833254	2.73781339	1021
104782500	170720068	3.11754672	1021
104782500	152983605	2.95651374	1021
104782500	71737032	3.09291044	1021
104782500	237808174	2.7889208	1021
104782500	26988016	3.13081994	1021
104782500	104783508	3.14367896	1021
104782500	512619469	2.83422623	1021
104782500	568183928	3.08768953	1021
104782500	472327053	2.95593281	1021
104782500	512616834	2.90814704	1021
104782500	146306699	0.65804475	807
104782500	557221559	3.08981058	1021
104782500	77457180	3.13951036	1021
104782500	330501989	3.05924364	1021
104782500	146306059	3.06566592	1021
104782500	333902067	0.41765223	807
330811553	110833254	3.44842918	1024
330811553	170720068	0.42355883	928
330811553	152983605	0.75681353	931
330811553	71737032	0.25012273	953
330811553	237808174	2.13654331	1012
330811553	26988016	0.43683205	928
330811553	104783508	0.44969107	928
330811553	512619469	1.16571734	1020
330811553	568183928	0.39370164	928
330811553	472327053	0.7562326	931
330811553	512616834	0.51142853	574
330811553	146306699	3.49127258	1021
330811553	557221559	0.39582269	928
330811553	77457180	0.13296675	997
330811553	330501989	0.85954343	931
330811553	146306059	0.86596571	931
330811553	333902067	3.25088006	1021
110833254	170720068	3.45944825	1024
110833254	152983605	3.29841527	1024
110833254	71737032	3.43481197	1024
110833254	237808174	3.13082233	1024
110833254	26988016	3.47272147	1024
110833254	104783508	3.48558049	1024
110833254	512619469	3.17612776	1024
110833254	568183928	3.42959106	1024
110833254	472327053	3.29783434	1024
110833254	512616834	3.25004857	1024
110833254	146306699	3.12255832	1021
110833254	557221559	3.43171211	1024
110833254	77457180	3.48141189	1024
110833254	330501989	3.40114517	1024
110833254	146306059	3.40756745	1024
110833254	333902067	2.8821658	1021
170720068	152983605	0.7678326	931
170720068	71737032	0.40994162	928
170720068	237808174	2.14756238	1012
170720068	26988016	0.1282312	563
170720068	104783508	0.14109022	563
170720068	512619469	1.17673641	1020
170720068	568183928	0.16139457	1014
170720068	472327053	0.76725167	931
170720068	512616834	0.5224476	574
170720068	146306699	3.50229165	1021
170720068	557221559	0.14114558	528
170720068	77457180	0.45654154	928
170720068	330501989	0.8705625	931
170720068	146306059	0.87698478	931
170720068	333902067	3.26189913	1021
152983605	71737032	0.74319632	931
152983605	237808174	1.9865294	1012
152983605	26988016	0.78110582	931
152983605	104783508	0.79396484	931
152983605	512619469	1.01570343	1020
152983605	568183928	0.73797541	931
152983605	472327053	0.26349499	997
152983605	512616834	0.55843292	931
152983605	146306699	3.34125867	1021
152983605	557221559	0.74009646	931
152983605	77457180	0.78979624	931
152983605	330501989	0.6205727	596
152983605	146306059	0.62699498	596
152983605	333902067	3.10086615	1021
71737032	237808174	2.1229261	1012
71737032	26988016	0.42321484	928
71737032	104783508	0.43607386	928
71737032	512619469	1.15210013	1020
71737032	568183928	0.38008443	928
71737032	472327053	0.74261539	931
71737032	512616834	0.49781132	574
71737032	146306699	3.47765537	1021
71737032	557221559	0.38220548	928
71737032	77457180	0.28310544	953
71737032	330501989	0.84592622	931
71737032	146306059	0.8523485	931
71737032	333902067	3.23726285	1021
237808174	26988016	2.1608356	1012
237808174	104783508	2.17369462	1012
237808174	512619469	1.86424189	1012
237808174	568183928	2.11770519	1012
237808174	472327053	1.98594847	1012
237808174	512616834	1.9381627	1012
237808174	146306699	3.17366573	1021
237808174	557221559	2.11982624	1012
237808174	77457180	2.16952602	1012
237808174	330501989	2.0892593	1012
237808174	146306059	2.09568158	1012
237808174	333902067	2.93327321	1021
26988016	104783508	0.10746334	713
26988016	512619469	1.19000963	1020
26988016	568183928	0.17466779	1014
26988016	472327053	0.78052489	931
26988016	512616834	0.53572082	574
26988016	146306699	3.51556487	1021
26988016	557221559	0.1544188	528
26988016	77457180	0.46981476	928
26988016	330501989	0.88383572	931
26988016	146306059	0.890258	931
26988016	333902067	3.27517235	1021
104783508	512619469	1.20286865	1020
104783508	568183928	0.18752681	1014
104783508	472327053	0.79338391	931
104783508	512616834	0.54857984	574
104783508	146306699	3.52842389	1021
104783508	557221559	0.16727782	528
104783508	77457180	0.48267378	928
104783508	330501989	0.89669474	931
104783508	146306059	0.90311702	931
104783508	333902067	3.28803137	1021
512619469	568183928	1.14687922	1020
512619469	472327053	1.0151225	1020
512619469	512616834	0.96733673	1020
512619469	146306699	3.21897116	1021
512619469	557221559	1.14900027	1020
512619469	77457180	1.19870005	1020
512619469	330501989	1.11843333	1020
512619469	146306059	1.12485561	1020
512619469	333902067	2.97857864	1021
568183928	472327053	0.73739448	931
568183928	512616834	0.49259041	574
568183928	146306699	3.47243446	1021
568183928	557221559	0.13365843	1014
568183928	77457180	0.42668435	928
568183928	330501989	0.84070531	931
568183928	146306059	0.84712759	931
568183928	333902067	3.23204194	1021
472327053	512616834	0.55785199	931
472327053	146306699	3.34067774	1021
472327053	557221559	0.73951553	931
472327053	77457180	0.78921531	931
472327053	330501989	0.61999177	596
472327053	146306059	0.62641405	596
472327053	333902067	3.10028522	1021
512616834	146306699	3.29289197	1021
512616834	557221559	0.49471146	574
512616834	77457180	0.54441124	574
512616834	330501989	0.66116282	931
512616834	146306059	0.6675851	931
512616834	333902067	3.05249945	1021
146306699	557221559	3.47455551	1021
146306699	77457180	3.52425529	1021
146306699	330501989	3.44398857	1021
146306699	146306059	3.45041085	1021
146306699	333902067	0.80239716	807
557221559	77457180	0.4288054	928
557221559	330501989	0.84282636	931
557221559	146306059	0.84924864	931
557221559	333902067	3.23416299	1021
77457180	330501989	0.89252614	931
77457180	146306059	0.89894842	931
77457180	333902067	3.28386277	1021
330501989	146306059	0.12237692	1024
330501989	333902067	3.20359605	1021
146306059	333902067	3.21001833	1021
