153004288	560141722	0.9582302	15
153004288	305665564	1.94253234	1024
153004288	186476588	1.12153888	15
153004288	365961346	1.97732533	1024
153004288	410693179	1.272237	15
153004288	319789784	1.43028163	1024
153004288	330823470	0.89704475	15
153004288	404496819	0.47483553	1019
153004288	77359661	1.52343383	15
153004288	15598260	1.3700471	15
153004288	117926255	2.14202064	126
153004288	171056708	1.0655652	15
153004288	338731244	1.35639999	1024
153004288	340780785	1.01508521	81
153004288	225848725	1.14049789	1024
153004288	242280153	2.16958507	126
153004288	117926254	1.88815976	1024
153004288	91782850	1.24738652	15
153004288	264676827	0.88472588	15
153004288	374998178	1.836606	1024
153004288	564912574	1.28421046	15
153004288	326315831	0.8575219	15
153004288	82702859	2.0283564	15
153004288	110833750	1.01071702	15
153004288	383784054	1.70679823	1024
153004288	121604553	1.3840853	15
153004288	334344473	1.86544869	1024
153004288	330820579	0.92849045	15
153004288	482884281	2.34631521	15
153004288	189426256	0.42742412	1019
153004288	242280154	1.74854575	1024
153004288	187923495	0.74735377	15
153004288	374998179	2.30271872	126
153004288	339323469	0.8195047	15
153004288	383784059	1.93081524	126
153004288	229916941	2.10883534	1024
153004288	300313533	0.94459993	15
153004288	187923487	1.228111	15
153004288	153004289	0.35321648	1019
153004288	238028538	1.23797752	15
153004288	94313082	0.88443204	15
153004288	225850893	1.03732305	1024
153004288	160900978	0.92235133	15
153004288	551595709	2.22124004	126
153004288	186474072	0.93739409	15
153004288	310820930	1.53691117	15
153004288	557829282	2.09452305	1024
153004288	346642967	1.43149078	15
153004288	387813815	1.68100876	15
153004288	224373448	1.47313805	1024
153004288	386332828	0.88215056	15
153004288	294011758	1.92159303	1024
153004288	551595708	1.90963891	1024
153004288	238024563	0.95048534	15
153004288	188996478	1.12692268	1024
153004288	82703547	1.31797929	15
153004288	402554460	2.15464781	1024
560141722	305665564	2.21940938	1024
560141722	186476588	0.81005676	433
560141722	365961346	2.25420237	1024
560141722	410693179	1.4076327	31
560141722	319789784	1.70715867	1024
560141722	330823470	1.03244045	31
560141722	404496819	1.12660209	15
560141722	77359661	1.65882953	31
560141722	15598260	1.5054428	31
560141722	117926255	2.41889768	126
560141722	171056708	1.2009609	31
560141722	338731244	1.63327703	1024
560141722	340780785	1.29196225	81
560141722	225848725	1.41737493	1024
560141722	242280153	2.44646211	126
560141722	117926254	2.1650368	1024
560141722	91782850	1.06577622	163
560141722	264676827	1.02012158	31
560141722	374998178	2.11348304	1024
560141722	564912574	1.10260016	163
560141722	326315831	0.9929176	31
560141722	82702859	2.1637521	31
560141722	110833750	1.14611272	31
560141722	383784054	1.98367527	1024
560141722	121604553	1.519481	31
560141722	334344473	2.14232573	1024
560141722	330820579	0.61700833	433
560141722	482884281	2.48171091	31
560141722	189426256	1.07919068	15
560141722	242280154	2.02542279	1024
560141722	187923495	0.60198847	789
560141722	374998179	2.57959576	126
560141722	339323469	0.6378944	163
560141722	383784059	2.20769228	126
560141722	229916941	2.38571238	1024
560141722	300313533	0.96526257	562
560141722	187923487	1.0465007	163
560141722	153004289	1.00498304	15
560141722	238028538	1.05636722	163
560141722	94313082	0.70282174	163
560141722	225850893	1.31420009	1024
560141722	160900978	1.05774703	31
560141722	551595709	2.49811708	126
560141722	186474072	0.62591197	433
560141722	310820930	1.67230687	31
560141722	557829282	2.37140009	1024
560141722	346642967	1.56688648	31
560141722	387813815	1.81640446	31
560141722	224373448	1.75001509	1024
560141722	386332828	0.70054026	163
560141722	294011758	2.19847007	1024
560141722	551595708	2.18651595	1024
560141722	238024563	0.63900322	433
560141722	188996478	1.40379972	1024
560141722	82703547	1.45337499	31
560141722	402554460	2.43152485	1024
305665564	186476588	2.38271806	1024
305665564	365961346	1.27382403	961
305665564	410693179	2.53341618	1024
305665564	319789784	2.23659235	147
305665564	330823470	2.15822393	1024
305665564	404496819	2.11090423	1024
305665564	77359661	2.78461301	1024
305665564	15598260	2.63122628	1024
305665564	117926255	3.0926096	1024
305665564	171056708	2.32674438	1024
305665564	338731244	2.16271071	147
305665564	340780785	2.21203117	1024
305665564	225848725	1.94680861	147
305665564	242280153	3.12017403	1024
305665564	117926254	2.33923618	307
305665564	91782850	2.5085657	1024
305665564	264676827	2.14590506	1024
305665564	374998178	2.28768242	307
305665564	564912574	2.54538964	1024
305665564	326315831	2.11870108	1024
305665564	82702859	3.28953558	1024
305665564	110833750	2.2718962	1024
305665564	383784054	2.15787465	307
305665564	121604553	2.64526448	1024
305665564	334344473	2.31652511	307
305665564	330820579	2.18966963	1024
305665564	482884281	3.60749439	1024
305665564	189426256	2.06349282	1024
305665564	242280154	2.19962217	307
305665564	187923495	2.00853295	1024
305665564	374998179	3.25330768	1024
305665564	339323469	2.08068388	1024
305665564	383784059	2.8814042	1024
305665564	229916941	2.11054956	678
305665564	300313533	2.20577911	1024
305665564	187923487	2.48929018	1024
305665564	153004289	1.98928518	1024
305665564	238028538	2.4991567	1024
305665564	94313082	2.14561122	1024
305665564	225850893	1.84363377	147
305665564	160900978	2.18353051	1024
305665564	551595709	3.171829	1024
305665564	186474072	2.19857327	1024
305665564	310820930	2.79809035	1024
305665564	557829282	2.09623727	678
305665564	346642967	2.69266996	1024
305665564	387813815	2.94218794	1024
305665564	224373448	2.27944877	147
305665564	386332828	2.14332974	1024
305665564	294011758	2.37266945	307
305665564	551595708	2.36071533	307
305665564	238024563	2.21166452	1024
305665564	188996478	1.9332334	147
305665564	82703547	2.57915847	1024
305665564	402554460	2.15636203	678
186476588	365961346	2.41751105	1024
186476588	410693179	1.57094138	31
186476588	319789784	1.87046735	1024
186476588	330823470	1.19574913	31
186476588	404496819	1.28991077	15
186476588	77359661	1.82213821	31
186476588	15598260	1.66875148	31
186476588	117926255	2.58220636	126
186476588	171056708	1.36426958	31
186476588	338731244	1.79658571	1024
186476588	340780785	1.45527093	81
186476588	225848725	1.58068361	1024
186476588	242280153	2.60977079	126
186476588	117926254	2.32834548	1024
186476588	91782850	1.2290849	163
186476588	264676827	1.18343026	31
186476588	374998178	2.27679172	1024
186476588	564912574	1.26590884	163
186476588	326315831	1.15622628	31
186476588	82702859	2.32706078	31
186476588	110833750	1.3094214	31
186476588	383784054	2.14698395	1024
186476588	121604553	1.68278968	31
186476588	334344473	2.30563441	1024
186476588	330820579	0.64052161	489
186476588	482884281	2.64501959	31
186476588	189426256	1.24249936	15
186476588	242280154	2.18873147	1024
186476588	187923495	0.76529715	789
186476588	374998179	2.74290444	126
186476588	339323469	0.80120308	163
186476588	383784059	2.37100096	126
186476588	229916941	2.54902106	1024
186476588	300313533	1.12857125	562
186476588	187923487	1.20980938	163
186476588	153004289	1.16829172	15
186476588	238028538	1.2196759	163
186476588	94313082	0.86613042	163
186476588	225850893	1.47750877	1024
186476588	160900978	1.22105571	31
186476588	551595709	2.66142576	126
186476588	186474072	0.64942525	489
186476588	310820930	1.83561555	31
186476588	557829282	2.53470877	1024
186476588	346642967	1.73019516	31
186476588	387813815	1.97971314	31
186476588	224373448	1.91332377	1024
186476588	386332828	0.86384894	163
186476588	294011758	2.36177875	1024
186476588	551595708	2.34982463	1024
186476588	238024563	0.6625165	489
186476588	188996478	1.5671084	1024
186476588	82703547	1.61668367	31
186476588	402554460	2.59483353	1024
365961346	410693179	2.56820917	1024
365961346	319789784	2.27138534	147
365961346	330823470	2.19301692	1024
365961346	404496819	2.14569722	1024
365961346	77359661	2.819406	1024
365961346	15598260	2.66601927	1024
365961346	117926255	3.12740259	1024
365961346	171056708	2.36153737	1024
365961346	338731244	2.1975037	147
365961346	340780785	2.24682416	1024
365961346	225848725	1.9816016	147
365961346	242280153	3.15496702	1024
365961346	117926254	2.37402917	307
365961346	91782850	2.54335869	1024
365961346	264676827	2.18069805	1024
365961346	374998178	2.32247541	307
365961346	564912574	2.58018263	1024
365961346	326315831	2.15349407	1024
365961346	82702859	3.32432857	1024
365961346	110833750	2.30668919	1024
365961346	383784054	2.19266764	307
365961346	121604553	2.68005747	1024
365961346	334344473	2.3513181	307
365961346	330820579	2.22446262	1024
365961346	482884281	3.64228738	1024
365961346	189426256	2.09828581	1024
365961346	242280154	2.23441516	307
365961346	187923495	2.04332594	1024
365961346	374998179	3.28810067	1024
365961346	339323469	2.11547687	1024
365961346	383784059	2.91619719	1024
365961346	229916941	2.14534255	678
365961346	300313533	2.2405721	1024
365961346	187923487	2.52408317	1024
365961346	153004289	2.02407817	1024
365961346	238028538	2.53394969	1024
365961346	94313082	2.18040421	1024
365961346	225850893	1.87842676	147
365961346	160900978	2.2183235	1024
365961346	551595709	3.20662199	1024
365961346	186474072	2.23336626	1024
365961346	310820930	2.83288334	1024
365961346	557829282	2.13103026	678
365961346	346642967	2.72746295	1024
365961346	387813815	2.97698093	1024
365961346	224373448	2.31424176	147
365961346	386332828	2.17812273	1024
365961346	294011758	2.40746244	307
365961346	551595708	2.39550832	307
365961346	238024563	2.24645751	1024
365961346	188996478	1.96802639	147
365961346	82703547	2.61395146	1024
365961346	402554460	2.19115502	678
410693179	319789784	2.02116547	1024
410693179	330823470	1.21271163	11
410693179	404496819	1.44060889	15
410693179	77359661	1.83910071	11
410693179	15598260	1.68571398	11
410693179	117926255	2.73290448	126
410693179	171056708	0.98537232	673
410693179	338731244	1.94728383	1024
410693179	340780785	1.60596905	81
410693179	225848725	1.73138173	1024
410693179	242280153	2.76046891	126
410693179	117926254	2.4790436	1024
410693179	91782850	1.69678902	31
410693179	264676827	1.20039276	11
410693179	374998178	2.42748984	1024
410693179	564912574	1.73361296	31
410693179	326315831	1.17318878	11
410693179	82702859	2.34402328	11
410693179	110833750	1.17075998	243
410693179	383784054	2.29768207	1024
410693179	121604553	1.69975218	11
410693179	334344473	2.45633253	1024
410693179	330820579	1.37789295	31
410693179	482884281	2.66198209	11
410693179	189426256	1.39319748	15
410693179	242280154	2.33942959	1024
410693179	187923495	1.19675627	31
410693179	374998179	2.89360256	126
410693179	339323469	1.2689072	31
410693179	383784059	2.52169908	126
410693179	229916941	2.69971918	1024
410693179	300313533	1.39400243	31
410693179	187923487	1.6775135	31
410693179	153004289	1.31898984	15
410693179	238028538	1.68738002	31
410693179	94313082	1.33383454	31
410693179	225850893	1.62820689	1024
410693179	160900978	1.23801821	11
410693179	551595709	2.81212388	126
410693179	186474072	1.38679659	31
410693179	310820930	1.85257805	11
410693179	557829282	2.68540689	1024
410693179	346642967	1.74715766	11
410693179	387813815	1.99667564	11
410693179	224373448	2.06402189	1024
410693179	386332828	1.33155306	31
410693179	294011758	2.51247687	1024
410693179	551595708	2.50052275	1024
410693179	238024563	1.39988784	31
410693179	188996478	1.71780652	1024
410693179	82703547	1.63364617	11
410693179	402554460	2.74553165	1024
319789784	330823470	1.64597322	1024
319789784	404496819	1.59865352	1024
319789784	77359661	2.2723623	1024
319789784	15598260	2.11897557	1024
319789784	117926255	2.58035889	1024
319789784	171056708	1.81449367	1024
319789784	338731244	1.30280052	153
319789784	340780785	1.69978046	1024
319789784	225848725	1.30859854	407
319789784	242280153	2.60792332	1024
319789784	117926254	2.18221977	147
319789784	91782850	1.99631499	1024
319789784	264676827	1.63365435	1024
319789784	374998178	2.13066601	147
319789784	564912574	2.03313893	1024
319789784	326315831	1.60645037	1024
319789784	82702859	2.77728487	1024
319789784	110833750	1.75964549	1024
319789784	383784054	2.00085824	147
319789784	121604553	2.13301377	1024
319789784	334344473	2.1595087	147
319789784	330820579	1.67741892	1024
319789784	482884281	3.09524368	1024
319789784	189426256	1.55124211	1024
319789784	242280154	2.04260576	147
319789784	187923495	1.49628224	1024
319789784	374998179	2.74105697	1024
319789784	339323469	1.56843317	1024
319789784	383784059	2.36915349	1024
319789784	229916941	2.40289535	147
319789784	300313533	1.6935284	1024
319789784	187923487	1.97703947	1024
319789784	153004289	1.47703447	1024
319789784	238028538	1.98690599	1024
319789784	94313082	1.63336051	1024
319789784	225850893	1.2054237	407
319789784	160900978	1.6712798	1024
319789784	551595709	2.65957829	1024
319789784	186474072	1.68632256	1024
319789784	310820930	2.28583964	1024
319789784	557829282	2.38858306	147
319789784	346642967	2.18041925	1024
319789784	387813815	2.42993723	1024
319789784	224373448	1.41953858	153
319789784	386332828	1.63107903	1024
319789784	294011758	2.21565304	147
319789784	551595708	2.20369892	147
319789784	238024563	1.69941381	1024
319789784	188996478	1.29502333	407
319789784	82703547	2.06690776	1024
319789784	402554460	2.44870782	147
330823470	404496819	1.06541664	15
330823470	77359661	1.34981376	21
330823470	15598260	1.19642703	21
330823470	117926255	2.35771223	126
330823470	171056708	1.00603983	11
330823470	338731244	1.57209158	1024
330823470	340780785	1.2307768	81
330823470	225848725	1.35618948	1024
330823470	242280153	2.38527666	126
330823470	117926254	2.10385135	1024
330823470	91782850	1.32159677	31
330823470	264676827	0.48460451	1021
330823470	374998178	2.05229759	1024
330823470	564912574	1.35842071	31
330823470	326315831	0.31340571	966
330823470	82702859	1.85473633	21
330823470	110833750	0.95119165	11
330823470	383784054	1.92248982	1024
330823470	121604553	1.21046523	21
330823470	334344473	2.08114028	1024
330823470	330820579	1.0027007	31
330823470	482884281	2.17269514	21
330823470	189426256	1.01800523	15
330823470	242280154	1.96423734	1024
330823470	187923495	0.82156402	31
330823470	374998179	2.51841031	126
330823470	339323469	0.89371495	31
330823470	383784059	2.14650683	126
330823470	229916941	2.32452693	1024
330823470	300313533	1.01881018	31
330823470	187923487	1.30232125	31
330823470	153004289	0.94379759	15
330823470	238028538	1.31218777	31
330823470	94313082	0.95864229	31
330823470	225850893	1.25301464	1024
330823470	160900978	0.52222996	1021
330823470	551595709	2.43693163	126
330823470	186474072	1.01160434	31
330823470	310820930	1.3632911	21
330823470	557829282	2.31021464	1024
330823470	346642967	1.25787071	21
330823470	387813815	1.50738869	21
330823470	224373448	1.68882964	1024
330823470	386332828	0.95636081	31
330823470	294011758	2.13728462	1024
330823470	551595708	2.1253305	1024
330823470	238024563	1.02469559	31
330823470	188996478	1.34261427	1024
330823470	82703547	1.14435922	21
330823470	402554460	2.3703394	1024
404496819	77359661	1.69180572	15
404496819	15598260	1.53841899	15
404496819	117926255	2.31039253	126
404496819	171056708	1.23393709	15
404496819	338731244	1.52477188	1024
404496819	340780785	1.1834571	81
404496819	225848725	1.30886978	1024
404496819	242280153	2.33795696	126
404496819	117926254	2.05653165	1024
404496819	91782850	1.41575841	15
404496819	264676827	1.05309777	15
404496819	374998178	2.00497789	1024
404496819	564912574	1.45258235	15
404496819	326315831	1.02589379	15
404496819	82702859	2.19672829	15
404496819	110833750	1.17908891	15
404496819	383784054	1.87517012	1024
404496819	121604553	1.55245719	15
404496819	334344473	2.03382058	1024
404496819	330820579	1.09686234	15
404496819	482884281	2.5146871	15
404496819	189426256	0.59579601	1019
404496819	242280154	1.91691764	1024
404496819	187923495	0.91572566	15
404496819	374998179	2.47109061	126
404496819	339323469	0.98787659	15
404496819	383784059	2.09918713	126
404496819	229916941	2.27720723	1024
404496819	300313533	1.11297182	15
404496819	187923487	1.39648289	15
404496819	153004289	0.52158837	1019
404496819	238028538	1.40634941	15
404496819	94313082	1.05280393	15
404496819	225850893	1.20569494	1024
404496819	160900978	1.09072322	15
404496819	551595709	2.38961193	126
404496819	186474072	1.10576598	15
404496819	310820930	1.70528306	15
404496819	557829282	2.26289494	1024
404496819	346642967	1.59986267	15
404496819	387813815	1.84938065	15
404496819	224373448	1.64150994	1024
404496819	386332828	1.05052245	15
404496819	294011758	2.08996492	1024
404496819	551595708	2.0780108	1024
404496819	238024563	1.11885723	15
404496819	188996478	1.29529457	1024
404496819	82703547	1.48635118	15
404496819	402554460	2.3230197	1024
77359661	15598260	1.51306815	89
77359661	117926255	2.98410131	126
77359661	171056708	1.63242891	11
77359661	338731244	2.19848066	1024
77359661	340780785	1.85716588	81
77359661	225848725	1.98257856	1024
77359661	242280153	3.01166574	126
77359661	117926254	2.73024043	1024
77359661	91782850	1.94798585	31
77359661	264676827	1.33749489	21
77359661	374998178	2.67868667	1024
77359661	564912574	1.98480979	31
77359661	326315831	1.31029091	21
77359661	82702859	2.17137745	89
77359661	110833750	1.57758073	11
77359661	383784054	2.5488789	1024
77359661	121604553	1.52710635	89
77359661	334344473	2.70752936	1024
77359661	330820579	1.62908978	31
77359661	482884281	2.48933626	89
77359661	189426256	1.64439431	15
77359661	242280154	2.59062642	1024
77359661	187923495	1.4479531	31
77359661	374998179	3.14479939	126
77359661	339323469	1.52010403	31
77359661	383784059	2.77289591	126
77359661	229916941	2.95091601	1024
77359661	300313533	1.64519926	31
77359661	187923487	1.92871033	31
77359661	153004289	1.57018667	15
77359661	238028538	1.93857685	31
77359661	94313082	1.58503137	31
77359661	225850893	1.87940372	1024
77359661	160900978	1.37512034	21
77359661	551595709	3.06332071	126
77359661	186474072	1.63799342	31
77359661	310820930	1.67993222	89
77359661	557829282	2.93660372	1024
77359661	346642967	1.57451183	89
77359661	387813815	1.82402981	89
77359661	224373448	2.31521872	1024
77359661	386332828	1.58274989	31
77359661	294011758	2.7636737	1024
77359661	551595708	2.75171958	1024
77359661	238024563	1.65108467	31
77359661	188996478	1.96900335	1024
77359661	82703547	1.46100034	89
77359661	402554460	2.99672848	1024
15598260	117926255	2.83071458	126
15598260	171056708	1.47904218	11
15598260	338731244	2.04509393	1024
15598260	340780785	1.70377915	81
15598260	225848725	1.82919183	1024
15598260	242280153	2.85827901	126
15598260	117926254	2.5768537	1024
15598260	91782850	1.79459912	31
15598260	264676827	1.18410816	21
15598260	374998178	2.52529994	1024
15598260	564912574	1.83142306	31
15598260	326315831	1.15690418	21
15598260	82702859	1.75699326	243
15598260	110833750	1.424194	11
15598260	383784054	2.39549217	1024
15598260	121604553	1.11272216	243
15598260	334344473	2.55414263	1024
15598260	330820579	1.47570305	31
15598260	482884281	2.26067977	23
15598260	189426256	1.49100758	15
15598260	242280154	2.43723969	1024
15598260	187923495	1.29456637	31
15598260	374998179	2.99141266	126
15598260	339323469	1.3667173	31
15598260	383784059	2.61950918	126
15598260	229916941	2.79752928	1024
15598260	300313533	1.49181253	31
15598260	187923487	1.7753236	31
15598260	153004289	1.41679994	15
15598260	238028538	1.78519012	31
15598260	94313082	1.43164464	31
15598260	225850893	1.72601699	1024
15598260	160900978	1.22173361	21
15598260	551595709	2.90993398	126
15598260	186474072	1.48460669	31
15598260	310820930	1.26554803	243
15598260	557829282	2.78321699	1024
15598260	346642967	0.395143	1016
15598260	387813815	1.59537332	23
15598260	224373448	2.16183199	1024
15598260	386332828	1.42936316	31
15598260	294011758	2.61028697	1024
15598260	551595708	2.59833285	1024
15598260	238024563	1.49769794	31
15598260	188996478	1.81561662	1024
15598260	82703547	1.23234385	23
15598260	402554460	2.84334175	1024
117926255	171056708	2.52623268	126
117926255	338731244	2.50647725	1024
117926255	340780785	2.41151947	126
117926255	225848725	2.29057515	1024
117926255	242280153	2.49978751	850
117926255	117926254	3.03823702	1024
117926255	91782850	2.708054	126
117926255	264676827	2.34539336	126
117926255	374998178	2.98668326	1024
117926255	564912574	2.74487794	126
117926255	326315831	2.31818938	126
117926255	82702859	3.48902388	126
117926255	110833750	2.4713845	126
117926255	383784054	2.85687549	1024
117926255	121604553	2.84475278	126
117926255	334344473	3.01552595	1024
117926255	330820579	2.38915793	126
117926255	482884281	3.80698269	126
117926255	189426256	2.26298112	126
117926255	242280154	2.89862301	1024
117926255	187923495	2.20802125	126
117926255	374998179	1.42929866	1023
117926255	339323469	2.28017218	126
117926255	383784059	2.26101768	850
117926255	229916941	3.2589126	1024
117926255	300313533	2.40526741	126
117926255	187923487	2.68877848	126
117926255	153004289	2.18877348	126
117926255	238028538	2.698645	126
117926255	94313082	2.34509952	126
117926255	225850893	2.18740031	1024
117926255	160900978	2.38301881	126
117926255	551595709	2.55144248	850
117926255	186474072	2.39806157	126
117926255	310820930	2.99757865	126
117926255	557829282	3.24460031	1024
117926255	346642967	2.89215826	126
117926255	387813815	3.14167624	126
117926255	224373448	2.62321531	1024
117926255	386332828	2.34281804	126
117926255	294011758	3.07167029	1024
117926255	551595708	3.05971617	1024
117926255	238024563	2.41115282	126
117926255	188996478	2.27699994	1024
117926255	82703547	2.77864677	126
117926255	402554460	3.30472507	1024
171056708	338731244	1.74061203	1024
171056708	340780785	1.39929725	81
171056708	225848725	1.52470993	1024
171056708	242280153	2.55379711	126
171056708	117926254	2.2723718	1024
171056708	91782850	1.49011722	31
171056708	264676827	0.99372096	11
171056708	374998178	2.22081804	1024
171056708	564912574	1.52694116	31
171056708	326315831	0.96651698	11
171056708	82702859	2.13735148	11
171056708	110833750	0.96408818	243
171056708	383784054	2.09101027	1024
171056708	121604553	1.49308038	11
171056708	334344473	2.24966073	1024
171056708	330820579	1.17122115	31
171056708	482884281	2.45531029	11
171056708	189426256	1.18652568	15
171056708	242280154	2.13275779	1024
171056708	187923495	0.99008447	31
171056708	374998179	2.68693076	126
171056708	339323469	1.0622354	31
171056708	383784059	2.31502728	126
171056708	229916941	2.49304738	1024
171056708	300313533	1.18733063	31
171056708	187923487	1.4708417	31
171056708	153004289	1.11231804	15
171056708	238028538	1.48070822	31
171056708	94313082	1.12716274	31
171056708	225850893	1.42153509	1024
171056708	160900978	1.03134641	11
171056708	551595709	2.60545208	126
171056708	186474072	1.18012479	31
171056708	310820930	1.64590625	11
171056708	557829282	2.47873509	1024
171056708	346642967	1.54048586	11
171056708	387813815	1.79000384	11
171056708	224373448	1.85735009	1024
171056708	386332828	1.12488126	31
171056708	294011758	2.30580507	1024
171056708	551595708	2.29385095	1024
171056708	238024563	1.19321604	31
171056708	188996478	1.51113472	1024
171056708	82703547	1.42697437	11
171056708	402554460	2.53885985	1024
338731244	340780785	1.62589882	1024
338731244	225848725	1.2347169	407
338731244	242280153	2.53404168	1024
338731244	117926254	2.10833813	147
338731244	91782850	1.92243335	1024
338731244	264676827	1.55977271	1024
338731244	374998178	2.05678437	147
338731244	564912574	1.95925729	1024
338731244	326315831	1.53256873	1024
338731244	82702859	2.70340323	1024
338731244	110833750	1.68576385	1024
338731244	383784054	1.9269766	147
338731244	121604553	2.05913213	1024
338731244	334344473	2.08562706	147
338731244	330820579	1.60353728	1024
338731244	482884281	3.02136204	1024
338731244	189426256	1.47736047	1024
338731244	242280154	1.96872412	147
338731244	187923495	1.4224006	1024
338731244	374998179	2.66717533	1024
338731244	339323469	1.49455153	1024
338731244	383784059	2.29527185	1024
338731244	229916941	2.32901371	147
338731244	300313533	1.61964676	1024
338731244	187923487	1.90315783	1024
338731244	153004289	1.40315283	1024
338731244	238028538	1.91302435	1024
338731244	94313082	1.55947887	1024
338731244	225850893	1.13154206	407
338731244	160900978	1.59739816	1024
338731244	551595709	2.58569665	1024
338731244	186474072	1.61244092	1024
338731244	310820930	2.211958	1024
338731244	557829282	2.31470142	147
338731244	346642967	2.10653761	1024
338731244	387813815	2.35605559	1024
338731244	224373448	1.26685914	298
338731244	386332828	1.55719739	1024
338731244	294011758	2.1417714	147
338731244	551595708	2.12981728	147
338731244	238024563	1.62553217	1024
338731244	188996478	1.22114169	407
338731244	82703547	1.99302612	1024
338731244	402554460	2.37482618	147
340780785	225848725	1.40999672	1024
340780785	242280153	2.4390839	126
340780785	117926254	2.15765859	1024
340780785	91782850	1.58111857	81
340780785	264676827	1.21845793	81
340780785	374998178	2.10610483	1024
340780785	564912574	1.61794251	81
340780785	326315831	1.19125395	81
340780785	82702859	2.36208845	81
340780785	110833750	1.34444907	81
340780785	383784054	1.97629706	1024
340780785	121604553	1.71781735	81
340780785	334344473	2.13494752	1024
340780785	330820579	1.2622225	81
340780785	482884281	2.68004726	81
340780785	189426256	1.13604569	81
340780785	242280154	2.01804458	1024
340780785	187923495	1.08108582	81
340780785	374998179	2.57221755	126
340780785	339323469	1.15323675	81
340780785	383784059	2.20031407	126
340780785	229916941	2.37833417	1024
340780785	300313533	1.27833198	81
340780785	187923487	1.56184305	81
340780785	153004289	1.06183805	81
340780785	238028538	1.57170957	81
340780785	94313082	1.21816409	81
340780785	225850893	1.30682188	1024
340780785	160900978	1.25608338	81
340780785	551595709	2.49073887	126
340780785	186474072	1.27112614	81
340780785	310820930	1.87064322	81
340780785	557829282	2.36402188	1024
340780785	346642967	1.76522283	81
340780785	387813815	2.01474081	81
340780785	224373448	1.74263688	1024
340780785	386332828	1.21588261	81
340780785	294011758	2.19109186	1024
340780785	551595708	2.17913774	1024
340780785	238024563	1.28421739	81
340780785	188996478	1.39642151	1024
340780785	82703547	1.65171134	81
340780785	402554460	2.42414664	1024
225848725	242280153	2.31813958	1024
225848725	117926254	1.89243603	147
225848725	91782850	1.70653125	1024
225848725	264676827	1.34387061	1024
225848725	374998178	1.84088227	147
225848725	564912574	1.74335519	1024
225848725	326315831	1.31666663	1024
225848725	82702859	2.48750113	1024
225848725	110833750	1.46986175	1024
225848725	383784054	1.7110745	147
225848725	121604553	1.84323003	1024
225848725	334344473	1.86972496	147
225848725	330820579	1.38763518	1024
225848725	482884281	2.80545994	1024
225848725	189426256	1.26145837	1024
225848725	242280154	1.75282202	147
225848725	187923495	1.2064985	1024
225848725	374998179	2.45127323	1024
225848725	339323469	1.27864943	1024
225848725	383784059	2.07936975	1024
225848725	229916941	2.11311161	147
225848725	300313533	1.40374466	1024
225848725	187923487	1.68725573	1024
225848725	153004289	1.18725073	1024
225848725	238028538	1.69712225	1024
225848725	94313082	1.34357677	1024
225848725	225850893	0.70726102	633
225848725	160900978	1.38149606	1024
225848725	551595709	2.36979455	1024
225848725	186474072	1.39653882	1024
225848725	310820930	1.9960559	1024
225848725	557829282	2.09879932	147
225848725	346642967	1.89063551	1024
225848725	387813815	2.14015349	1024
225848725	224373448	1.35145496	407
225848725	386332828	1.34129529	1024
225848725	294011758	1.9258693	147
225848725	551595708	1.91391518	147
225848725	238024563	1.40963007	1024
225848725	188996478	0.33964407	999
225848725	82703547	1.77712402	1024
225848725	402554460	2.15892408	147
242280153	117926254	3.06580145	1024
242280153	91782850	2.73561843	126
242280153	264676827	2.37295779	126
242280153	374998178	3.01424769	1024
242280153	564912574	2.77244237	126
242280153	326315831	2.34575381	126
242280153	82702859	3.51658831	126
242280153	110833750	2.49894893	126
242280153	383784054	2.88443992	1024
242280153	121604553	2.87231721	126
242280153	334344473	3.04309038	1024
242280153	330820579	2.41672236	126
242280153	482884281	3.83454712	126
242280153	189426256	2.29054555	126
242280153	242280154	2.92618744	1024
242280153	187923495	2.23558568	126
242280153	374998179	2.66048559	850
242280153	339323469	2.30773661	126
242280153	383784059	1.91077573	913
242280153	229916941	3.28647703	1024
242280153	300313533	2.43283184	126
242280153	187923487	2.71634291	126
242280153	153004289	2.21633791	126
242280153	238028538	2.72620943	126
242280153	94313082	2.37266395	126
242280153	225850893	2.21496474	1024
242280153	160900978	2.41058324	126
242280153	551595709	0.54431423	1024
242280153	186474072	2.425626	126
242280153	310820930	3.02514308	126
242280153	557829282	3.27216474	1024
242280153	346642967	2.91972269	126
242280153	387813815	3.16924067	126
242280153	224373448	2.65077974	1024
242280153	386332828	2.37038247	126
242280153	294011758	3.09923472	1024
242280153	551595708	3.0872806	1024
242280153	238024563	2.43871725	126
242280153	188996478	2.30456437	1024
242280153	82703547	2.8062112	126
242280153	402554460	3.3322895	1024
117926254	91782850	2.45419312	1024
117926254	264676827	2.09153248	1024
117926254	374998178	0.68222024	708
117926254	564912574	2.49101706	1024
117926254	326315831	2.0643285	1024
117926254	82702859	3.235163	1024
117926254	110833750	2.21752362	1024
117926254	383784054	1.88114989	239
117926254	121604553	2.5908919	1024
117926254	334344473	0.95876887	1019
117926254	330820579	2.13529705	1024
117926254	482884281	3.55312181	1024
117926254	189426256	2.00912024	1024
117926254	242280154	1.50303471	801
117926254	187923495	1.95416037	1024
117926254	374998179	3.1989351	1024
117926254	339323469	2.0263113	1024
117926254	383784059	2.82703162	1024
117926254	229916941	2.50553918	307
117926254	300313533	2.15140653	1024
117926254	187923487	2.4349176	1024
117926254	153004289	1.9349126	1024
117926254	238028538	2.44478412	1024
117926254	94313082	2.09123864	1024
117926254	225850893	1.78926119	147
117926254	160900978	2.12915793	1024
117926254	551595709	3.11745642	1024
117926254	186474072	2.14420069	1024
117926254	310820930	2.74371777	1024
117926254	557829282	2.49122689	307
117926254	346642967	2.63829738	1024
117926254	387813815	2.88781536	1024
117926254	224373448	2.22507619	147
117926254	386332828	2.08895716	1024
117926254	294011758	1.01491321	1019
117926254	551595708	1.66412787	801
117926254	238024563	2.15729194	1024
117926254	188996478	1.87886082	147
117926254	82703547	2.52478589	1024
117926254	402554460	2.55135165	307
91782850	264676827	1.3092779	31
91782850	374998178	2.40263936	1024
91782850	564912574	0.79936574	1020
91782850	326315831	1.28207392	31
91782850	82702859	2.45290842	31
91782850	110833750	1.43526904	31
91782850	383784054	2.27283159	1024
91782850	121604553	1.80863732	31
91782850	334344473	2.43148205	1024
91782850	330820579	1.03603647	163
91782850	482884281	2.77086723	31
91782850	189426256	1.368347	15
91782850	242280154	2.31457911	1024
91782850	187923495	0.89114479	789
91782850	374998179	2.86875208	126
91782850	339323469	0.83367844	580
91782850	383784059	2.4968486	126
91782850	229916941	2.6748687	1024
91782850	300313533	1.25441889	562
91782850	187923487	0.09376652	1023
91782850	153004289	1.29413936	15
91782850	238028538	0.30575332	1024
91782850	94313082	0.89860578	580
91782850	225850893	1.60335641	1024
91782850	160900978	1.34690335	31
91782850	551595709	2.7872734	126
91782850	186474072	1.04494011	163
91782850	310820930	1.96146319	31
91782850	557829282	2.66055641	1024
91782850	346642967	1.8560428	31
91782850	387813815	2.10556078	31
91782850	224373448	2.03917141	1024
91782850	386332828	0.74929908	975
91782850	294011758	2.48762639	1024
91782850	551595708	2.47567227	1024
91782850	238024563	1.05803136	163
91782850	188996478	1.69295604	1024
91782850	82703547	1.74253131	31
91782850	402554460	2.72068117	1024
264676827	374998178	2.03997872	1024
264676827	564912574	1.34610184	31
264676827	326315831	0.44508166	1021
264676827	82702859	1.84241746	21
264676827	110833750	0.93887278	11
264676827	383784054	1.91017095	1024
264676827	121604553	1.19814636	21
264676827	334344473	2.06882141	1024
264676827	330820579	0.99038183	31
264676827	482884281	2.16037627	21
264676827	189426256	1.00568636	15
264676827	242280154	1.95191847	1024
264676827	187923495	0.80924515	31
264676827	374998179	2.50609144	126
264676827	339323469	0.88139608	31
264676827	383784059	2.13418796	126
264676827	229916941	2.31220806	1024
264676827	300313533	1.00649131	31
264676827	187923487	1.29000238	31
264676827	153004289	0.93147872	15
264676827	238028538	1.2998689	31
264676827	94313082	0.94632342	31
264676827	225850893	1.24069577	1024
264676827	160900978	0.18643837	1024
264676827	551595709	2.42461276	126
264676827	186474072	0.99928547	31
264676827	310820930	1.35097223	21
264676827	557829282	2.29789577	1024
264676827	346642967	1.24555184	21
264676827	387813815	1.49506982	21
264676827	224373448	1.67651077	1024
264676827	386332828	0.94404194	31
264676827	294011758	2.12496575	1024
264676827	551595708	2.11301163	1024
264676827	238024563	1.01237672	31
264676827	188996478	1.3302954	1024
264676827	82703547	1.13204035	21
264676827	402554460	2.35802053	1024
374998178	564912574	2.4394633	1024
374998178	326315831	2.01277474	1024
374998178	82702859	3.18360924	1024
374998178	110833750	2.16596986	1024
374998178	383784054	1.82959613	239
374998178	121604553	2.53933814	1024
374998178	334344473	0.90721511	1019
374998178	330820579	2.08374329	1024
374998178	482884281	3.50156805	1024
374998178	189426256	1.95756648	1024
374998178	242280154	1.45148095	801
374998178	187923495	1.90260661	1024
374998178	374998179	3.14738134	1024
374998178	339323469	1.97475754	1024
374998178	383784059	2.77547786	1024
374998178	229916941	2.45398542	307
374998178	300313533	2.09985277	1024
374998178	187923487	2.38336384	1024
374998178	153004289	1.88335884	1024
374998178	238028538	2.39323036	1024
374998178	94313082	2.03968488	1024
374998178	225850893	1.73770743	147
374998178	160900978	2.07760417	1024
374998178	551595709	3.06590266	1024
374998178	186474072	2.09264693	1024
374998178	310820930	2.69216401	1024
374998178	557829282	2.43967313	307
374998178	346642967	2.58674362	1024
374998178	387813815	2.8362616	1024
374998178	224373448	2.17352243	147
374998178	386332828	2.0374034	1024
374998178	294011758	0.96335945	1019
374998178	551595708	1.61257411	801
374998178	238024563	2.10573818	1024
374998178	188996478	1.82730706	147
374998178	82703547	2.47323213	1024
374998178	402554460	2.49979789	307
564912574	326315831	1.31889786	31
564912574	82702859	2.48973236	31
564912574	110833750	1.47209298	31
564912574	383784054	2.30965553	1024
564912574	121604553	1.84546126	31
564912574	334344473	2.46830599	1024
564912574	330820579	1.07286041	163
564912574	482884281	2.80769117	31
564912574	189426256	1.40517094	15
564912574	242280154	2.35140305	1024
564912574	187923495	0.92796873	789
564912574	374998179	2.90557602	126
564912574	339323469	0.87050238	580
564912574	383784059	2.53367254	126
564912574	229916941	2.71169264	1024
564912574	300313533	1.29124283	562
564912574	187923487	0.78009022	1020
564912574	153004289	1.3309633	15
564912574	238028538	0.78995674	1020
564912574	94313082	0.93542972	580
564912574	225850893	1.64018035	1024
564912574	160900978	1.38372729	31
564912574	551595709	2.82409734	126
564912574	186474072	1.08176405	163
564912574	310820930	1.99828713	31
564912574	557829282	2.69738035	1024
564912574	346642967	1.89286674	31
564912574	387813815	2.14238472	31
564912574	224373448	2.07599535	1024
564912574	386332828	0.78612302	975
564912574	294011758	2.52445033	1024
564912574	551595708	2.51249621	1024
564912574	238024563	1.0948553	163
564912574	188996478	1.72977998	1024
564912574	82703547	1.77935525	31
564912574	402554460	2.75750511	1024
326315831	82702859	1.81521348	21
326315831	110833750	0.9116688	11
326315831	383784054	1.88296697	1024
326315831	121604553	1.17094238	21
326315831	334344473	2.04161743	1024
326315831	330820579	0.96317785	31
326315831	482884281	2.13317229	21
326315831	189426256	0.97848238	15
326315831	242280154	1.92471449	1024
326315831	187923495	0.78204117	31
326315831	374998179	2.47888746	126
326315831	339323469	0.8541921	31
326315831	383784059	2.10698398	126
326315831	229916941	2.28500408	1024
326315831	300313533	0.97928733	31
326315831	187923487	1.2627984	31
326315831	153004289	0.90427474	15
326315831	238028538	1.27266492	31
326315831	94313082	0.91911944	31
326315831	225850893	1.21349179	1024
326315831	160900978	0.48270711	1021
326315831	551595709	2.39740878	126
326315831	186474072	0.97208149	31
326315831	310820930	1.32376825	21
326315831	557829282	2.27069179	1024
326315831	346642967	1.21834786	21
326315831	387813815	1.46786584	21
326315831	224373448	1.64930679	1024
326315831	386332828	0.91683796	31
326315831	294011758	2.09776177	1024
326315831	551595708	2.08580765	1024
326315831	238024563	0.98517274	31
326315831	188996478	1.30309142	1024
326315831	82703547	1.10483637	21
326315831	402554460	2.33081655	1024
82702859	110833750	2.0825033	11
82702859	383784054	3.05380147	1024
82702859	121604553	1.49682952	523
82702859	334344473	3.21245193	1024
82702859	330820579	2.13401235	31
82702859	482884281	2.91898907	23
82702859	189426256	2.14931688	15
82702859	242280154	3.09554899	1024
82702859	187923495	1.95287567	31
82702859	374998179	3.64972196	126
82702859	339323469	2.0250266	31
82702859	383784059	3.27781848	126
82702859	229916941	3.45583858	1024
82702859	300313533	2.15012183	31
82702859	187923487	2.4336329	31
82702859	153004289	2.07510924	15
82702859	238028538	2.44349942	31
82702859	94313082	2.08995394	31
82702859	225850893	2.38432629	1024
82702859	160900978	1.88004291	21
82702859	551595709	3.56824328	126
82702859	186474072	2.14291599	31
82702859	310820930	1.64965539	523
82702859	557829282	3.44152629	1024
82702859	346642967	1.81843694	243
82702859	387813815	2.25368262	23
82702859	224373448	2.82014129	1024
82702859	386332828	2.08767246	31
82702859	294011758	3.26859627	1024
82702859	551595708	3.25664215	1024
82702859	238024563	2.15600724	31
82702859	188996478	2.47392592	1024
82702859	82703547	1.89065315	23
82702859	402554460	3.50165105	1024
110833750	383784054	2.03616209	1024
110833750	121604553	1.4382322	11
110833750	334344473	2.19481255	1024
110833750	330820579	1.11637297	31
110833750	482884281	2.40046211	11
110833750	189426256	1.1316775	15
110833750	242280154	2.07790961	1024
110833750	187923495	0.93523629	31
110833750	374998179	2.63208258	126
110833750	339323469	1.00738722	31
110833750	383784059	2.2601791	126
110833750	229916941	2.4381992	1024
110833750	300313533	1.13248245	31
110833750	187923487	1.41599352	31
110833750	153004289	1.05746986	15
110833750	238028538	1.42586004	31
110833750	94313082	1.07231456	31
110833750	225850893	1.36668691	1024
110833750	160900978	0.97649823	11
110833750	551595709	2.5506039	126
110833750	186474072	1.12527661	31
110833750	310820930	1.59105807	11
110833750	557829282	2.42388691	1024
110833750	346642967	1.48563768	11
110833750	387813815	1.73515566	11
110833750	224373448	1.80250191	1024
110833750	386332828	1.07003308	31
110833750	294011758	2.25095689	1024
110833750	551595708	2.23900277	1024
110833750	238024563	1.13836786	31
110833750	188996478	1.45628654	1024
110833750	82703547	1.37212619	11
110833750	402554460	2.48401167	1024
383784054	121604553	2.40953037	1024
383784054	334344473	1.85843882	239
383784054	330820579	1.95393552	1024
383784054	482884281	3.37176028	1024
383784054	189426256	1.82775871	1024
383784054	242280154	1.74153588	239
383784054	187923495	1.77279884	1024
383784054	374998179	3.01757357	1024
383784054	339323469	1.84494977	1024
383784054	383784059	2.64567009	1024
383784054	229916941	2.32417765	307
383784054	300313533	1.970045	1024
383784054	187923487	2.25355607	1024
383784054	153004289	1.75355107	1024
383784054	238028538	2.26342259	1024
383784054	94313082	1.90987711	1024
383784054	225850893	1.60789966	147
383784054	160900978	1.9477964	1024
383784054	551595709	2.93609489	1024
383784054	186474072	1.96283916	1024
383784054	310820930	2.56235624	1024
383784054	557829282	2.30986536	307
383784054	346642967	2.45693585	1024
383784054	387813815	2.70645383	1024
383784054	224373448	2.04371466	147
383784054	386332828	1.90759563	1024
383784054	294011758	1.91458316	239
383784054	551595708	1.90262904	239
383784054	238024563	1.97593041	1024
383784054	188996478	1.69749929	147
383784054	82703547	2.34342436	1024
383784054	402554460	2.36999012	307
121604553	334344473	2.56818083	1024
121604553	330820579	1.48974125	31
121604553	482884281	2.27471797	23
121604553	189426256	1.50504578	15
121604553	242280154	2.45127789	1024
121604553	187923495	1.30860457	31
121604553	374998179	3.00545086	126
121604553	339323469	1.3807555	31
121604553	383784059	2.63354738	126
121604553	229916941	2.81156748	1024
121604553	300313533	1.50585073	31
121604553	187923487	1.7893618	31
121604553	153004289	1.43083814	15
121604553	238028538	1.79922832	31
121604553	94313082	1.44568284	31
121604553	225850893	1.74005519	1024
121604553	160900978	1.23577181	21
121604553	551595709	2.92397218	126
121604553	186474072	1.49864489	31
121604553	310820930	0.83957805	499
121604553	557829282	2.79725519	1024
121604553	346642967	1.17416584	243
121604553	387813815	1.60941152	23
121604553	224373448	2.17587019	1024
121604553	386332828	1.44340136	31
121604553	294011758	2.62432517	1024
121604553	551595708	2.61237105	1024
121604553	238024563	1.51173614	31
121604553	188996478	1.82965482	1024
121604553	82703547	1.24638205	23
121604553	402554460	2.85737995	1024
334344473	330820579	2.11258598	1024
334344473	482884281	3.53041074	1024
334344473	189426256	1.98640917	1024
334344473	242280154	1.48032364	801
334344473	187923495	1.9314493	1024
334344473	374998179	3.17622403	1024
334344473	339323469	2.00360023	1024
334344473	383784059	2.80432055	1024
334344473	229916941	2.48282811	307
334344473	300313533	2.12869546	1024
334344473	187923487	2.41220653	1024
334344473	153004289	1.91220153	1024
334344473	238028538	2.42207305	1024
334344473	94313082	2.06852757	1024
334344473	225850893	1.76655012	147
334344473	160900978	2.10644686	1024
334344473	551595709	3.09474535	1024
334344473	186474072	2.12148962	1024
334344473	310820930	2.7210067	1024
334344473	557829282	2.46851582	307
334344473	346642967	2.61558631	1024
334344473	387813815	2.86510429	1024
334344473	224373448	2.20236512	147
334344473	386332828	2.06624609	1024
334344473	294011758	0.11441714	1024
334344473	551595708	1.6414168	801
334344473	238024563	2.13458087	1024
334344473	188996478	1.85614975	147
334344473	82703547	2.50207482	1024
334344473	402554460	2.52864058	307
330820579	482884281	2.45197116	31
330820579	189426256	1.04945093	15
330820579	242280154	1.99568304	1024
330820579	187923495	0.57224872	789
330820579	374998179	2.54985601	126
330820579	339323469	0.60815465	163
330820579	383784059	2.17795253	126
330820579	229916941	2.35597263	1024
330820579	300313533	0.93552282	562
330820579	187923487	1.01676095	163
330820579	153004289	0.97524329	15
330820579	238028538	1.02662747	163
330820579	94313082	0.67308199	163
330820579	225850893	1.28446034	1024
330820579	160900978	1.02800728	31
330820579	551595709	2.46837733	126
330820579	186474072	0.24313458	915
330820579	310820930	1.64256712	31
330820579	557829282	2.34166034	1024
330820579	346642967	1.53714673	31
330820579	387813815	1.78666471	31
330820579	224373448	1.72027534	1024
330820579	386332828	0.67080051	163
330820579	294011758	2.16873032	1024
330820579	551595708	2.1567762	1024
330820579	238024563	0.06850429	992
330820579	188996478	1.37405997	1024
330820579	82703547	1.42363524	31
330820579	402554460	2.4017851	1024
482884281	189426256	2.46727569	15
482884281	242280154	3.4135078	1024
482884281	187923495	2.27083448	31
482884281	374998179	3.96768077	126
482884281	339323469	2.34298541	31
482884281	383784059	3.59577729	126
482884281	229916941	3.77379739	1024
482884281	300313533	2.46808064	31
482884281	187923487	2.75159171	31
482884281	153004289	2.39306805	15
482884281	238028538	2.76145823	31
482884281	94313082	2.40791275	31
482884281	225850893	2.7022851	1024
482884281	160900978	2.19800172	21
482884281	551595709	3.88620209	126
482884281	186474072	2.4608748	31
482884281	310820930	2.42754384	23
482884281	557829282	3.7594851	1024
482884281	346642967	2.32212345	23
482884281	387813815	2.10298643	48
482884281	224373448	3.1381001	1024
482884281	386332828	2.40563127	31
482884281	294011758	3.58655508	1024
482884281	551595708	3.57460096	1024
482884281	238024563	2.47396605	31
482884281	188996478	2.79188473	1024
482884281	82703547	2.0932042	2
482884281	402554460	3.81960986	1024
189426256	242280154	1.86950623	1024
189426256	187923495	0.86831425	15
189426256	374998179	2.4236792	126
189426256	339323469	0.94046518	15
189426256	383784059	2.05177572	126
189426256	229916941	2.22979582	1024
189426256	300313533	1.06556041	15
189426256	187923487	1.34907148	15
189426256	153004289	0.47417696	1019
189426256	238028538	1.358938	15
189426256	94313082	1.00539252	15
189426256	225850893	1.15828353	1024
189426256	160900978	1.04331181	15
189426256	551595709	2.34220052	126
189426256	186474072	1.05835457	15
189426256	310820930	1.65787165	15
189426256	557829282	2.21548353	1024
189426256	346642967	1.55245126	15
189426256	387813815	1.80196924	15
189426256	224373448	1.59409853	1024
189426256	386332828	1.00311104	15
189426256	294011758	2.04255351	1024
189426256	551595708	2.03059939	1024
189426256	238024563	1.07144582	15
189426256	188996478	1.24788316	1024
189426256	82703547	1.43893977	15
189426256	402554460	2.27560829	1024
242280154	187923495	1.81454636	1024
242280154	374998179	3.05932109	1024
242280154	339323469	1.88669729	1024
242280154	383784059	2.68741761	1024
242280154	229916941	2.36592517	307
242280154	300313533	2.01179252	1024
242280154	187923487	2.29530359	1024
242280154	153004289	1.79529859	1024
242280154	238028538	2.30517011	1024
242280154	94313082	1.95162463	1024
242280154	225850893	1.64964718	147
242280154	160900978	1.98954392	1024
242280154	551595709	2.97784241	1024
242280154	186474072	2.00458668	1024
242280154	310820930	2.60410376	1024
242280154	557829282	2.35161288	307
242280154	346642967	2.49868337	1024
242280154	387813815	2.74820135	1024
242280154	224373448	2.08546218	147
242280154	386332828	1.94934315	1024
242280154	294011758	1.53646798	801
242280154	551595708	0.37979392	1024
242280154	238024563	2.01767793	1024
242280154	188996478	1.73924681	147
242280154	82703547	2.38517188	1024
242280154	402554460	2.41173764	307
187923495	374998179	2.36871933	126
187923495	339323469	0.46326297	789
187923495	383784059	1.99681585	126
187923495	229916941	2.17483595	1024
187923495	300313533	0.75438614	562
187923495	187923487	0.87186927	789
187923495	153004289	0.79410661	15
187923495	238028538	0.88173579	789
187923495	94313082	0.52819031	789
187923495	225850893	1.10332366	1024
187923495	160900978	0.8468706	31
187923495	551595709	2.28724065	126
187923495	186474072	0.58115236	789
187923495	310820930	1.46143044	31
187923495	557829282	2.16052366	1024
187923495	346642967	1.35601005	31
187923495	387813815	1.60552803	31
187923495	224373448	1.53913866	1024
187923495	386332828	0.52590883	789
187923495	294011758	1.98759364	1024
187923495	551595708	1.97563952	1024
187923495	238024563	0.59424361	789
187923495	188996478	1.19292329	1024
187923495	82703547	1.24249856	31
187923495	402554460	2.22064842	1024
374998179	339323469	2.44087026	126
374998179	383784059	2.42171576	850
374998179	229916941	3.41961068	1024
374998179	300313533	2.56596549	126
374998179	187923487	2.84947656	126
374998179	153004289	2.34947156	126
374998179	238028538	2.85934308	126
374998179	94313082	2.5057976	126
374998179	225850893	2.34809839	1024
374998179	160900978	2.54371689	126
374998179	551595709	2.71214056	850
374998179	186474072	2.55875965	126
374998179	310820930	3.15827673	126
374998179	557829282	3.40529839	1024
374998179	346642967	3.05285634	126
374998179	387813815	3.30237432	126
374998179	224373448	2.78391339	1024
374998179	386332828	2.50351612	126
374998179	294011758	3.23236837	1024
374998179	551595708	3.22041425	1024
374998179	238024563	2.5718509	126
374998179	188996478	2.43769802	1024
374998179	82703547	2.93934485	126
374998179	402554460	3.46542315	1024
339323469	383784059	2.06896678	126
339323469	229916941	2.24698688	1024
339323469	300313533	0.82653707	562
339323469	187923487	0.81440292	580
339323469	153004289	0.86625754	15
339323469	238028538	0.82426944	580
339323469	94313082	0.20389342	1016
339323469	225850893	1.17547459	1024
339323469	160900978	0.91902153	31
339323469	551595709	2.35939158	126
339323469	186474072	0.61705829	163
339323469	310820930	1.53358137	31
339323469	557829282	2.23267459	1024
339323469	346642967	1.42816098	31
339323469	387813815	1.67767896	31
339323469	224373448	1.61128959	1024
339323469	386332828	0.46844248	580
339323469	294011758	2.05974457	1024
339323469	551595708	2.04779045	1024
339323469	238024563	0.63014954	163
339323469	188996478	1.26507422	1024
339323469	82703547	1.31464949	31
339323469	402554460	2.29279935	1024
383784059	229916941	3.0477072	1024
383784059	300313533	2.19406201	126
383784059	187923487	2.47757308	126
383784059	153004289	1.97756808	126
383784059	238028538	2.4874396	126
383784059	94313082	2.13389412	126
383784059	225850893	1.97619491	1024
383784059	160900978	2.17181341	126
383784059	551595709	1.9624307	913
383784059	186474072	2.18685617	126
383784059	310820930	2.78637325	126
383784059	557829282	3.03339491	1024
383784059	346642967	2.68095286	126
383784059	387813815	2.93047084	126
383784059	224373448	2.41200991	1024
383784059	386332828	2.13161264	126
383784059	294011758	2.86046489	1024
383784059	551595708	2.84851077	1024
383784059	238024563	2.19994742	126
383784059	188996478	2.06579454	1024
383784059	82703547	2.56744137	126
383784059	402554460	3.09351967	1024
229916941	300313533	2.37208211	1024
229916941	187923487	2.65559318	1024
229916941	153004289	2.15558818	1024
229916941	238028538	2.6654597	1024
229916941	94313082	2.31191422	1024
229916941	225850893	2.00993677	147
229916941	160900978	2.34983351	1024
229916941	551595709	3.338132	1024
229916941	186474072	2.36487627	1024
229916941	310820930	2.96439335	1024
229916941	557829282	0.34328917	1016
229916941	346642967	2.85897296	1024
229916941	387813815	3.10849094	1024
229916941	224373448	2.44575177	147
229916941	386332828	2.30963274	1024
229916941	294011758	2.53897245	307
229916941	551595708	2.52701833	307
229916941	238024563	2.37796752	1024
229916941	188996478	2.0995364	147
229916941	82703547	2.74546147	1024
229916941	402554460	1.10050563	1024
300313533	187923487	1.23514337	562
300313533	153004289	0.99135277	15
300313533	238028538	1.24500989	562
300313533	94313082	0.89146441	562
300313533	225850893	1.30056982	1024
300313533	160900978	1.04411676	31
300313533	551595709	2.48448681	126
300313533	186474072	0.94442646	562
300313533	310820930	1.6586766	31
300313533	557829282	2.35776982	1024
300313533	346642967	1.55325621	31
300313533	387813815	1.80277419	31
300313533	224373448	1.73638482	1024
300313533	386332828	0.88918293	562
300313533	294011758	2.1848398	1024
300313533	551595708	2.17288568	1024
300313533	238024563	0.95751771	562
300313533	188996478	1.39016945	1024
300313533	82703547	1.43974472	31
300313533	402554460	2.41789458	1024
187923487	153004289	1.27486384	15
187923487	238028538	0.2864778	1024
187923487	94313082	0.87933026	580
187923487	225850893	1.58408089	1024
187923487	160900978	1.32762783	31
187923487	551595709	2.76799788	126
187923487	186474072	1.02566459	163
187923487	310820930	1.94218767	31
187923487	557829282	2.64128089	1024
187923487	346642967	1.83676728	31
187923487	387813815	2.08628526	31
187923487	224373448	2.01989589	1024
187923487	386332828	0.73002356	975
187923487	294011758	2.46835087	1024
187923487	551595708	2.45639675	1024
187923487	238024563	1.03875584	163
187923487	188996478	1.67368052	1024
187923487	82703547	1.72325579	31
187923487	402554460	2.70140565	1024
153004289	238028538	1.28473036	15
153004289	94313082	0.93118488	15
153004289	225850893	1.08407589	1024
153004289	160900978	0.96910417	15
153004289	551595709	2.26799288	126
153004289	186474072	0.98414693	15
153004289	310820930	1.58366401	15
153004289	557829282	2.14127589	1024
153004289	346642967	1.47824362	15
153004289	387813815	1.7277616	15
153004289	224373448	1.51989089	1024
153004289	386332828	0.9289034	15
153004289	294011758	1.96834587	1024
153004289	551595708	1.95639175	1024
153004289	238024563	0.99723818	15
153004289	188996478	1.17367552	1024
153004289	82703547	1.36473213	15
153004289	402554460	2.20140065	1024
238028538	94313082	0.88919678	580
238028538	225850893	1.59394741	1024
238028538	160900978	1.33749435	31
238028538	551595709	2.7778644	126
238028538	186474072	1.03553111	163
238028538	310820930	1.95205419	31
238028538	557829282	2.65114741	1024
238028538	346642967	1.8466338	31
238028538	387813815	2.09615178	31
238028538	224373448	2.02976241	1024
238028538	386332828	0.73989008	975
238028538	294011758	2.47821739	1024
238028538	551595708	2.46626327	1024
238028538	238024563	1.04862236	163
238028538	188996478	1.68354704	1024
238028538	82703547	1.73312231	31
238028538	402554460	2.71127217	1024
94313082	225850893	1.24040193	1024
94313082	160900978	0.98394887	31
94313082	551595709	2.42431892	126
94313082	186474072	0.68198563	163
94313082	310820930	1.59850871	31
94313082	557829282	2.29760193	1024
94313082	346642967	1.49308832	31
94313082	387813815	1.7426063	31
94313082	224373448	1.67621693	1024
94313082	386332828	0.53336982	580
94313082	294011758	2.12467191	1024
94313082	551595708	2.11271779	1024
94313082	238024563	0.69507688	163
94313082	188996478	1.33000156	1024
94313082	82703547	1.37957683	31
94313082	402554460	2.35772669	1024
225850893	160900978	1.27832122	1024
225850893	551595709	2.26661971	1024
225850893	186474072	1.29336398	1024
225850893	310820930	1.89288106	1024
225850893	557829282	1.99562448	147
225850893	346642967	1.78746067	1024
225850893	387813815	2.03697865	1024
225850893	224373448	1.24828012	407
225850893	386332828	1.23812045	1024
225850893	294011758	1.82269446	147
225850893	551595708	1.81074034	147
225850893	238024563	1.30645523	1024
225850893	188996478	0.69368581	633
225850893	82703547	1.67394918	1024
225850893	402554460	2.05574924	147
160900978	551595709	2.46223821	126
160900978	186474072	1.03691092	31
160900978	310820930	1.38859768	21
160900978	557829282	2.33552122	1024
160900978	346642967	1.28317729	21
160900978	387813815	1.53269527	21
160900978	224373448	1.71413622	1024
160900978	386332828	0.98166739	31
160900978	294011758	2.1625912	1024
160900978	551595708	2.15063708	1024
160900978	238024563	1.05000217	31
160900978	188996478	1.36792085	1024
160900978	82703547	1.1696658	21
160900978	402554460	2.39564598	1024
551595709	186474072	2.47728097	126
551595709	310820930	3.07679805	126
551595709	557829282	3.32381971	1024
551595709	346642967	2.97137766	126
551595709	387813815	3.22089564	126
551595709	224373448	2.70243471	1024
551595709	386332828	2.42203744	126
551595709	294011758	3.15088969	1024
551595709	551595708	3.13893557	1024
551595709	238024563	2.49037222	126
551595709	188996478	2.35621934	1024
551595709	82703547	2.85786617	126
551595709	402554460	3.38394447	1024
186474072	310820930	1.65147076	31
186474072	557829282	2.35056398	1024
186474072	346642967	1.54605037	31
186474072	387813815	1.79556835	31
186474072	224373448	1.72917898	1024
186474072	386332828	0.67970415	163
186474072	294011758	2.17763396	1024
186474072	551595708	2.16567984	1024
186474072	238024563	0.26512947	915
186474072	188996478	1.38296361	1024
186474072	82703547	1.43253888	31
186474072	402554460	2.41068874	1024
310820930	557829282	2.95008106	1024
310820930	346642967	1.32699171	243
310820930	387813815	1.76223739	23
310820930	224373448	2.32869606	1024
310820930	386332828	1.59622723	31
310820930	294011758	2.77715104	1024
310820930	551595708	2.76519692	1024
310820930	238024563	1.66456201	31
310820930	188996478	1.98248069	1024
310820930	82703547	1.39920792	23
310820930	402554460	3.01020582	1024
557829282	346642967	2.84466067	1024
557829282	387813815	3.09417865	1024
557829282	224373448	2.43143948	147
557829282	386332828	2.29532045	1024
557829282	294011758	2.52466016	307
557829282	551595708	2.51270604	307
557829282	238024563	2.36365523	1024
557829282	188996478	2.08522411	147
557829282	82703547	2.73114918	1024
557829282	402554460	1.08619334	1024
346642967	387813815	1.656817	23
346642967	224373448	2.22327567	1024
346642967	386332828	1.49080684	31
346642967	294011758	2.67173065	1024
346642967	551595708	2.65977653	1024
346642967	238024563	1.55914162	31
346642967	188996478	1.8770603	1024
346642967	82703547	1.29378753	23
346642967	402554460	2.90478543	1024
387813815	224373448	2.47279365	1024
387813815	386332828	1.74032482	31
387813815	294011758	2.92124863	1024
387813815	551595708	2.90929451	1024
387813815	238024563	1.8086596	31
387813815	188996478	2.12657828	1024
387813815	82703547	1.42789775	2
387813815	402554460	3.15430341	1024
224373448	386332828	1.67393545	1024
224373448	294011758	2.25850946	147
224373448	551595708	2.24655534	147
224373448	238024563	1.74227023	1024
224373448	188996478	1.33787975	407
224373448	82703547	2.10976418	1024
224373448	402554460	2.49156424	147
386332828	294011758	2.12239043	1024
386332828	551595708	2.11043631	1024
386332828	238024563	0.6927954	163
386332828	188996478	1.32772008	1024
386332828	82703547	1.37729535	31
386332828	402554460	2.35544521	1024
294011758	551595708	1.69756114	801
294011758	238024563	2.19072521	1024
294011758	188996478	1.91229409	147
294011758	82703547	2.55821916	1024
294011758	402554460	2.58478492	307
551595708	238024563	2.17877109	1024
551595708	188996478	1.90033997	147
551595708	82703547	2.54626504	1024
551595708	402554460	2.5728308	307
238024563	188996478	1.39605486	1024
238024563	82703547	1.44563013	31
238024563	402554460	2.42377999	1024
188996478	82703547	1.76354881	1024
188996478	402554460	2.14534887	147
82703547	402554460	2.79127394	1024
