#dist_cut	num_seqs	num_clusters	num_clusters(recip_simpson_index)	avg_intra_clust_phylo_dist_phylum(norm_shannon_index)	avg_inter_clust_phylo_dist_phylum(norm_shannon_index)	avg_intra_clust_phylo_dist_order(norm_shannon_index)	avg_inter_clust_phylo_dist_order(norm_shannon_index)	avg_silhouette_width	avg_inter_clust_dist	avg_intra_clust_dist	dunn_index
0	30	30	30	0	0.316192085582207	0	0.301753274080251	1	2.72329062643678	0	0.1441472
0.01	30	30	30	0	0.316192085582207	0	0.301753274080251	1	2.72329062643678	0	0.1441472
0.02	30	30	30	0	0.316192085582207	0	0.301753274080251	1	2.72329062643678	0	0.1441472
0.03	30	30	30	0	0.316192085582207	0	0.301753274080251	1	2.72329062643678	0	0.1441472
0.04	30	30	30	0	0.316192085582207	0	0.301753274080251	1	2.72329062643678	0	0.1441472
0.05	30	30	30	0	0.316192085582207	0	0.301753274080251	1	2.72329062643678	0	0.1441472
0.06	30	30	30	0	0.316192085582207	0	0.301753274080251	1	2.72329062643678	0	0.1441472
0.07	30	30	30	0	0.316192085582207	0	0.301753274080251	1	2.72329062643678	0	0.1441472
0.08	30	30	30	0	0.316192085582207	0	0.301753274080251	1	2.72329062643678	0	0.1441472
0.09	30	30	30	0	0.316192085582207	0	0.301753274080251	1	2.72329062643678	0	0.1441472
0.1	30	30	30	0	0.316192085582207	0	0.301753274080251	1	2.72329062643678	0	0.1441472
0.11	30	30	30	0	0.316192085582207	0	0.301753274080251	1	2.72329062643678	0	0.1441472
0.12	30	30	30	0	0.316192085582207	0	0.301753274080251	1	2.72329062643678	0	0.1441472
0.13	30	30	30	0	0.316192085582207	0	0.301753274080251	1	2.72329062643678	0	0.1441472
0.14	30	30	30	0	0.316192085582207	0	0.301753274080251	1	2.72329062643678	0	0.1441472
0.15	30	29	28.125	0	0.326140795037096	0	0.307790376333239	0.931034482758621	2.75133851167487	0.00497059310344828	1.06605532400213
0.16	30	28	26.4705882352941	0	0.336726900375296	0	0.297547987338636	0.92617850291222	2.80154879649471	0.0106362889285714	1.04603313006296
0.17	30	27	25	0	0.348012461249751	0	0.30418166849614	0.919907755897266	2.82796749099715	0.0169836607407407	1.30899900617602
0.18	30	27	25	0	0.348012461249751	0	0.30418166849614	0.919968734399845	2.82796749099715	0.0169836607407407	1.30899900617602
0.19	30	27	25	0	0.348012461249751	0	0.30418166849614	0.919907755897266	2.82796749099715	0.0169836607407407	1.30899900617602
0.2	30	27	25	0	0.348012461249751	0	0.30418166849614	0.919693862931066	2.82796749099715	0.0169836607407407	1.30899900617602
0.21	30	27	25	0	0.348012461249751	0	0.30418166849614	0.919907755897266	2.82796749099715	0.0169836607407407	1.30899900617602
0.22	30	26	23.6842105263158	0	0.360067629093734	0	0.310961206370109	0.911038256597793	2.87640383904615	0.0257296515384615	1.84513062699341
0.23	30	26	23.6842105263158	0	0.360067629093734	0	0.310961206370109	0.908570138091896	2.87640383904615	0.0257296515384615	1.84513062699341
0.24	30	26	23.6842105263158	0	0.360067629093734	0	0.310961206370109	0.908570138091896	2.87640383904615	0.0257296515384615	1.84513062699341
0.25	30	26	23.6842105263158	0	0.360067629093734	0	0.310961206370109	0.910537306026424	2.87640383904616	0.0257296515384615	1.84513062699341
0.26	30	26	23.6842105263158	0	0.360067629093734	0	0.310961206370109	0.910537306026424	2.87640383904616	0.0257296515384615	1.84513062699341
0.27	30	26	23.6842105263158	0	0.360067629093734	0	0.310961206370109	0.911038256597793	2.87640383904615	0.0257296515384615	1.84513062699341
0.28	30	26	23.6842105263158	0	0.360067629093734	0	0.310961206370109	0.909644819792312	2.87640383904616	0.0257296515384615	1.84513062699341
0.29	30	26	23.6842105263158	0	0.360067629093734	0	0.310961206370109	0.910332019163243	2.87640383904616	0.0257296515384615	1.84513062699341
0.3	30	26	23.6842105263158	0	0.360067629093734	0	0.310961206370109	0.911038256597793	2.87640383904615	0.0257296515384615	1.84513062699341
0.31	30	26	23.6842105263158	0	0.360067629093734	0	0.310961206370109	0.908570138091896	2.87640383904615	0.0257296515384615	1.84513062699341
0.32	30	26	23.6842105263158	0	0.360067629093734	0	0.310961206370109	0.912112153550671	2.87640383904615	0.0257296515384615	1.84513062699341
0.33	30	26	23.6842105263158	0	0.360067629093734	0	0.310961206370109	0.910332019163243	2.87640383904616	0.0257296515384615	1.84513062699341
0.34	30	26	23.6842105263158	0	0.360067629093734	0	0.310961206370109	0.909017467111853	2.87640383904615	0.0257296515384615	1.84513062699341
0.35	30	26	23.6842105263158	0	0.360067629093734	0	0.310961206370109	0.910537306026424	2.87640383904616	0.0257296515384615	1.84513062699341
0.36	30	26	23.6842105263158	0	0.360067629093734	0	0.310961206370109	0.912112153550671	2.87640383904615	0.0257296515384615	1.84513062699341
0.37	30	26	23.6842105263158	0	0.360067629093734	0	0.310961206370109	0.911038256597793	2.87640383904615	0.0257296515384615	1.84513062699341
0.38	30	26	23.6842105263158	0	0.360067629093734	0	0.310961206370109	0.911038256597793	2.87640383904615	0.0257296515384615	1.84513062699341
0.39	30	25	22.5	0	0.372971950040881	0	0.317856728328087	0.89633873787755	2.9158174174	0.04228835	1.03258920093331
0.4	30	25	22.5	0	0.372971950040881	0	0.317856728328087	0.903072677230748	2.9158174174	0.04228835	1.03258920093331
0.41	30	24	21.4285714285714	0	0.386815907858932	0	0.324824800458574	0.892530690587601	2.94623611503623	0.0607541216666667	1.26234120432536
0.42	30	24	21.4285714285714	0	0.386815907858932	0	0.324824800458574	0.885702360597146	2.94623611503623	0.0607541216666667	1.26234120432536
0.43	30	24	21.4285714285714	0	0.386815907858932	0	0.324824800458574	0.883400876980506	2.94623611503623	0.0607541216666667	1.26234120432536
0.44	30	24	21.4285714285714	0	0.386815907858932	0	0.324824800458574	0.889795749510924	2.94623611503623	0.0607541216666667	1.26234120432536
0.45	30	24	21.4285714285714	0	0.386815907858932	0	0.324824800458574	0.891470342711521	2.94623611503623	0.0607541216666667	1.26234120432536
0.46	30	24	21.4285714285714	0	0.386815907858932	0	0.324824800458574	0.885702360597146	2.94623611503623	0.0607541216666667	1.26234120432536
0.47	30	24	21.4285714285714	0	0.386815907858932	0	0.324824800458574	0.883577708481192	2.94623611503623	0.0607541216666667	1.26234120432536
0.48	30	24	21.4285714285714	0	0.386815907858932	0	0.324824800458574	0.887242440519786	2.94623611503623	0.0607541216666667	1.26234120432536
0.49	30	24	21.4285714285714	0	0.386815907858932	0	0.324824800458574	0.891106592531929	2.94623611503623	0.0607541216666667	1.26234120432536
0.5	30	24	21.4285714285714	0	0.386815907858932	0	0.324824800458574	0.882434016893552	2.94623611503623	0.0607541216666667	1.26234120432536
0.51	30	24	21.4285714285714	0	0.386815907858932	0	0.324824800458574	0.889795749510924	2.94623611503623	0.0607541216666667	1.26234120432536
0.52	30	23	19.5652173913043	0	0.401228209460334	0	0.331114270247621	0.87814470683617	2.9856048031884	0.0738858365217391	1.32734379593294
0.53	30	23	19.5652173913043	0	0.401228209460334	0	0.331114270247621	0.880349685946902	2.9856048031884	0.0738858365217391	1.32734379593294
0.54	30	22	18.75	0	0.417230920131019	0	0.337950375760989	0.851482533504549	3.02264316753247	0.101431514545455	1.23982279492778
0.55	30	22	18.75	0	0.417230920131019	0	0.337950375760989	0.86072011822211	3.02264316753247	0.101431514545455	1.23982279492778
0.56	30	22	18.75	0	0.417230920131019	0	0.337950375760989	0.84196177376575	3.02264316753247	0.101431514545455	1.23982279492778
0.57	30	22	18.75	0	0.417230920131019	0	0.337950375760989	0.851372817498721	3.02264316753247	0.101431514545455	1.23982279492778
0.58	30	22	18.75	0	0.417230920131019	0	0.337950375760989	0.864678083827371	3.02264316753247	0.101431514545455	1.23982279492778
0.59	30	22	18.75	0	0.417230920131019	0	0.337950375760989	0.864678083827371	3.02264316753247	0.101431514545455	1.23982279492778
0.6	30	22	18.75	0	0.417230920131019	0	0.337950375760989	0.851372817498721	3.02264316753247	0.101431514545455	1.23982279492778
0.61	30	22	18.75	0	0.417230920131019	0	0.337950375760989	0.857889774361655	3.02264316753247	0.101431514545455	1.23982279492778
0.62	30	22	18.75	0	0.417230920131019	0	0.337950375760989	0.84196177376575	3.02264316753247	0.101431514545455	1.23982279492778
0.63	30	22	18.75	0	0.417230920131019	0	0.337950375760989	0.863614227560983	3.02264316753247	0.101431514545455	1.23982279492778
0.64	30	22	18.75	0	0.417230920131019	0	0.337950375760989	0.861878220610182	3.02264316753247	0.101431514545455	1.23982279492778
0.65	30	21	17.3076923076923	0	0.433951852260307	0	0.343746677366047	0.841247280551823	3.04858842152381	0.122102558571429	1.80732469694565
0.66	30	21	17.3076923076923	0	0.433951852260307	0	0.343746677366047	0.837650237979155	3.04858842152381	0.122102558571429	1.80732469694565
0.67	30	21	17.3076923076923	0	0.433951852260307	0	0.343746677366047	0.850557180890574	3.04858842152381	0.122102558571429	1.80732469694565
0.68	30	21	17.3076923076923	0	0.433951852260307	0	0.343746677366047	0.841247280551822	3.04858842152381	0.122102558571429	1.80732469694565
0.69	30	21	17.3076923076923	0	0.433951852260307	0	0.343746677366047	0.848505502780536	3.04858842152381	0.122102558571429	1.80732469694565
0.7	30	21	17.3076923076923	0	0.433951852260307	0	0.343746677366047	0.848505502780536	3.04858842152381	0.122102558571429	1.80732469694565
0.71	30	21	17.3076923076923	0	0.433951852260307	0	0.343746677366047	0.841499655123881	3.04858842152381	0.122102558571429	1.80732469694565
0.72	30	21	17.3076923076923	0	0.433951852260307	0	0.343746677366047	0.847716095280584	3.04858842152381	0.122102558571429	1.80732469694565
0.73	30	21	17.3076923076923	0	0.433951852260307	0	0.343746677366047	0.830778982341385	3.04858842152381	0.122102558571429	1.80732469694565
0.74	30	21	17.3076923076923	0	0.433951852260307	0	0.343746677366047	0.847933005148365	3.04858842152381	0.122102558571429	1.80732469694565
0.75	30	21	17.3076923076923	0	0.433951852260307	0	0.343746677366047	0.830778982341385	3.04858842152381	0.122102558571429	1.80732469694565
0.76	30	21	17.3076923076923	0	0.433951852260307	0	0.343746677366047	0.841247280551822	3.04858842152381	0.122102558571429	1.80732469694565
0.77	30	21	17.3076923076923	0	0.433951852260307	0	0.343746677366047	0.830778982341385	3.04858842152381	0.122102558571429	1.80732469694565
0.78	30	21	17.3076923076923	0	0.433951852260307	0	0.343746677366047	0.848505502780536	3.04858842152381	0.122102558571429	1.80732469694565
0.79	30	21	17.3076923076923	0	0.433951852260307	0	0.343746677366047	0.850557180890574	3.04858842152381	0.122102558571429	1.80732469694565
0.8	30	21	17.3076923076923	0	0.433951852260307	0	0.343746677366047	0.841499655123881	3.04858842152381	0.122102558571429	1.80732469694565
0.81	30	21	17.3076923076923	0	0.433951852260307	0	0.343746677366047	0.848505502780536	3.04858842152381	0.122102558571429	1.80732469694565
0.820000000000001	30	21	17.3076923076923	0	0.433951852260307	0	0.343746677366047	0.830778982341386	3.04858842152381	0.122102558571429	1.80732469694565
0.830000000000001	30	21	17.3076923076923	0	0.433951852260307	0	0.343746677366047	0.850557180890574	3.04858842152381	0.122102558571429	1.80732469694565
0.840000000000001	30	21	17.3076923076923	0	0.433951852260307	0	0.343746677366047	0.830778982341385	3.04858842152381	0.122102558571429	1.80732469694565
0.850000000000001	30	21	17.3076923076923	0	0.433951852260307	0	0.343746677366047	0.828786094891616	3.04858842152381	0.122102558571429	1.80732469694565
0.860000000000001	30	21	17.3076923076923	0	0.433951852260307	0	0.343746677366047	0.828786094891616	3.04858842152381	0.122102558571429	1.80732469694565
0.870000000000001	30	21	17.3076923076923	0	0.433951852260307	0	0.343746677366047	0.848505502780536	3.04858842152381	0.122102558571429	1.80732469694565
0.880000000000001	30	21	17.3076923076923	0	0.433951852260307	0	0.343746677366047	0.848505502780536	3.04858842152381	0.122102558571429	1.80732469694565
0.890000000000001	30	21	17.3076923076923	0	0.433951852260307	0	0.343746677366047	0.837045825704538	3.04858842152381	0.122102558571429	1.80732469694565
0.900000000000001	30	21	17.3076923076923	0	0.433951852260307	0	0.343746677366047	0.837045825704538	3.04858842152381	0.122102558571429	1.80732469694565
0.910000000000001	30	21	17.3076923076923	0	0.433951852260307	0	0.343746677366047	0.847933005148365	3.04858842152381	0.122102558571429	1.80732469694565
0.920000000000001	30	21	17.3076923076923	0	0.433951852260307	0	0.343746677366047	0.850170682748628	3.04858842152381	0.122102558571429	1.80732469694565
0.930000000000001	30	21	17.3076923076923	0	0.433951852260307	0	0.343746677366047	0.841247280551822	3.04858842152381	0.122102558571429	1.80732469694565
0.940000000000001	30	21	17.3076923076923	0	0.433951852260307	0	0.343746677366047	0.847933005148365	3.04858842152381	0.122102558571429	1.80732469694565
0.950000000000001	30	20	15	0	0.451806168292487	0	0.34846945824478	0.833056990015735	3.09973000090789	0.135321005416667	1.37410266319043
0.960000000000001	30	20	15	0	0.451806168292487	0	0.34846945824478	0.830940711763395	3.0997300009079	0.135321005416667	1.37410266319043
0.970000000000001	30	20	15	0	0.451806168292487	0	0.34846945824478	0.833056990015735	3.09973000090789	0.135321005416667	1.37410266319043
0.980000000000001	30	20	15	0	0.451806168292487	0	0.34846945824478	0.830940711763395	3.09973000090789	0.135321005416667	1.37410266319043
0.990000000000001	30	19	13.2352941176471	0	0.47109037997942	0	0.352231531497932	0.846252421207301	3.13731340385965	0.137244338421053	1.44782603758365
1	30	19	13.2352941176471	0	0.47109037997942	0	0.352231531497932	0.846252421207301	3.13731340385965	0.137244338421053	1.44782603758365
1.01	30	19	13.2352941176471	0	0.47109037997942	0	0.352231531497932	0.841234809448371	3.13731340385965	0.137244338421053	1.44782603758365
1.02	30	19	13.2352941176471	0	0.47109037997942	0	0.352231531497932	0.847873599014916	3.13731340385965	0.137244338421053	1.44782603758365
1.03	30	19	13.2352941176471	0	0.47109037997942	0	0.352231531497932	0.846252421207301	3.13731340385965	0.137244338421053	1.44782603758365
1.04	30	19	13.2352941176471	0	0.47109037997942	0	0.352231531497932	0.846252421207301	3.13731340385965	0.137244338421053	1.44782603758365
1.05	30	19	13.2352941176471	0	0.47109037997942	0	0.352231531497932	0.847873599014916	3.13731340385965	0.137244338421053	1.44782603758365
1.06	30	19	13.2352941176471	0	0.47109037997942	0	0.352231531497932	0.841234809448371	3.13731340385965	0.137244338421053	1.44782603758365
1.07	30	19	13.2352941176471	0	0.47109037997942	0	0.352231531497932	0.81700276212397	3.12961458420078	0.154343006140351	1.33458173203518
1.08	30	19	13.2352941176471	0	0.47109037997942	0	0.352231531497932	0.81700276212397	3.12961458420078	0.154343006140351	1.33458173203518
1.09	30	19	13.2352941176471	0	0.47109037997942	0	0.352231531497932	0.841010717257503	3.12961458420078	0.154343006140351	1.33458173203518
1.1	30	18	9.78260869565217	0	0.495834650449629	0	0.358501129283832	0.855838470651054	3.17274599760582	0.130315756917989	1.44543234166962
1.11	30	18	9.78260869565217	0	0.495834650449629	0	0.358501129283832	0.855838470651054	3.17274599760582	0.130315756917989	1.44543234166962
1.12	30	18	9.78260869565217	0	0.495834650449629	0	0.358501129283832	0.855838470651054	3.17274599760582	0.130315756917989	1.44543234166962
1.13	30	18	9.78260869565217	0	0.495834650449629	0	0.358501129283832	0.855838470651054	3.17274599760582	0.130315756917989	1.44543234166962
1.14	30	18	9.78260869565217	0	0.495834650449629	0	0.358501129283832	0.855838470651054	3.17274599760582	0.130315756917989	1.44543234166962
1.15	30	18	9.78260869565217	0	0.495834650449629	0	0.358501129283832	0.855838470651054	3.17274599760582	0.130315756917989	1.44543234166962
1.16	30	18	9.78260869565217	0	0.495834650449629	0	0.358501129283832	0.855838470651054	3.17274599760582	0.130315756917989	1.44543234166962
1.17	30	18	9.78260869565217	0	0.495834650449629	0	0.358501129283832	0.855838470651054	3.17274599760582	0.130315756917989	1.44543234166962
1.18	30	18	9.78260869565217	0	0.495834650449629	0	0.358501129283832	0.855838470651054	3.17274599760582	0.130315756917989	1.44543234166962
1.19	30	18	9.78260869565217	0	0.495834650449629	0	0.358501129283832	0.855838470651054	3.17274599760582	0.130315756917989	1.44543234166962
1.2	30	18	9.78260869565217	0	0.495834650449629	0	0.358501129283832	0.855838470651054	3.17274599760582	0.130315756917989	1.44543234166962
1.21	30	18	9.78260869565217	0	0.495834650449629	0	0.358501129283832	0.855838470651054	3.17274599760582	0.130315756917989	1.44543234166962
1.22	30	18	9.78260869565217	0	0.495834650449629	0	0.358501129283832	0.855838470651054	3.17274599760582	0.130315756917989	1.44543234166962
1.23	30	18	9.78260869565217	0	0.495834650449629	0	0.358501129283832	0.855838470651054	3.17274599760582	0.130315756917989	1.44543234166962
1.24	30	18	9.78260869565217	0	0.495834650449629	0	0.358501129283832	0.855838470651054	3.17274599760582	0.130315756917989	1.44543234166962
1.25	30	18	9.78260869565217	0	0.495834650449629	0	0.358501129283832	0.855838470651054	3.17274599760582	0.130315756917989	1.44543234166962
1.26	30	18	9.78260869565217	0	0.495834650449629	0	0.358501129283832	0.855838470651054	3.17274599760582	0.130315756917989	1.44543234166962
1.27	30	18	9.78260869565217	0	0.495834650449629	0	0.358501129283832	0.855838470651054	3.17274599760582	0.130315756917989	1.44543234166962
1.28	30	18	9.78260869565217	0	0.495834650449629	0	0.358501129283832	0.855838470651054	3.17274599760582	0.130315756917989	1.44543234166962
1.29	30	18	9.78260869565217	0	0.495834650449629	0	0.358501129283832	0.855838470651054	3.17274599760582	0.130315756917989	1.44543234166962
1.3	30	18	9.78260869565217	0	0.495834650449629	0	0.358501129283832	0.855838470651054	3.17274599760582	0.130315756917989	1.44543234166962
1.31	30	18	9.78260869565217	0	0.495834650449629	0	0.358501129283832	0.855838470651054	3.17274599760582	0.130315756917989	1.44543234166962
1.32	30	18	9.78260869565217	0	0.495834650449629	0	0.358501129283832	0.85095816357599	3.16561433241441	0.160366825436508	1.05002787175952
1.33	30	18	9.78260869565217	0	0.495834650449629	0	0.358501129283832	0.85095816357599	3.16561433241441	0.160366825436508	1.05002787175952
1.34	30	18	9.78260869565217	0	0.495834650449629	0	0.358501129283832	0.85095816357599	3.16561433241441	0.160366825436508	1.05002787175952
1.35	30	18	9.78260869565217	0	0.495834650449629	0	0.358501129283832	0.85095816357599	3.16561433241441	0.160366825436508	1.05002787175952
1.36	30	18	9.78260869565217	0	0.495834650449629	0	0.358501129283832	0.85095816357599	3.16561433241441	0.160366825436508	1.05002787175952
1.37	30	18	9.78260869565217	0	0.495834650449629	0	0.358501129283832	0.85095816357599	3.16561433241441	0.160366825436508	1.05002787175952
1.38	30	18	9.78260869565217	0	0.495834650449629	0	0.358501129283832	0.85095816357599	3.16561433241441	0.160366825436508	1.05002787175952
1.39	30	18	9.78260869565217	0	0.495834650449629	0	0.358501129283832	0.85095816357599	3.16561433241441	0.160366825436508	1.05002787175952
1.4	30	18	9.78260869565217	0	0.495834650449629	0	0.358501129283832	0.85095816357599	3.16561433241441	0.160366825436508	1.05002787175952
1.41	30	18	9.78260869565217	0	0.495834650449629	0	0.358501129283832	0.85095816357599	3.16561433241441	0.160366825436508	1.05002787175952
1.42	30	18	9.78260869565217	0	0.495834650449629	0	0.358501129283832	0.85095816357599	3.16561433241441	0.160366825436508	1.05002787175952
1.43	30	18	9.78260869565217	0	0.495834650449629	0	0.358501129283832	0.85095816357599	3.16561433241441	0.160366825436508	1.05002787175952
1.44	30	18	9.78260869565217	0	0.495834650449629	0	0.358501129283832	0.85095816357599	3.16561433241441	0.160366825436508	1.05002787175952
1.45	30	18	9.78260869565217	0	0.495834650449629	0	0.358501129283832	0.85095816357599	3.16561433241441	0.160366825436508	1.05002787175952
1.46	30	18	9.78260869565217	0	0.495834650449629	0	0.358501129283832	0.85095816357599	3.16561433241441	0.160366825436508	1.05002787175952
1.47	30	18	9.78260869565217	0	0.495834650449629	0	0.358501129283832	0.85095816357599	3.16561433241441	0.160366825436508	1.05002787175952
1.48	30	18	9.78260869565217	0	0.495834650449629	0	0.358501129283832	0.85095816357599	3.16561433241441	0.160366825436508	1.05002787175952
1.49	30	18	9.78260869565217	0	0.495834650449629	0	0.358501129283832	0.85095816357599	3.16561433241441	0.160366825436508	1.05002787175952
1.5	30	18	9.78260869565217	0	0.495834650449629	0	0.358501129283832	0.85095816357599	3.16561433241441	0.160366825436508	1.05002787175952
1.51	30	16	9.78260869565217	0	0.544052075337622	0.0257120236577614	0.374630703399004	0.74193937452529	3.22687300938194	0.335724289979167	0.841275562899225
1.52	30	16	9.78260869565217	0	0.544052075337622	0.0257120236577614	0.374630703399004	0.765709628436513	3.22687300938194	0.335724289979167	0.841275562899225
1.53	30	16	9.78260869565217	0	0.544052075337622	0.0257120236577614	0.374630703399004	0.765709628436514	3.22687300938194	0.335724289979167	0.841275562899225
1.54	30	15	6.42857142857143	0	0.582290267399685	0.0274261585682789	0.3868301283987	0.776227471292166	3.2757086209746	0.302759323074074	1.23464758539076
1.55	30	15	6.42857142857143	0	0.582290267399685	0.0274261585682789	0.3868301283987	0.776227471292166	3.2757086209746	0.302759323074074	1.23464758539076
1.56	30	15	6.42857142857143	0	0.582290267399685	0.0274261585682789	0.3868301283987	0.776227471292165	3.2757086209746	0.302759323074074	1.23464758539076
1.57	30	15	6.42857142857143	0	0.582290267399685	0.0274261585682789	0.3868301283987	0.776227471292166	3.2757086209746	0.302759323074074	1.23464758539076
1.58	30	15	6.42857142857143	0	0.582290267399685	0.0274261585682789	0.3868301283987	0.776227471292166	3.2757086209746	0.302759323074074	1.23464758539076
1.59	30	15	6.42857142857143	0	0.582290267399685	0.0274261585682789	0.3868301283987	0.776227471292166	3.2757086209746	0.302759323074074	1.23464758539076
1.6	30	15	6.42857142857143	0	0.582290267399685	0.0274261585682789	0.3868301283987	0.776227471292166	3.2757086209746	0.302759323074074	1.23464758539076
1.61	30	15	6.42857142857143	0	0.582290267399685	0.0274261585682789	0.3868301283987	0.776227471292166	3.2757086209746	0.302759323074074	1.23464758539076
1.62	30	15	6.42857142857143	0	0.582290267399685	0.0274261585682789	0.3868301283987	0.776227471292166	3.2757086209746	0.302759323074074	1.23464758539076
1.63	30	15	6.42857142857143	0	0.582290267399685	0.0274261585682789	0.3868301283987	0.776227471292165	3.2757086209746	0.302759323074074	1.23464758539076
1.64	30	15	6.42857142857143	0	0.582290267399685	0.0274261585682789	0.3868301283987	0.776227471292166	3.2757086209746	0.302759323074074	1.23464758539076
1.65	30	15	6.42857142857143	0	0.582290267399685	0.0274261585682789	0.3868301283987	0.776227471292166	3.2757086209746	0.302759323074074	1.23464758539076
1.66	30	15	6.42857142857143	0	0.582290267399685	0.0274261585682789	0.3868301283987	0.776227471292166	3.2757086209746	0.302759323074074	1.23464758539076
1.67	30	14	5.625	0	0.618415373119837	0.0293851698945845	0.393669666108299	0.76002461581998	3.3482490283375	0.333813407512987	1.41336497888917
1.68	30	14	5.625	0	0.618415373119837	0.0293851698945845	0.393669666108299	0.760024615819981	3.3482490283375	0.333813407512987	1.41336497888917
1.69	30	14	5.625	0	0.618415373119837	0.0293851698945845	0.393669666108299	0.760024615819981	3.3482490283375	0.333813407512987	1.41336497888917
1.7	30	14	5.625	0	0.618415373119837	0.0293851698945845	0.393669666108299	0.760024615819981	3.3482490283375	0.333813407512987	1.41336497888917
1.71	30	14	5.625	0	0.618415373119837	0.0293851698945845	0.393669666108299	0.760024615819981	3.3482490283375	0.333813407512987	1.41336497888917
1.72	30	14	5.625	0	0.618415373119837	0.0293851698945845	0.393669666108299	0.760024615819981	3.3482490283375	0.333813407512987	1.41336497888917
1.73	30	14	5.625	0	0.618415373119837	0.0293851698945845	0.393669666108299	0.760024615819981	3.3482490283375	0.333813407512987	1.41336497888917
1.74	30	14	5.625	0	0.618415373119837	0.0293851698945845	0.393669666108299	0.760024615819981	3.3482490283375	0.333813407512987	1.41336497888917
1.75	30	14	5.625	0	0.618415373119837	0.0293851698945845	0.393669666108299	0.760024615819981	3.3482490283375	0.333813407512987	1.41336497888917
1.76	30	14	5.625	0	0.618415373119837	0.0293851698945845	0.393669666108299	0.760024615819981	3.3482490283375	0.333813407512987	1.41336497888917
1.77	30	14	5.625	0	0.618415373119837	0.0293851698945845	0.393669666108299	0.760024615819981	3.3482490283375	0.333813407512987	1.41336497888917
1.78	30	14	5.625	0	0.618415373119837	0.0293851698945845	0.393669666108299	0.760024615819981	3.3482490283375	0.333813407512987	1.41336497888917
1.79	30	14	5.625	0	0.618415373119837	0.0293851698945845	0.393669666108299	0.76002461581998	3.3482490283375	0.333813407512987	1.41336497888917
1.8	30	14	5.625	0	0.618415373119837	0.0293851698945845	0.393669666108299	0.76002461581998	3.3482490283375	0.333813407512987	1.41336497888917
1.81	30	14	5.625	0	0.618415373119837	0.0293851698945845	0.393669666108299	0.760024615819981	3.3482490283375	0.333813407512987	1.41336497888917
1.82	30	13	5.42168674698795	0	0.655245398554041	0.0516917855965775	0.421330287596622	0.731122905390737	3.39412883714452	0.406473905142191	1.35191247345654
1.83	30	13	5.42168674698795	0	0.655245398554041	0.0516917855965775	0.421330287596622	0.72828240761521	3.39412883714452	0.406473905142191	1.35191247345654
1.84	30	13	5.42168674698795	0	0.655245398554041	0.0516917855965775	0.421330287596622	0.731122905390738	3.39412883714452	0.406473905142191	1.35191247345654
1.85	30	13	5.42168674698795	0	0.655245398554041	0.0516917855965775	0.421330287596622	0.728282407615209	3.39412883714452	0.406473905142191	1.35191247345654
1.86	30	13	5.42168674698795	0	0.655245398554041	0.0516917855965775	0.421330287596622	0.731122905390738	3.39412883714452	0.406473905142191	1.35191247345654
1.87	30	13	5.42168674698795	0	0.655245398554041	0.0516917855965775	0.421330287596622	0.731122905390737	3.39412883714452	0.406473905142191	1.35191247345654
1.88	30	13	5.42168674698795	0	0.655245398554041	0.0516917855965775	0.421330287596622	0.731122905390738	3.39412883714452	0.406473905142191	1.35191247345654
1.89	30	12	5.17241379310345	0	0.697351814116402	0.0568180750036793	0.426954772099096	0.696063292314434	3.48320928258333	0.467841736320707	1.15541893067778
1.9	30	11	4.89130434782609	0	0.745556236689801	0.0594265149484027	0.423491563585277	0.66558160594408	3.51090380195868	0.527378823804408	1.05681465705753
1.91	30	11	4.89130434782609	0	0.745556236689801	0.0594265149484027	0.423491563585277	0.66558160594408	3.51090380195868	0.527378823804408	1.05681465705753
1.92	30	11	4.89130434782609	0	0.745556236689801	0.0594265149484027	0.423491563585277	0.66558160594408	3.51090380195868	0.527378823804408	1.05681465705753
1.93	30	11	4.89130434782609	0	0.745556236689801	0.0594265149484027	0.423491563585277	0.66558160594408	3.51090380195868	0.527378823804408	1.05681465705753
1.94	30	11	4.89130434782609	0	0.745556236689801	0.0594265149484027	0.423491563585277	0.66558160594408	3.51090380195868	0.527378823804408	1.05681465705753
1.95	30	11	4.89130434782609	0	0.745556236689801	0.0594265149484027	0.423491563585277	0.66558160594408	3.51090380195868	0.527378823804408	1.05681465705753
1.96	30	11	4.89130434782609	0	0.745556236689801	0.0594265149484027	0.423491563585277	0.66558160594408	3.51090380195868	0.527378823804408	1.05681465705753
1.97	30	11	4.89130434782609	0	0.745556236689801	0.0594265149484027	0.423491563585277	0.66558160594408	3.51090380195868	0.527378823804408	1.05681465705753
1.98	30	11	4.89130434782609	0	0.745556236689801	0.0594265149484027	0.423491563585277	0.66558160594408	3.51090380195868	0.527378823804408	1.05681465705753
1.99	30	11	4.89130434782609	0	0.745556236689801	0.0594265149484027	0.423491563585277	0.66558160594408	3.51090380195868	0.527378823804408	1.05681465705753
2	30	11	4.89130434782609	0	0.745556236689801	0.0594265149484027	0.423491563585277	0.66558160594408	3.51090380195868	0.527378823804408	1.05681465705753
2.01	30	11	4.89130434782609	0	0.745556236689801	0.0594265149484027	0.423491563585277	0.66558160594408	3.51090380195868	0.527378823804408	1.05681465705753
2.02	30	11	4.89130434782609	0	0.745556236689801	0.0594265149484027	0.423491563585277	0.66558160594408	3.51090380195868	0.527378823804408	1.05681465705753
2.03	30	10	4.6875	0	0.798259370275699	0.097711218434031	0.468500165175014	0.597613690188714	3.4764512530101	0.689621717418182	1.17793983424276
2.04	30	10	4.6875	0	0.798259370275699	0.097711218434031	0.468500165175014	0.597613690188714	3.4764512530101	0.689621717418182	1.17793983424276
2.05	30	10	4.6875	0	0.798259370275699	0.097711218434031	0.468500165175014	0.597613690188714	3.4764512530101	0.689621717418182	1.17793983424276
2.06	30	10	4.6875	0	0.798259370275699	0.097711218434031	0.468500165175014	0.597613690188714	3.4764512530101	0.689621717418182	1.17793983424276
2.07	30	10	4.6875	0	0.798259370275699	0.097711218434031	0.468500165175014	0.597613690188714	3.4764512530101	0.689621717418182	1.17793983424276
2.08	30	10	5.17241379310345	0	0.792217719207673	0.0897206075449333	0.457217725694708	0.556740284795729	3.45960502602778	0.708904385	0.941903330445021
2.09	30	10	5.17241379310345	0	0.792217719207673	0.0897206075449333	0.457217725694708	0.556740284795729	3.45960502602778	0.708904385	0.941903330445021
2.1	30	10	5.17241379310345	0	0.792217719207673	0.0897206075449333	0.457217725694708	0.645266934805713	3.45960502602778	0.708904385	0.941903330445022
2.11	30	9	4.36893203883495	0	0.860889353797645	0.130213745905981	0.504385283487582	0.68284960687968	3.35694745524074	0.6621011654903	0.889779823990612
2.12	30	9	4.36893203883495	0	0.860889353797645	0.130213745905981	0.504385283487582	0.682849606879681	3.35694745524074	0.6621011654903	0.889779823990612
2.13	30	9	4.36893203883495	0	0.860889353797645	0.130213745905981	0.504385283487582	0.68284960687968	3.35694745524074	0.6621011654903	0.889779823990612
2.14	30	9	4.36893203883495	0	0.860889353797645	0.130213745905981	0.504385283487582	0.682690706138585	3.35694745524074	0.6621011654903	0.889779823990612
2.15	30	9	4.36893203883495	0	0.860889353797645	0.130213745905981	0.504385283487582	0.68284960687968	3.35694745524074	0.6621011654903	0.889779823990612
2.16	30	9	4.36893203883495	0	0.860889353797645	0.130213745905981	0.504385283487582	0.682690706138585	3.35694745524074	0.6621011654903	0.889779823990612
2.17	30	9	4.36893203883495	0	0.860889353797645	0.130213745905981	0.504385283487582	0.678162971577163	3.35694745524074	0.6621011654903	0.889779823990612
2.18	30	9	4.36893203883495	0	0.860889353797645	0.130213745905981	0.504385283487582	0.682849606879681	3.35694745524074	0.6621011654903	0.889779823990612
2.19	30	9	4.36893203883495	0	0.860889353797645	0.130213745905981	0.504385283487582	0.682690706138585	3.35694745524074	0.6621011654903	0.889779823990612
2.2	30	9	4.36893203883495	0	0.860889353797645	0.130213745905981	0.504385283487582	0.682690706138585	3.35694745524074	0.6621011654903	0.889779823990612
2.21	30	9	4.36893203883495	0	0.860889353797645	0.130213745905981	0.504385283487582	0.678162971577163	3.35694745524074	0.6621011654903	0.889779823990612
2.22	30	9	4.36893203883495	0	0.860889353797645	0.130213745905981	0.504385283487582	0.678162971577163	3.35694745524074	0.6621011654903	0.889779823990612
2.23	30	9	4.36893203883495	0	0.860889353797645	0.130213745905981	0.504385283487582	0.68284960687968	3.35694745524074	0.6621011654903	0.889779823990612
2.24	30	9	4.36893203883495	0	0.860889353797645	0.130213745905981	0.504385283487582	0.682690706138585	3.35694745524074	0.6621011654903	0.889779823990612
2.25	30	9	4.36893203883495	0	0.860889353797645	0.130213745905981	0.504385283487582	0.678162971577163	3.35694745524074	0.6621011654903	0.889779823990612
2.26	30	9	4.36893203883495	0	0.860889353797645	0.130213745905981	0.504385283487582	0.682690706138585	3.35694745524074	0.6621011654903	0.889779823990612
2.27	30	9	4.36893203883495	0	0.860889353797645	0.130213745905981	0.504385283487582	0.678162971577163	3.35694745524074	0.6621011654903	0.889779823990612
2.28	30	9	4.36893203883495	0	0.860889353797645	0.130213745905981	0.504385283487582	0.682849606879681	3.35694745524074	0.6621011654903	0.889779823990613
2.29	30	9	4.36893203883495	0	0.860889353797645	0.130213745905981	0.504385283487582	0.682690706138585	3.35694745524074	0.6621011654903	0.889779823990612
2.29999999999999	30	9	4.36893203883495	0	0.860889353797645	0.130213745905981	0.504385283487582	0.68284960687968	3.35694745524074	0.6621011654903	0.889779823990612
2.30999999999999	30	9	4.36893203883495	0	0.860889353797645	0.130213745905981	0.504385283487582	0.682690706138585	3.35694745524074	0.6621011654903	0.889779823990613
2.31999999999999	30	9	4.36893203883495	0	0.860889353797645	0.130213745905981	0.504385283487582	0.682690706138585	3.35694745524074	0.6621011654903	0.889779823990612
2.32999999999999	30	9	4.36893203883495	0	0.860889353797645	0.130213745905981	0.504385283487582	0.68284960687968	3.35694745524074	0.6621011654903	0.889779823990612
2.33999999999999	30	9	4.36893203883495	0	0.860889353797645	0.130213745905981	0.504385283487582	0.682690706138585	3.35694745524074	0.6621011654903	0.889779823990612
2.34999999999999	30	9	4.36893203883495	0	0.860889353797645	0.130213745905981	0.504385283487582	0.678162971577163	3.35694745524074	0.6621011654903	0.889779823990612
2.35999999999999	30	9	4.36893203883495	0	0.860889353797645	0.130213745905981	0.504385283487582	0.68284960687968	3.35694745524074	0.6621011654903	0.889779823990612
2.36999999999999	30	9	4.36893203883495	0	0.860889353797645	0.130213745905981	0.504385283487582	0.68284960687968	3.35694745524074	0.6621011654903	0.889779823990612
2.37999999999999	30	8	3.98230088495575	0	0.933119200487624	0.165213046277056	0.53807381193894	0.652202098064954	3.21710152138528	0.769673559141234	0.871304878352785
2.38999999999999	30	8	3.98230088495575	0	0.933119200487624	0.165213046277056	0.53807381193894	0.652359960044288	3.21710152138528	0.769673559141234	0.871304878352785
2.39999999999999	30	8	3.98230088495575	0	0.933119200487624	0.165213046277056	0.53807381193894	0.652359960044288	3.21710152138528	0.769673559141234	0.871304878352785
2.40999999999999	30	8	3.98230088495575	0	0.933119200487624	0.165213046277056	0.53807381193894	0.652202098064954	3.21710152138528	0.769673559141234	0.871304878352785
2.41999999999999	30	8	3.98230088495575	0	0.933119200487624	0.165213046277056	0.53807381193894	0.652202098064954	3.21710152138528	0.769673559141234	0.871304878352784
2.42999999999999	30	8	3.98230088495575	0	0.933119200487624	0.165213046277056	0.53807381193894	0.647703962091273	3.21710152138528	0.769673559141234	0.871304878352785
2.43999999999999	30	8	3.98230088495575	0	0.933119200487624	0.165213046277056	0.53807381193894	0.652202098064954	3.21710152138528	0.769673559141234	0.871304878352784
2.44999999999999	30	8	3.98230088495575	0	0.933119200487624	0.165213046277056	0.53807381193894	0.647703962091273	3.21710152138528	0.769673559141234	0.871304878352785
2.45999999999999	30	8	3.98230088495575	0	0.933119200487624	0.165213046277056	0.53807381193894	0.652202098064953	3.21710152138528	0.769673559141234	0.871304878352785
2.46999999999999	30	8	3.98230088495575	0	0.933119200487624	0.165213046277056	0.53807381193894	0.652359960044288	3.21710152138528	0.769673559141234	0.871304878352785
2.47999999999999	30	7	3.71900826446281	0	1.01056915314372	0.221023118148243	0.592182718858262	0.581347570992943	3.30380823691999	0.930303817975469	0.886804228885241
2.48999999999999	30	7	3.71900826446281	0	1.01056915314372	0.221023118148243	0.592182718858262	0.581167157302275	3.30380823691999	0.930303817975469	0.886804228885242
2.49999999999999	30	7	3.71900826446281	0	1.01056915314372	0.221023118148243	0.592182718858262	0.581167157302275	3.30380823691999	0.930303817975469	0.886804228885242
2.50999999999999	30	7	3.71900826446281	0	1.01056915314372	0.221023118148243	0.592182718858262	0.581167157302275	3.30380823691999	0.930303817975469	0.886804228885242
2.51999999999999	30	7	3.71900826446281	0	1.01056915314372	0.221023118148243	0.592182718858262	0.581347570992943	3.30380823691999	0.930303817975469	0.886804228885241
2.52999999999999	30	7	3.78151260504202	0	1.00744210506867	0.213340939187492	0.582189626487256	0.589446138875524	3.29487741402597	0.904946984392703	0.871304878352784
2.53999999999999	30	7	3.78151260504202	0	1.00744210506867	0.213340939187492	0.582189626487256	0.589923751103746	3.29487741402597	0.904946984392703	0.871304878352784
2.54999999999999	30	7	3.78151260504202	0	1.00744210506867	0.213340939187492	0.582189626487256	0.589923751103746	3.29487741402597	0.904946984392703	0.871304878352785
2.55999999999999	30	7	3.78151260504202	0	1.00744210506867	0.213340939187492	0.582189626487256	0.589923751103746	3.29487741402597	0.904946984392702	0.871304878352786
2.56999999999999	30	6	3.57142857142857	0	1.08148238902966	0.272288208627216	0.629595795586868	0.522179689423081	3.28040755003788	1.08831720986688	0.871304878352785
2.57999999999999	30	6	3.57142857142857	0	1.08148238902966	0.272288208627216	0.629595795586868	0.522179689423081	3.28040755003788	1.08831720986688	0.871304878352785
2.58999999999999	30	6	3.57142857142857	0	1.08148238902966	0.272288208627216	0.629595795586868	0.512581029119931	3.28040755003788	1.08831720986688	0.871304878352785
2.59999999999999	30	6	3.57142857142857	0	1.08148238902966	0.272288208627216	0.629595795586868	0.522179689423081	3.28040755003788	1.08831720986688	0.871304878352785
2.60999999999999	30	5	3.35820895522388	0.47737890737802	0.733792555314826	0.350376974028481	0.682316030076837	0.42689287997637	3.19304556364646	1.33201816173709	0.871304878352785
2.61999999999999	30	5	3.35820895522388	0.47737890737802	0.733792555314826	0.350376974028481	0.682316030076837	0.42689287997637	3.19304556364646	1.33201816173709	0.871304878352785
2.62999999999999	30	5	3.35820895522388	0.47737890737802	0.733792555314826	0.350376974028481	0.682316030076837	0.42689287997637	3.19304556364646	1.33201816173709	0.871304878352785
2.63999999999999	30	5	3.35820895522388	0.47737890737802	0.733792555314826	0.350376974028481	0.682316030076837	0.42689287997637	3.19304556364647	1.33201816173709	0.871304878352785
2.64999999999999	30	5	3.35820895522388	0.47737890737802	0.733792555314826	0.350376974028481	0.682316030076837	0.42689287997637	3.19304556364646	1.33201816173709	0.871304878352784
2.65999999999999	30	5	3.35820895522388	0.47737890737802	0.733792555314826	0.350376974028481	0.682316030076837	0.42689287997637	3.19304556364646	1.33201816173709	0.871304878352785
2.66999999999999	30	5	3.35820895522388	0.47737890737802	0.733792555314826	0.350376974028481	0.682316030076837	0.42689287997637	3.19304556364646	1.33201816173709	0.871304878352785
2.67999999999999	30	5	3.35820895522388	0.47737890737802	0.733792555314826	0.350376974028481	0.682316030076837	0.42689287997637	3.19304556364646	1.33201816173708	0.871304878352785
2.68999999999999	30	5	3.35820895522388	0.47737890737802	0.733792555314826	0.350376974028481	0.682316030076837	0.42689287997637	3.19304556364646	1.33201816173709	0.871304878352785
2.69999999999999	30	5	3.35820895522388	0.47737890737802	0.733792555314826	0.350376974028481	0.682316030076837	0.42689287997637	3.19304556364646	1.33201816173709	0.871304878352785
2.70999999999999	30	4	3.14685314685315	0.556097605746975	0.810428649098475	0.463401389377347	0.79764608542225	0.271209170751051	3.07469666506061	1.70184460206025	0.868776132109011
2.71999999999999	30	4	3.14685314685315	0.556097605746975	0.810428649098475	0.463401389377347	0.79764608542225	0.271209170751051	3.07469666506061	1.70184460206025	0.868776132109011
2.72999999999999	30	4	3.14685314685315	0.556097605746975	0.810428649098475	0.463401389377347	0.79764608542225	0.271209170751051	3.07469666506061	1.70184460206025	0.868776132109012
2.73999999999999	30	4	3.14685314685315	0.556097605746975	0.810428649098475	0.463401389377347	0.79764608542225	0.271209170751051	3.07469666506061	1.70184460206025	0.868776132109011
2.74999999999999	30	4	3.14685314685315	0.556097605746975	0.810428649098475	0.463401389377347	0.79764608542225	0.271209170751051	3.07469666506061	1.70184460206025	0.868776132109011
2.75999999999999	30	4	3.14685314685315	0.556097605746975	0.810428649098475	0.463401389377347	0.79764608542225	0.271209170751051	3.07469666506061	1.70184460206025	0.868776132109012
2.76999999999998	30	4	3.14685314685315	0.556097605746975	0.810428649098475	0.463401389377347	0.79764608542225	0.271209170751051	3.07469666506061	1.70184460206025	0.868776132109012
2.77999999999998	30	4	3.14685314685315	0.556097605746975	0.810428649098475	0.463401389377347	0.79764608542225	0.271209170751051	3.07469666506061	1.70184460206025	0.868776132109011
2.78999999999998	30	4	3.14685314685315	0.556097605746975	0.810428649098475	0.463401389377347	0.79764608542225	0.271209170751051	3.07469666506061	1.70184460206025	0.868776132109012
2.79999999999998	30	4	3.14685314685315	0.556097605746975	0.810428649098475	0.463401389377347	0.79764608542225	0.271209170751051	3.07469666506061	1.70184460206025	0.868776132109011
2.80999999999998	30	4	3.14685314685315	0.556097605746975	0.810428649098475	0.463401389377347	0.79764608542225	0.271209170751051	3.07469666506061	1.70184460206025	0.868776132109012
2.81999999999998	30	4	3.14685314685315	0.556097605746975	0.810428649098475	0.463401389377347	0.79764608542225	0.271209170751051	3.07469666506061	1.70184460206025	0.868776132109011
2.82999999999998	30	3	2.92207792207792	0.741463474329299	0.911120801475301	0.661108636170886	0.899842922923345	0.154176191088098	2.79192337016667	2.30619692598942	0.854099249174991
2.83999999999998	30	3	2.92207792207792	0.741463474329299	0.911120801475301	0.661108636170886	0.899842922923345	0.154176191088098	2.79192337016667	2.30619692598942	0.85409924917499
2.84999999999998	30	3	2.92207792207792	0.741463474329299	0.911120801475301	0.661108636170886	0.899842922923345	0.154176191088098	2.79192337016667	2.30619692598942	0.854099249174991
2.85999999999998	30	3	2.92207792207792	0.741463474329299	0.911120801475301	0.661108636170886	0.899842922923344	0.154176191088098	2.79192337016667	2.30619692598942	0.854099249174991
2.86999999999998	30	3	2.92207792207792	0.741463474329299	0.911120801475301	0.661108636170886	0.899842922923344	0.154176191088098	2.79192337016667	2.30619692598942	0.854099249174991
2.87999999999998	30	3	2.92207792207792	0.741463474329299	0.911120801475301	0.661108636170886	0.899842922923345	0.154176191088098	2.79192337016667	2.30619692598942	0.854099249174991
2.88999999999998	30	3	2.92207792207792	0.741463474329299	0.911120801475301	0.661108636170886	0.899842922923344	0.154176191088098	2.79192337016667	2.30619692598942	0.85409924917499
2.89999999999998	30	3	2.92207792207792	0.741463474329299	0.911120801475301	0.661108636170886	0.899842922923344	0.154176191088098	2.79192337016667	2.30619692598942	0.85409924917499
2.90999999999998	30	3	2.92207792207792	0.741463474329299	0.911120801475301	0.661108636170886	0.899842922923344	0.154176191088098	2.79192337016667	2.30619692598942	0.85409924917499
2.91999999999998	30	3	2.92207792207792	0.741463474329299	0.911120801475301	0.661108636170886	0.899842922923345	0.154176191088098	2.79192337016667	2.30619692598942	0.854099249174991
2.92999999999998	30	3	2.92207792207792	0.741463474329299	0.911120801475301	0.661108636170886	0.899842922923344	0.154176191088098	2.79192337016667	2.30619692598942	0.85409924917499
2.93999999999998	30	3	2.92207792207792	0.741463474329299	0.911120801475301	0.661108636170886	0.899842922923344	0.154176191088098	2.79192337016667	2.30619692598942	0.854099249174991
2.94999999999998	30	3	2.92207792207792	0.741463474329299	0.911120801475301	0.661108636170886	0.899842922923344	0.154176191088098	2.79192337016667	2.30619692598942	0.85409924917499
2.95999999999998	30	3	2.92207792207792	0.741463474329299	0.911120801475301	0.661108636170886	0.899842922923344	0.154176191088098	2.79192337016667	2.30619692598942	0.85409924917499
2.96999999999998	30	3	2.92207792207792	0.741463474329299	0.911120801475301	0.661108636170886	0.899842922923344	0.154176191088098	2.79192337016667	2.30619692598942	0.854099249174991
2.97999999999998	30	3	2.92207792207792	0.741463474329299	0.911120801475301	0.661108636170886	0.899842922923345	0.154176191088098	2.79192337016667	2.30619692598942	0.85409924917499
2.98999999999998	30	3	2.98013245033113	0.741463474329299	0.906945895424455	0.693021004776879	0.903855180961582	-0.0003814490813755	2.82493829830976	2.40928526846128	0.909122066204706
2.99999999999998	30	3	2.98013245033113	0.741463474329299	0.906945895424455	0.693021004776879	0.903855180961582	-0.000381449081375431	2.82493829830976	2.40928526846128	0.909122066204706
3.00999999999998	30	3	2.98013245033113	0.741463474329299	0.906945895424455	0.693021004776879	0.903855180961582	-0.000381449081375451	2.82493829830976	2.40928526846128	0.909122066204706
3.01999999999998	30	3	2.98013245033113	0.741463474329299	0.906945895424455	0.693021004776879	0.903855180961582	-0.000381449081375412	2.82493829830976	2.40928526846128	0.909122066204706
3.02999999999998	30	3	2.98013245033113	0.741463474329299	0.906945895424455	0.693021004776879	0.903855180961582	-0.000381449081375449	2.82493829830976	2.40928526846128	0.909122066204705
3.03999999999998	30	3	2.98013245033113	0.741463474329299	0.906945895424455	0.693021004776879	0.903855180961582	-0.000381449081375466	2.82493829830976	2.40928526846128	0.909122066204705
3.04999999999998	30	2	1.72413793103448	0.654981062222035	1	0.698903643819608	1	-0.00748416786502882	2.75334829597884	2.22457306540476	0.95041111850474
3.05999999999998	30	2	1.72413793103448	0.654981062222035	1	0.698903643819608	1	-0.00748416786502884	2.75334829597883	2.22457306540476	0.95041111850474
3.06999999999998	30	2	1.72413793103448	0.654981062222035	1	0.698903643819608	1	-0.0074841678650288	2.75334829597884	2.22457306540476	0.95041111850474
3.07999999999998	30	2	1.72413793103448	0.654981062222035	1	0.698903643819608	1	-0.00748416786502881	2.75334829597883	2.22457306540476	0.95041111850474
3.08999999999998	30	2	1.72413793103448	0.654981062222035	1	0.698903643819608	1	-0.00748416786502881	2.75334829597883	2.22457306540476	0.95041111850474
3.09999999999998	30	2	1.72413793103448	0.654981062222035	1	0.698903643819608	1	-0.00748416786502883	2.75334829597884	2.22457306540476	0.95041111850474
3.10999999999998	30	2	1.72413793103448	0.654981062222035	1	0.698903643819608	1	-0.00748416786502881	2.75334829597884	2.22457306540476	0.950411118504741
3.11999999999998	30	2	1.72413793103448	0.654981062222035	1	0.698903643819608	1	-0.00748416786502881	2.75334829597884	2.22457306540476	0.95041111850474
3.12999999999998	30	2	1.72413793103448	0.654981062222035	1	0.698903643819608	1	-0.0074841678650288	2.75334829597884	2.22457306540476	0.95041111850474
3.13999999999998	30	2	1.72413793103448	0.654981062222035	1	0.698903643819608	1	-0.00748416786502886	2.75334829597884	2.22457306540476	0.950411118504741
3.14999999999998	30	2	1.72413793103448	0.654981062222035	1	0.698903643819608	1	-0.00748416786502878	2.75334829597884	2.22457306540476	0.95041111850474
3.15999999999998	30	2	1.72413793103448	0.654981062222035	1	0.698903643819608	1	-0.00748416786502881	2.75334829597884	2.22457306540476	0.950411118504741
3.16999999999998	30	2	1.72413793103448	0.654981062222035	1	0.698903643819608	1	-0.00748416786502876	2.75334829597884	2.22457306540476	0.95041111850474
3.17999999999998	30	2	1.72413793103448	0.654981062222035	1	0.698903643819608	1	-0.00748416786502882	2.75334829597883	2.22457306540476	0.950411118504739
3.18999999999998	30	2	1.72413793103448	0.654981062222035	1	0.698903643819608	1	-0.00748416786502884	2.75334829597884	2.22457306540476	0.95041111850474
3.19999999999998	30	2	1.72413793103448	0.654981062222035	1	0.698903643819608	1	-0.00748416786502883	2.75334829597884	2.22457306540476	0.950411118504741
3.20999999999998	30	2	1.72413793103448	0.654981062222035	1	0.698903643819608	1	-0.00748416786502883	2.75334829597884	2.22457306540476	0.95041111850474
3.21999999999998	30	2	1.72413793103448	0.654981062222035	1	0.698903643819608	1	-0.00748416786502881	2.75334829597884	2.22457306540476	0.95041111850474
3.22999999999998	30	2	1.72413793103448	0.654981062222035	1	0.698903643819608	1	-0.00748416786502882	2.75334829597884	2.22457306540476	0.95041111850474
3.23999999999997	30	2	1.72413793103448	0.654981062222035	1	0.698903643819608	1	-0.00748416786502884	2.75334829597883	2.22457306540476	0.950411118504741
3.24999999999997	30	2	1.72413793103448	0.654981062222035	1	0.698903643819608	1	-0.00748416786502885	2.75334829597883	2.22457306540476	0.95041111850474
3.25999999999997	30	2	1.72413793103448	0.654981062222035	1	0.698903643819608	1	-0.00748416786502882	2.75334829597883	2.22457306540476	0.95041111850474
3.26999999999997	30	2	1.72413793103448	0.654981062222035	1	0.698903643819608	1	-0.00748416786502881	2.75334829597883	2.22457306540476	0.95041111850474
3.27999999999997	30	2	1.72413793103448	0.654981062222035	1	0.698903643819608	1	-0.00748416786502883	2.75334829597884	2.22457306540476	0.95041111850474
3.28999999999997	30	2	1.72413793103448	0.654981062222035	1	0.698903643819608	1	-0.00748416786502887	2.75334829597884	2.22457306540476	0.95041111850474
3.29999999999997	30	2	1.72413793103448	0.654981062222035	1	0.698903643819608	1	-0.00748416786502889	2.75334829597884	2.22457306540476	0.950411118504741
3.30999999999997	30	2	1.72413793103448	0.654981062222035	1	0.698903643819608	1	-0.00748416786502884	2.75334829597883	2.22457306540476	0.95041111850474
3.31999999999997	30	2	1.72413793103448	0.654981062222035	1	0.698903643819608	1	-0.0074841678650288	2.75334829597883	2.22457306540476	0.95041111850474
3.32999999999997	30	2	1.72413793103448	0.654981062222035	1	0.698903643819608	1	-0.00748416786502884	2.75334829597884	2.22457306540476	0.95041111850474
3.33999999999997	30	2	1.72413793103448	0.654981062222035	1	0.698903643819608	1	-0.00748416786502889	2.75334829597883	2.22457306540476	0.95041111850474
3.34999999999997	30	2	1.72413793103448	0.654981062222035	1	0.698903643819608	1	-0.00748416786502886	2.75334829597883	2.22457306540476	0.95041111850474
3.35999999999997	30	2	1.72413793103448	0.654981062222035	1	0.698903643819608	1	-0.00748416786502882	2.75334829597884	2.22457306540476	0.95041111850474
3.36999999999997	30	2	1.72413793103448	0.654981062222035	1	0.698903643819608	1	-0.00748416786502882	2.75334829597884	2.22457306540476	0.95041111850474
3.37999999999997	30	2	1.72413793103448	0.654981062222035	1	0.698903643819608	1	-0.00748416786502887	2.75334829597883	2.22457306540476	0.95041111850474
3.38999999999997	30	2	1.72413793103448	0.654981062222035	1	0.698903643819608	1	-0.00748416786502877	2.75334829597883	2.22457306540476	0.95041111850474
3.39999999999997	30	2	1.72413793103448	0.654981062222035	1	0.698903643819608	1	-0.00748416786502886	2.75334829597883	2.22457306540476	0.95041111850474
3.40999999999997	30	2	1.72413793103448	0.654981062222035	1	0.698903643819608	1	-0.00748416786502882	2.75334829597883	2.22457306540476	0.95041111850474
3.41999999999997	30	2	1.72413793103448	0.654981062222035	1	0.698903643819608	1	-0.00748416786502886	2.75334829597883	2.22457306540476	0.95041111850474
3.42999999999997	30	2	1.72413793103448	0.654981062222035	1	0.698903643819608	1	-0.00748416786502883	2.75334829597883	2.22457306540476	0.95041111850474
3.43999999999997	30	2	1.72413793103448	0.654981062222035	1	0.698903643819608	1	-0.00748416786502879	2.75334829597884	2.22457306540476	0.95041111850474
3.44999999999997	30	2	1.72413793103448	0.654981062222035	1	0.698903643819608	1	-0.00748416786502885	2.75334829597884	2.22457306540476	0.95041111850474
3.45999999999997	30	2	1.72413793103448	0.654981062222035	1	0.698903643819608	1	-0.00748416786502881	2.75334829597884	2.22457306540476	0.95041111850474
3.46999999999997	30	2	1.86721991701245	0.705437780914647	1	0.782895801074879	1	-0.0783729441158395	2.77966013090909	2.38693532559171	0.94524209157386
3.47999999999997	30	2	1.86721991701245	0.705437780914647	1	0.782895801074878	1	-0.0783729441158394	2.77966013090909	2.38693532559171	0.94524209157386
3.48999999999997	30	2	1.86721991701245	0.705437780914647	1	0.782895801074878	1	-0.0783729441158395	2.77966013090909	2.38693532559171	0.94524209157386
3.49999999999997	30	2	1.86721991701245	0.705437780914647	1	0.782895801074878	1	-0.0783729441158395	2.77966013090909	2.38693532559171	0.94524209157386
3.50999999999997	30	2	1.86721991701245	0.705437780914647	1	0.782895801074879	1	-0.0783729441158395	2.77966013090909	2.38693532559171	0.94524209157386
3.51999999999997	30	2	1.86721991701245	0.705437780914647	1	0.782895801074879	1	-0.0783729441158395	2.77966013090909	2.38693532559171	0.945242091573861
3.52999999999997	30	2	1.86721991701245	0.705437780914647	1	0.782895801074878	1	-0.0783729441158395	2.77966013090909	2.38693532559171	0.94524209157386
3.53999999999997	30	2	1.86721991701245	0.705437780914647	1	0.782895801074878	1	-0.0783729441158395	2.77966013090909	2.38693532559171	0.94524209157386
3.54999999999997	30	2	1.86721991701245	0.705437780914647	1	0.782895801074878	1	-0.0783729441158395	2.77966013090909	2.38693532559171	0.945242091573861
3.55999999999997	30	2	1.86721991701245	0.705437780914647	1	0.782895801074878	1	-0.0783729441158395	2.77966013090909	2.38693532559171	0.94524209157386
3.56999999999997	30	2	1.86721991701245	0.705437780914647	1	0.782895801074878	1	-0.0783729441158395	2.77966013090909	2.38693532559171	0.945242091573861
3.57999999999997	30	2	1.86721991701245	0.705437780914647	1	0.782895801074878	1	-0.0783729441158395	2.77966013090909	2.38693532559171	0.94524209157386
3.58999999999997	30	2	1.8	0.67917338381169	1	0.706305032394894	1	-0.0309085865280647	2.772833006	2.28102257505263	0.946531406355907
3.59999999999997	30	2	1.8	0.67917338381169	1	0.706305032394894	1	-0.0309085865280647	2.772833006	2.28102257505263	0.946531406355908
3.60999999999997	30	1	1	1	0	1	0	-1	0	2.72329062643679	0.36720282084194
