121593194	225850897	2.14381655	991
121593194	326315828	0.37334311	564
121593194	186476592	1.80014833	278
121593194	187929550	1.53691336	278
121593194	386332831	1.55795547	278
121593194	300313530	1.53487819	278
121593194	189426252	1.69303794	278
121593194	340780790	2.37920698	435
121593194	387813818	2.17697377	259
121593194	404496824	1.60396038	278
121593194	339323466	1.58050028	278
121593194	651871857	1.95439329	259
121593194	94313085	1.62592374	278
121593194	82703551	2.3702875	259
121593194	224373452	2.373089	991
121593194	110833754	1.77071181	278
121593194	296135492	2.44937311	278
121593194	238028541	1.68411176	278
121593194	225848721	2.03800435	991
121593194	264676830	0.67242675	1019
121593194	188996474	1.96779441	991
121593194	186474069	1.63278718	278
121593194	330820582	1.68960082	278
121593194	549451566	1.587114	278
121593194	310820928	2.21256762	259
121593194	77359658	2.01822214	259
121593194	160900975	0.67385832	1019
121593194	171056711	1.72622947	278
121593194	357385591	3.33676705	259
121593194	91782853	1.76105113	278
121593194	383784055	3.73756449	986
121593194	121604551	2.41589994	259
121593194	407474953	3.26217042	986
121593194	82702857	2.31524953	259
121593194	238024560	1.67632954	278
121593194	319789780	2.5851949	1023
121593194	564912576	1.71018539	278
121593194	108805458	3.56394152	986
121593194	501680466	1.93169346	259
225850897	326315828	2.1161609	991
225850897	186476592	2.65017876	991
225850897	187929550	2.38694379	991
225850897	386332831	2.4079859	991
225850897	300313530	2.38490862	991
225850897	189426252	2.54306837	991
225850897	340780790	2.55684617	991
225850897	387813818	2.70584898	991
225850897	404496824	2.45399081	991
225850897	339323466	2.43053071	991
225850897	651871857	2.4832685	991
225850897	94313085	2.47595417	991
225850897	82703551	2.89916271	991
225850897	224373452	1.19394937	482
225850897	110833754	2.62074224	991
225850897	296135492	3.29940354	991
225850897	238028541	2.53414219	991
225850897	225848721	0.85886472	482
225850897	264676830	2.26156036	991
225850897	188996474	0.78865478	482
225850897	186474069	2.48281761	991
225850897	330820582	2.53963125	991
225850897	549451566	2.43714443	991
225850897	310820928	2.74144283	991
225850897	77359658	2.54709735	991
225850897	160900975	2.26299193	991
225850897	171056711	2.5762599	991
225850897	357385591	3.86564226	991
225850897	91782853	2.61108156	991
225850897	383784055	3.654173	991
225850897	121604551	2.94477515	991
225850897	407474953	3.17877893	991
225850897	82702857	2.84412474	991
225850897	238024560	2.52635997	991
225850897	319789780	1.70215845	1023
225850897	564912576	2.56021582	991
225850897	108805458	3.48055003	991
225850897	501680466	2.46056867	991
326315828	186476592	1.77249268	278
326315828	187929550	1.50925771	278
326315828	386332831	1.53029982	278
326315828	300313530	1.50722254	278
326315828	189426252	1.66538229	278
326315828	340780790	2.35155133	435
326315828	387813818	2.14931812	259
326315828	404496824	1.57630473	278
326315828	339323466	1.55284463	278
326315828	651871857	1.92673764	259
326315828	94313085	1.59826809	278
326315828	82703551	2.34263185	259
326315828	224373452	2.34543335	991
326315828	110833754	1.74305616	278
326315828	296135492	2.42171746	278
326315828	238028541	1.65645611	278
326315828	225848721	2.0103487	991
326315828	264676830	0.6447711	1019
326315828	188996474	1.94013876	991
326315828	186474069	1.60513153	278
326315828	330820582	1.66194517	278
326315828	549451566	1.55945835	278
326315828	310820928	2.18491197	259
326315828	77359658	1.99056649	259
326315828	160900975	0.64620267	1019
326315828	171056711	1.69857382	278
326315828	357385591	3.3091114	259
326315828	91782853	1.73339548	278
326315828	383784055	3.70990884	986
326315828	121604551	2.38824429	259
326315828	407474953	3.23451477	986
326315828	82702857	2.28759388	259
326315828	238024560	1.64867389	278
326315828	319789780	2.55753925	1023
326315828	564912576	1.68252974	278
326315828	108805458	3.53628587	986
326315828	501680466	1.90403781	259
186476592	187929550	1.07837913	624
186476592	386332831	1.09942124	624
186476592	300313530	1.2470984	626
186476592	189426252	2.02478067	170
186476592	340780790	2.88556919	435
186476592	387813818	2.68333598	259
186476592	404496824	1.93570311	170
186476592	339323466	1.12196605	624
186476592	651871857	2.4607555	259
186476592	94313085	1.16738951	624
186476592	82703551	2.87664971	259
186476592	224373452	2.87945121	991
186476592	110833754	1.75097548	570
186476592	296135492	2.78111584	170
186476592	238028541	0.38542503	1005
186476592	225848721	2.54436656	991
186476592	264676830	1.91789214	278
186476592	188996474	2.47415662	991
186476592	186474069	1.17425295	624
186476592	330820582	1.23106659	624
186476592	549451566	1.12857977	624
186476592	310820928	2.71892983	259
186476592	77359658	2.52458435	259
186476592	160900975	1.91932371	278
186476592	171056711	1.96961332	188
186476592	357385591	3.84312926	259
186476592	91782853	0.3531014	599
186476592	383784055	4.2439267	986
186476592	121604551	2.92226215	259
186476592	407474953	3.76853263	986
186476592	82702857	2.82161174	259
186476592	238024560	1.21779531	624
186476592	319789780	3.09155711	1023
186476592	564912576	0.8625472	992
186476592	108805458	4.07030373	986
186476592	501680466	2.43805567	259
187929550	386332831	0.09732309	1023
187929550	300313530	0.98386343	626
187929550	189426252	1.7615457	170
187929550	340780790	2.62233422	435
187929550	387813818	2.42010101	259
187929550	404496824	1.67246814	170
187929550	339323466	0.49743948	834
187929550	651871857	2.19752053	259
187929550	94313085	0.54286294	834
187929550	82703551	2.61341474	259
187929550	224373452	2.61621624	991
187929550	110833754	1.48774051	570
187929550	296135492	2.51788087	170
187929550	238028541	0.96234256	624
187929550	225848721	2.28113159	991
187929550	264676830	1.65465717	278
187929550	188996474	2.21092165	991
187929550	186474069	0.82508188	319
187929550	330820582	0.88189552	319
187929550	549451566	0.5040532	834
187929550	310820928	2.45569486	259
187929550	77359658	2.26134938	259
187929550	160900975	1.65608874	278
187929550	171056711	1.70637835	188
187929550	357385591	3.57989429	259
187929550	91782853	1.03928193	624
187929550	383784055	3.98069173	986
187929550	121604551	2.65902718	259
187929550	407474953	3.50529766	986
187929550	82702857	2.55837677	259
187929550	238024560	0.86862424	319
187929550	319789780	2.82832214	1023
187929550	564912576	0.98841619	624
187929550	108805458	3.80706876	986
187929550	501680466	2.1748207	259
386332831	300313530	1.00490554	626
386332831	189426252	1.78258781	170
386332831	340780790	2.64337633	435
386332831	387813818	2.44114312	259
386332831	404496824	1.69351025	170
386332831	339323466	0.51848159	834
386332831	651871857	2.21856264	259
386332831	94313085	0.56390505	834
386332831	82703551	2.63445685	259
386332831	224373452	2.63725835	991
386332831	110833754	1.50878262	570
386332831	296135492	2.53892298	170
386332831	238028541	0.98338467	624
386332831	225848721	2.3021737	991
386332831	264676830	1.67569928	278
386332831	188996474	2.23196376	991
386332831	186474069	0.84612399	319
386332831	330820582	0.90293763	319
386332831	549451566	0.52509531	834
386332831	310820928	2.47673697	259
386332831	77359658	2.28239149	259
386332831	160900975	1.67713085	278
386332831	171056711	1.72742046	188
386332831	357385591	3.6009364	259
386332831	91782853	1.06032404	624
386332831	383784055	4.00173384	986
386332831	121604551	2.68006929	259
386332831	407474953	3.52633977	986
386332831	82702857	2.57941888	259
386332831	238024560	0.88966635	319
386332831	319789780	2.84936425	1023
386332831	564912576	1.0094583	624
386332831	108805458	3.82811087	986
386332831	501680466	2.19586281	259
300313530	189426252	1.75951053	170
300313530	340780790	2.62029905	435
300313530	387813818	2.41806584	259
300313530	404496824	1.67043297	170
300313530	339323466	1.02745035	626
300313530	651871857	2.19548536	259
300313530	94313085	1.07287381	626
300313530	82703551	2.61137957	259
300313530	224373452	2.61418107	991
300313530	110833754	1.48570534	570
300313530	296135492	2.5158457	170
300313530	238028541	1.13106183	626
300313530	225848721	2.27909642	991
300313530	264676830	1.652622	278
300313530	188996474	2.20888648	991
300313530	186474069	1.07973725	626
300313530	330820582	1.13655089	626
300313530	549451566	1.03406407	626
300313530	310820928	2.45365969	259
300313530	77359658	2.25931421	259
300313530	160900975	1.65405357	278
300313530	171056711	1.70434318	188
300313530	357385591	3.57785912	259
300313530	91782853	1.2080012	626
300313530	383784055	3.97865656	986
300313530	121604551	2.65699201	259
300313530	407474953	3.50326249	986
300313530	82702857	2.5563416	259
300313530	238024560	1.12327961	626
300313530	319789780	2.82628697	1023
300313530	564912576	1.15713546	626
300313530	108805458	3.80503359	986
300313530	501680466	2.17278553	259
189426252	340780790	2.7784588	435
189426252	387813818	2.57622559	259
189426252	404496824	0.56765902	945
189426252	339323466	1.80513262	170
189426252	651871857	2.35364511	259
189426252	94313085	1.85055608	170
189426252	82703551	2.76953932	259
189426252	224373452	2.77234082	991
189426252	110833754	1.99534415	170
189426252	296135492	2.38517955	159
189426252	238028541	1.9087441	170
189426252	225848721	2.43725617	991
189426252	264676830	1.81078175	278
189426252	188996474	2.36704623	991
189426252	186474069	1.85741952	170
189426252	330820582	1.91423316	170
189426252	549451566	1.81174634	170
189426252	310820928	2.61181944	259
189426252	77359658	2.41747396	259
189426252	160900975	1.81221332	278
189426252	171056711	1.95086181	170
189426252	357385591	3.73601887	259
189426252	91782853	1.98568347	170
189426252	383784055	4.13681631	986
189426252	121604551	2.81515176	259
189426252	407474953	3.66142224	986
189426252	82702857	2.71450135	259
189426252	238024560	1.90096188	170
189426252	319789780	2.98444672	1023
189426252	564912576	1.93481773	170
189426252	108805458	3.96319334	986
189426252	501680466	2.33094528	259
340780790	387813818	2.94123941	435
340780790	404496824	2.68938124	435
340780790	339323466	2.66592114	435
340780790	651871857	2.71865893	435
340780790	94313085	2.7113446	435
340780790	82703551	3.13455314	435
340780790	224373452	2.78611862	991
340780790	110833754	2.85613267	435
340780790	296135492	3.53479397	435
340780790	238028541	2.76953262	435
340780790	225848721	2.45103397	991
340780790	264676830	2.49695079	435
340780790	188996474	2.38082403	991
340780790	186474069	2.71820804	435
340780790	330820582	2.77502168	435
340780790	549451566	2.67253486	435
340780790	310820928	2.97683326	435
340780790	77359658	2.78248778	435
340780790	160900975	2.49838236	435
340780790	171056711	2.81165033	435
340780790	357385591	4.10103269	435
340780790	91782853	2.84647199	435
340780790	383784055	4.15059411	986
340780790	121604551	3.18016558	435
340780790	407474953	3.67520004	986
340780790	82702857	3.07951517	435
340780790	238024560	2.7617504	435
340780790	319789780	2.99822452	1023
340780790	564912576	2.79560625	435
340780790	108805458	3.97697114	986
340780790	501680466	2.6959591	435
387813818	404496824	2.48714803	259
387813818	339323466	2.46368793	259
387813818	651871857	1.42394538	270
387813818	94313085	2.50911139	259
387813818	82703551	2.08874279	172
387813818	224373452	2.93512143	991
387813818	110833754	2.65389946	259
387813818	296135492	3.33256076	259
387813818	238028541	2.56729941	259
387813818	225848721	2.60003678	991
387813818	264676830	2.29471758	259
387813818	188996474	2.52982684	991
387813818	186474069	2.51597483	259
387813818	330820582	2.57278847	259
387813818	549451566	2.47030165	259
387813818	310820928	1.93102291	172
387813818	77359658	1.87010793	844
387813818	160900975	2.29614915	259
387813818	171056711	2.60941712	259
387813818	357385591	3.8985952	195
387813818	91782853	2.64423878	259
387813818	383784055	4.29959692	986
387813818	121604551	2.13435523	172
387813818	407474953	3.82420285	986
387813818	82702857	1.68746598	169
387813818	238024560	2.55951719	259
387813818	319789780	3.14722733	1023
387813818	564912576	2.59337304	259
387813818	108805458	4.12597395	986
387813818	501680466	1.40124555	270
404496824	339323466	1.71605506	170
404496824	651871857	2.26456755	259
404496824	94313085	1.76147852	170
404496824	82703551	2.68046176	259
404496824	224373452	2.68326326	991
404496824	110833754	1.90626659	170
404496824	296135492	2.29610199	159
404496824	238028541	1.81966654	170
404496824	225848721	2.34817861	991
404496824	264676830	1.72170419	278
404496824	188996474	2.27796867	991
404496824	186474069	1.76834196	170
404496824	330820582	1.8251556	170
404496824	549451566	1.72266878	170
404496824	310820928	2.52274188	259
404496824	77359658	2.3283964	259
404496824	160900975	1.72313576	278
404496824	171056711	1.86178425	170
404496824	357385591	3.64694131	259
404496824	91782853	1.89660591	170
404496824	383784055	4.04773875	986
404496824	121604551	2.7260742	259
404496824	407474953	3.57234468	986
404496824	82702857	2.62542379	259
404496824	238024560	1.81188432	170
404496824	319789780	2.89536916	1023
404496824	564912576	1.84574017	170
404496824	108805458	3.87411578	986
404496824	501680466	2.24186772	259
339323466	651871857	2.24110745	259
339323466	94313085	0.1230569	975
339323466	82703551	2.65700166	259
339323466	224373452	2.65980316	991
339323466	110833754	1.53132743	570
339323466	296135492	2.56146779	170
339323466	238028541	1.00592948	624
339323466	225848721	2.32471851	991
339323466	264676830	1.69824409	278
339323466	188996474	2.25450857	991
339323466	186474069	0.8686688	319
339323466	330820582	0.92548244	319
339323466	549451566	0.04584732	652
339323466	310820928	2.49928178	259
339323466	77359658	2.3049363	259
339323466	160900975	1.69967566	278
339323466	171056711	1.74996527	188
339323466	357385591	3.62348121	259
339323466	91782853	1.08286885	624
339323466	383784055	4.02427865	986
339323466	121604551	2.7026141	259
339323466	407474953	3.54888458	986
339323466	82702857	2.60196369	259
339323466	238024560	0.91221116	319
339323466	319789780	2.87190906	1023
339323466	564912576	1.03200311	624
339323466	108805458	3.85065568	986
339323466	501680466	2.21840762	259
651871857	94313085	2.28653091	259
651871857	82703551	1.86616231	172
651871857	224373452	2.71254095	991
651871857	110833754	2.43131898	259
651871857	296135492	3.10998028	259
651871857	238028541	2.34471893	259
651871857	225848721	2.3774563	991
651871857	264676830	2.0721371	259
651871857	188996474	2.30724636	991
651871857	186474069	2.29339435	259
651871857	330820582	2.35020799	259
651871857	549451566	2.24772117	259
651871857	310820928	1.70844243	172
651871857	77359658	1.64752745	844
651871857	160900975	2.07356867	259
651871857	171056711	2.38683664	259
651871857	357385591	3.67601472	195
651871857	91782853	2.4216583	259
651871857	383784055	4.07701644	986
651871857	121604551	1.91177475	172
651871857	407474953	3.60162237	986
651871857	82702857	1.56222114	270
651871857	238024560	2.33693671	259
651871857	319789780	2.92464685	1023
651871857	564912576	2.37079256	259
651871857	108805458	3.90339347	986
651871857	501680466	0.40420129	1018
94313085	82703551	2.70242512	259
94313085	224373452	2.70522662	991
94313085	110833754	1.57675089	570
94313085	296135492	2.60689125	170
94313085	238028541	1.05135294	624
94313085	225848721	2.37014197	991
94313085	264676830	1.74366755	278
94313085	188996474	2.29993203	991
94313085	186474069	0.91409226	319
94313085	330820582	0.9709059	319
94313085	549451566	0.12967062	975
94313085	310820928	2.54470524	259
94313085	77359658	2.35035976	259
94313085	160900975	1.74509912	278
94313085	171056711	1.79538873	188
94313085	357385591	3.66890467	259
94313085	91782853	1.12829231	624
94313085	383784055	4.06970211	986
94313085	121604551	2.74803756	259
94313085	407474953	3.59430804	986
94313085	82702857	2.64738715	259
94313085	238024560	0.95763462	319
94313085	319789780	2.91733252	1023
94313085	564912576	1.07742657	624
94313085	108805458	3.89607914	986
94313085	501680466	2.26383108	259
82703551	224373452	3.12843516	991
82703551	110833754	2.84721319	259
82703551	296135492	3.52587449	259
82703551	238028541	2.76061314	259
82703551	225848721	2.79335051	991
82703551	264676830	2.48803131	259
82703551	188996474	2.72314057	991
82703551	186474069	2.70928856	259
82703551	330820582	2.7661022	259
82703551	549451566	2.66361538	259
82703551	310820928	1.67811286	785
82703551	77359658	2.06342166	844
82703551	160900975	2.48946288	259
82703551	171056711	2.80273085	259
82703551	357385591	4.09190893	195
82703551	91782853	2.83755251	259
82703551	383784055	4.49291065	986
82703551	121604551	1.88144518	785
82703551	407474953	4.01751658	986
82703551	82702857	2.22701855	172
82703551	238024560	2.75283092	259
82703551	319789780	3.34054106	1023
82703551	564912576	2.78668677	259
82703551	108805458	4.31928768	986
82703551	501680466	1.84346248	172
224373452	110833754	2.85001469	991
224373452	296135492	3.52867599	991
224373452	238028541	2.76341464	991
224373452	225848721	1.08813717	482
224373452	264676830	2.49083281	991
224373452	188996474	1.01792723	482
224373452	186474069	2.71209006	991
224373452	330820582	2.7689037	991
224373452	549451566	2.66641688	991
224373452	310820928	2.97071528	991
224373452	77359658	2.7763698	991
224373452	160900975	2.49226438	991
224373452	171056711	2.80553235	991
224373452	357385591	4.09491471	991
224373452	91782853	2.84035401	991
224373452	383784055	3.88344545	991
224373452	121604551	3.1740476	991
224373452	407474953	3.40805138	991
224373452	82702857	3.07339719	991
224373452	238024560	2.75563242	991
224373452	319789780	1.9314309	1023
224373452	564912576	2.78948827	991
224373452	108805458	3.70982248	991
224373452	501680466	2.68984112	991
110833754	296135492	2.75167932	170
110833754	238028541	1.63493891	570
110833754	225848721	2.51493004	991
110833754	264676830	1.88845562	278
110833754	188996474	2.4447201	991
110833754	186474069	1.58361433	570
110833754	330820582	1.64042797	570
110833754	549451566	1.53794115	570
110833754	310820928	2.68949331	259
110833754	77359658	2.49514783	259
110833754	160900975	1.88988719	278
110833754	171056711	1.9401768	188
110833754	357385591	3.81369274	259
110833754	91782853	1.71187828	570
110833754	383784055	4.21449018	986
110833754	121604551	2.89282563	259
110833754	407474953	3.73909611	986
110833754	82702857	2.79217522	259
110833754	238024560	1.62715669	570
110833754	319789780	3.06212059	1023
110833754	564912576	1.66101254	570
110833754	108805458	4.04086721	986
110833754	501680466	2.40861915	259
296135492	238028541	2.66507927	170
296135492	225848721	3.19359134	991
296135492	264676830	2.56711692	278
296135492	188996474	3.1233814	991
296135492	186474069	2.61375469	170
296135492	330820582	2.67056833	170
296135492	549451566	2.56808151	170
296135492	310820928	3.36815461	259
296135492	77359658	3.17380913	259
296135492	160900975	2.56854849	278
296135492	171056711	2.70719698	170
296135492	357385591	4.49235404	259
296135492	91782853	2.74201864	170
296135492	383784055	4.89315148	986
296135492	121604551	3.57148693	259
296135492	407474953	4.41775741	986
296135492	82702857	3.47083652	259
296135492	238024560	2.65729705	170
296135492	319789780	3.74078189	1023
296135492	564912576	2.6911529	170
296135492	108805458	4.71952851	986
296135492	501680466	3.08728045	259
238028541	225848721	2.42832999	991
238028541	264676830	1.80185557	278
238028541	188996474	2.35812005	991
238028541	186474069	1.05821638	624
238028541	330820582	1.11503002	624
238028541	549451566	1.0125432	624
238028541	310820928	2.60289326	259
238028541	77359658	2.40854778	259
238028541	160900975	1.80328714	278
238028541	171056711	1.85357675	188
238028541	357385591	3.72709269	259
238028541	91782853	0.34632783	1005
238028541	383784055	4.12789013	986
238028541	121604551	2.80622558	259
238028541	407474953	3.65249606	986
238028541	82702857	2.70557517	259
238028541	238024560	1.10175874	624
238028541	319789780	2.97552054	1023
238028541	564912576	0.74651063	992
238028541	108805458	3.95426716	986
238028541	501680466	2.3220191	259
225848721	264676830	2.15574816	991
225848721	188996474	0.68284258	482
225848721	186474069	2.37700541	991
225848721	330820582	2.43381905	991
225848721	549451566	2.33133223	991
225848721	310820928	2.63563063	991
225848721	77359658	2.44128515	991
225848721	160900975	2.15717973	991
225848721	171056711	2.4704477	991
225848721	357385591	3.75983006	991
225848721	91782853	2.50526936	991
225848721	383784055	3.5483608	991
225848721	121604551	2.83896295	991
225848721	407474953	3.07296673	991
225848721	82702857	2.73831254	991
225848721	238024560	2.42054777	991
225848721	319789780	1.59634625	1023
225848721	564912576	2.45440362	991
225848721	108805458	3.37473783	991
225848721	501680466	2.35475647	991
264676830	188996474	2.08553822	991
264676830	186474069	1.75053099	278
264676830	330820582	1.80734463	278
264676830	549451566	1.70485781	278
264676830	310820928	2.33031143	259
264676830	77359658	2.13596595	259
264676830	160900975	0.23597071	1024
264676830	171056711	1.84397328	278
264676830	357385591	3.45451086	259
264676830	91782853	1.87879494	278
264676830	383784055	3.8553083	986
264676830	121604551	2.53364375	259
264676830	407474953	3.37991423	986
264676830	82702857	2.43299334	259
264676830	238024560	1.79407335	278
264676830	319789780	2.70293871	1023
264676830	564912576	1.8279292	278
264676830	108805458	3.68168533	986
264676830	501680466	2.04943727	259
188996474	186474069	2.30679547	991
188996474	330820582	2.36360911	991
188996474	549451566	2.26112229	991
188996474	310820928	2.56542069	991
188996474	77359658	2.37107521	991
188996474	160900975	2.08696979	991
188996474	171056711	2.40023776	991
188996474	357385591	3.68962012	991
188996474	91782853	2.43505942	991
188996474	383784055	3.47815086	991
188996474	121604551	2.76875301	991
188996474	407474953	3.00275679	991
188996474	82702857	2.6681026	991
188996474	238024560	2.35033783	991
188996474	319789780	1.52613631	1023
188996474	564912576	2.38419368	991
188996474	108805458	3.30452789	991
188996474	501680466	2.28454653	991
186474069	330820582	0.36535416	1020
186474069	549451566	0.87528252	319
186474069	310820928	2.55156868	259
186474069	77359658	2.3572232	259
186474069	160900975	1.75196256	278
186474069	171056711	1.80225217	188
186474069	357385591	3.67576811	259
186474069	91782853	1.13515575	624
186474069	383784055	4.07656555	986
186474069	121604551	2.754901	259
186474069	407474953	3.60117148	986
186474069	82702857	2.65425059	259
186474069	238024560	0.35208288	1020
186474069	319789780	2.92419596	1023
186474069	564912576	1.08429001	624
186474069	108805458	3.90294258	986
186474069	501680466	2.27069452	259
330820582	549451566	0.93209616	319
330820582	310820928	2.60838232	259
330820582	77359658	2.41403684	259
330820582	160900975	1.8087762	278
330820582	171056711	1.85906581	188
330820582	357385591	3.73258175	259
330820582	91782853	1.19196939	624
330820582	383784055	4.13337919	986
330820582	121604551	2.81171464	259
330820582	407474953	3.65798512	986
330820582	82702857	2.71106423	259
330820582	238024560	0.13630314	1021
330820582	319789780	2.9810096	1023
330820582	564912576	1.14110365	624
330820582	108805458	3.95975622	986
330820582	501680466	2.32750816	259
549451566	310820928	2.5058955	259
549451566	77359658	2.31155002	259
549451566	160900975	1.70628938	278
549451566	171056711	1.75657899	188
549451566	357385591	3.63009493	259
549451566	91782853	1.08948257	624
549451566	383784055	4.03089237	986
549451566	121604551	2.70922782	259
549451566	407474953	3.5554983	986
549451566	82702857	2.60857741	259
549451566	238024560	0.91882488	319
549451566	319789780	2.87852278	1023
549451566	564912576	1.03861683	624
549451566	108805458	3.8572694	986
549451566	501680466	2.22502134	259
310820928	77359658	1.90570178	844
310820928	160900975	2.331743	259
310820928	171056711	2.64501097	259
310820928	357385591	3.93418905	195
310820928	91782853	2.67983263	259
310820928	383784055	4.33519077	986
310820928	121604551	1.59277144	462
310820928	407474953	3.8597967	986
310820928	82702857	2.06929867	172
310820928	238024560	2.59511104	259
310820928	319789780	3.18282118	1023
310820928	564912576	2.62896689	259
310820928	108805458	4.1615678	986
310820928	501680466	1.6857426	172
77359658	160900975	2.13739752	259
77359658	171056711	2.45066549	259
77359658	357385591	3.73984357	195
77359658	91782853	2.48548715	259
77359658	383784055	4.14084529	986
77359658	121604551	2.1090341	844
77359658	407474953	3.66545122	986
77359658	82702857	2.00838369	844
77359658	238024560	2.40076556	259
77359658	319789780	2.9884757	1023
77359658	564912576	2.43462141	259
77359658	108805458	3.96722232	986
77359658	501680466	1.62482762	844
160900975	171056711	1.84540485	278
160900975	357385591	3.45594243	259
160900975	91782853	1.88022651	278
160900975	383784055	3.85673987	986
160900975	121604551	2.53507532	259
160900975	407474953	3.3813458	986
160900975	82702857	2.43442491	259
160900975	238024560	1.79550492	278
160900975	319789780	2.70437028	1023
160900975	564912576	1.82936077	278
160900975	108805458	3.6831169	986
160900975	501680466	2.05086884	259
171056711	357385591	3.7692104	259
171056711	91782853	1.93051612	188
171056711	383784055	4.17000784	986
171056711	121604551	2.84834329	259
171056711	407474953	3.69461377	986
171056711	82702857	2.74769288	259
171056711	238024560	1.84579453	188
171056711	319789780	3.01763825	1023
171056711	564912576	1.87965038	188
171056711	108805458	3.99638487	986
171056711	501680466	2.36413681	259
357385591	91782853	3.80403206	259
357385591	383784055	5.4593902	986
357385591	121604551	4.13752137	195
357385591	407474953	4.98399613	986
357385591	82702857	4.03687096	195
357385591	238024560	3.71931047	259
357385591	319789780	4.30702061	1023
357385591	564912576	3.75316632	259
357385591	108805458	5.28576723	986
357385591	501680466	3.65331489	195
91782853	383784055	4.2048295	986
91782853	121604551	2.88316495	259
91782853	407474953	3.72943543	986
91782853	82702857	2.78251454	259
91782853	238024560	1.17869811	624
91782853	319789780	3.05245991	1023
91782853	564912576	0.82345	992
91782853	108805458	4.03120653	986
91782853	501680466	2.39895847	259
383784055	121604551	4.53852309	986
383784055	407474953	3.49703509	937
383784055	82702857	4.43787268	986
383784055	238024560	4.12010791	986
383784055	319789780	4.09555135	1023
383784055	564912576	4.15396376	986
383784055	108805458	2.95623607	813
383784055	501680466	4.05431661	986
121604551	407474953	4.06312902	986
121604551	82702857	2.27263099	172
121604551	238024560	2.79844336	259
121604551	319789780	3.3861535	1023
121604551	564912576	2.83229921	259
121604551	108805458	4.36490012	986
121604551	501680466	1.88907492	172
407474953	82702857	3.96247861	986
407474953	238024560	3.64471384	986
407474953	319789780	3.62015728	1023
407474953	564912576	3.67856969	986
407474953	108805458	3.32341212	937
407474953	501680466	3.57892254	986
82702857	238024560	2.69779295	259
82702857	319789780	3.28550309	1023
82702857	564912576	2.7316488	259
82702857	108805458	4.26424971	986
82702857	501680466	1.53952131	270
238024560	319789780	2.96773832	1023
238024560	564912576	1.12783237	624
238024560	108805458	3.94648494	986
238024560	501680466	2.31423688	259
319789780	564912576	3.00159417	1023
319789780	108805458	3.92192838	1023
319789780	501680466	2.90194702	1023
564912576	108805458	3.98034079	986
564912576	501680466	2.34809273	259
108805458	501680466	3.88069364	986
