#dist_cut	num_seqs	num_clusters	num_clusters(recip_simpson_index)	avg_intra_clust_phylo_dist_phylum(norm_shannon_index)	avg_inter_clust_phylo_dist_phylum(norm_shannon_index)	avg_intra_clust_phylo_dist_order(norm_shannon_index)	avg_inter_clust_phylo_dist_order(norm_shannon_index)	avg_silhouette_width	avg_inter_clust_dist	avg_intra_clust_dist	dunn_index
0	35	35	35	0	0.406474829996278	0	0.285028864879698	1	2.2765582132437	0	0.09507274
0.01	35	35	35	0	0.406474829996278	0	0.285028864879698	1	2.2765582132437	0	0.09507274
0.02	35	35	35	0	0.406474829996278	0	0.285028864879698	1	2.2765582132437	0	0.09507274
0.03	35	35	35	0	0.406474829996278	0	0.285028864879698	1	2.2765582132437	0	0.09507274
0.04	35	35	35	0	0.406474829996278	0	0.285028864879698	1	2.2765582132437	0	0.09507274
0.05	35	35	35	0	0.406474829996278	0	0.285028864879698	1	2.2765582132437	0	0.09507274
0.06	35	35	35	0	0.406474829996278	0	0.285028864879698	1	2.2765582132437	0	0.09507274
0.07	35	35	35	0	0.406474829996278	0	0.285028864879698	1	2.2765582132437	0	0.09507274
0.08	35	35	35	0	0.406474829996278	0	0.285028864879698	1	2.2765582132437	0	0.09507274
0.09	35	35	35	0	0.406474829996278	0	0.285028864879698	1	2.2765582132437	0	0.09507274
0.1	35	34	33.1081081081081	0	0.416066664176342	0	0.289756472131993	0.941176470588235	2.30468292907308	0.00279625705882353	1.67294137099657
0.11	35	34	33.1081081081081	0	0.416066664176342	0	0.289756472131993	0.941176470588235	2.30468292907308	0.00279625705882353	1.67294137099657
0.12	35	34	33.1081081081081	0	0.416066664176342	0	0.289756472131993	0.941176470588235	2.30468292907308	0.00279625705882353	1.67294137099657
0.13	35	34	33.1081081081081	0	0.416066664176342	0	0.289756472131993	0.941176470588235	2.30468292907308	0.00279625705882353	1.67294137099657
0.14	35	34	33.1081081081081	0	0.416066664176342	0	0.289756472131993	0.941176470588235	2.30468292907308	0.00279625705882353	1.67294137099657
0.15	35	34	33.1081081081081	0	0.416066664176342	0	0.289756472131993	0.941176470588235	2.30468292907308	0.00279625705882353	1.67294137099657
0.16	35	33	31.4102564102564	0	0.426087638935739	0	0.29453520289522	0.936788276457228	2.31032246109848	0.00770072303030303	1.45619609594701
0.17	35	33	31.4102564102564	0	0.426087638935739	0	0.29453520289522	0.936788276457228	2.31032246109849	0.00770072303030303	1.45619609594701
0.18	35	33	31.4102564102564	0	0.426087638935739	0	0.29453520289522	0.935035939737013	2.31032246109848	0.00770072303030303	1.45619609594701
0.19	35	33	31.4102564102564	0	0.426087638935739	0	0.29453520289522	0.935035939737013	2.31032246109848	0.00770072303030303	1.45619609594701
0.2	35	33	31.4102564102564	0	0.426087638935739	0	0.29453520289522	0.936788276457228	2.31032246109848	0.00770072303030303	1.45619609594701
0.21	35	33	31.4102564102564	0	0.426087638935739	0	0.29453520289522	0.936788276457228	2.31032246109849	0.00770072303030303	1.45619609594701
0.22	35	33	31.4102564102564	0	0.426087638935739	0	0.29453520289522	0.935035939737013	2.31032246109848	0.00770072303030303	1.45619609594701
0.23	35	33	31.4102564102564	0	0.426087638935739	0	0.29453520289522	0.936788276457228	2.31032246109848	0.00770072303030303	1.45619609594701
0.24	35	32	29.8780487804878	0	0.436562798615348	0	0.299346357643757	0.926648517803599	2.33594431175403	0.01517917125	1.56555090414638
0.25	35	32	29.8780487804878	0	0.436562798615348	0	0.299346357643757	0.930450613457645	2.33594431175403	0.01517917125	1.56555090414638
0.26	35	32	29.8780487804878	0	0.436562798615348	0	0.299346357643757	0.918142978403361	2.33594431175403	0.01517917125	1.56555090414638
0.27	35	32	29.8780487804878	0	0.436562798615348	0	0.299346357643757	0.926187949593565	2.33594431175403	0.01517917125	1.56555090414638
0.28	35	32	29.8780487804878	0	0.436562798615348	0	0.299346357643757	0.926648517803599	2.33594431175403	0.01517917125	1.56555090414638
0.29	35	32	29.8780487804878	0	0.436562798615348	0	0.299346357643757	0.926648517803599	2.33594431175403	0.01517917125	1.56555090414638
0.3	35	32	29.8780487804878	0	0.436562798615348	0	0.299346357643757	0.930450613457645	2.33594431175403	0.01517917125	1.56555090414638
0.31	35	32	29.8780487804878	0	0.436562798615348	0	0.299346357643757	0.930450613457645	2.33594431175403	0.01517917125	1.56555090414638
0.32	35	32	29.8780487804878	0	0.436562798615348	0	0.299346357643757	0.918142978403361	2.33594431175403	0.01517917125	1.56555090414638
0.33	35	32	29.8780487804878	0	0.436562798615348	0	0.299346357643757	0.926187949593565	2.33594431175403	0.01517917125	1.56555090414638
0.34	35	32	29.8780487804878	0	0.436562798615348	0	0.299346357643757	0.926187949593565	2.33594431175403	0.01517917125	1.56555090414638
0.35	35	32	29.8780487804878	0	0.436562798615348	0	0.299346357643757	0.930450613457645	2.33594431175403	0.01517917125	1.56555090414638
0.36	35	32	29.8780487804878	0	0.436562798615348	0	0.299346357643757	0.926187949593565	2.33594431175403	0.01517917125	1.56555090414638
0.37	35	31	28.4883720930233	0	0.44751832874915	0	0.304165590653614	0.923064753016832	2.34055798965591	0.0273654880645161	1.05812185523501
0.38	35	31	28.4883720930233	0	0.44751832874915	0	0.304165590653614	0.922281851360648	2.34055798965592	0.0273654880645161	1.05812185523501
0.39	35	29	23.1132075471698	0	0.470346387089113	0	0.313164879079176	0.911876332120372	2.38129813049261	0.043134333908046	1.03915211932376
0.4	35	28	22.2727272727273	0	0.482861132045826	0	0.317741130076117	0.894527509775539	2.39456695510582	0.0589138811904762	1.20115470302099
0.41	35	28	22.2727272727273	0	0.482861132045826	0	0.317741130076117	0.905186782500987	2.39456695510582	0.0589138811904762	1.20115470302099
0.42	35	28	22.2727272727273	0	0.482861132045826	0	0.317741130076117	0.890589826854519	2.39456695510582	0.0589138811904762	1.20115470302099
0.43	35	28	22.2727272727273	0	0.482861132045826	0	0.317741130076117	0.905871030815158	2.39456695510582	0.0589138811904762	1.20115470302099
0.44	35	28	22.2727272727273	0	0.482861132045826	0	0.317741130076117	0.90390167012918	2.39456695510582	0.0589138811904762	1.20115470302099
0.45	35	28	22.2727272727273	0	0.482861132045826	0	0.317741130076117	0.905871030815158	2.39456695510582	0.0589138811904762	1.20115470302099
0.46	35	28	22.2727272727273	0	0.482861132045826	0	0.317741130076117	0.905186782500987	2.39456695510582	0.0589138811904762	1.20115470302099
0.47	35	28	22.2727272727273	0	0.482861132045826	0	0.317741130076117	0.889156131038232	2.39456695510582	0.0589138811904762	1.20115470302099
0.48	35	27	21.4912280701754	0	0.49596120418366	0	0.311376164349761	0.881645016321695	2.41603895498576	0.0788326160493827	1.08547767224992
0.49	35	27	21.4912280701754	0	0.49596120418366	0	0.311376164349761	0.883209831519792	2.41603895498576	0.0788326160493827	1.08547767224992
0.5	35	27	21.4912280701754	0	0.49596120418366	0	0.311376164349761	0.894962614853961	2.41603895498576	0.0788326160493827	1.08547767224992
0.51	35	27	21.4912280701754	0	0.49596120418366	0	0.311376164349761	0.894962614853961	2.41603895498576	0.0788326160493827	1.08547767224992
0.52	35	27	21.4912280701754	0	0.49596120418366	0	0.311376164349761	0.892106079913795	2.41603895498576	0.0788326160493827	1.08547767224992
0.53	35	26	20.0819672131148	0	0.509063904289089	0	0.315706704581226	0.880840894516304	2.42627531379487	0.0911152912820513	1.15660812096323
0.54	35	26	20.0819672131148	0	0.509063904289089	0	0.315706704581226	0.880376362372996	2.42627531379487	0.0911152912820513	1.15660812096323
0.55	35	26	20.0819672131148	0	0.509063904289089	0	0.315706704581226	0.880376362372996	2.42627531379487	0.0911152912820513	1.15660812096323
0.56	35	25	18.8461538461538	0	0.522697183731478	0	0.319721080970103	0.857186328248057	2.43894526406667	0.0992990733333333	1.37282228507372
0.57	35	25	18.8461538461538	0	0.522697183731478	0	0.319721080970103	0.857186328248056	2.43894526406667	0.0992990733333333	1.37282228507372
0.58	35	25	18.8461538461538	0	0.522697183731478	0	0.319721080970103	0.856133273427998	2.43894526406667	0.0992990733333333	1.37282228507372
0.59	35	25	18.8461538461538	0	0.522697183731478	0	0.319721080970103	0.869161229802237	2.43894526406667	0.0992990733333333	1.37282228507372
0.6	35	25	18.8461538461538	0	0.522697183731478	0	0.319721080970103	0.869161229802237	2.43894526406667	0.0992990733333333	1.37282228507372
0.61	35	25	18.8461538461538	0	0.522697183731478	0	0.319721080970103	0.856133273427998	2.43894526406666	0.0992990733333333	1.37282228507372
0.62	35	25	18.8461538461538	0	0.522697183731478	0	0.319721080970103	0.869161229802237	2.43894526406667	0.0992990733333333	1.37282228507372
0.63	35	25	18.8461538461538	0	0.522697183731478	0	0.319721080970103	0.857186328248057	2.43894526406667	0.0992990733333333	1.37282228507372
0.64	35	25	18.8461538461538	0	0.522697183731478	0	0.319721080970103	0.869278213733134	2.43894526406666	0.0992990733333333	1.37282228507372
0.65	35	25	18.8461538461538	0	0.522697183731478	0	0.319721080970103	0.856133273427998	2.43894526406667	0.0992990733333333	1.37282228507372
0.66	35	25	18.8461538461538	0	0.522697183731478	0	0.319721080970103	0.869161229802237	2.43894526406667	0.0992990733333333	1.37282228507372
0.67	35	25	18.8461538461538	0	0.522697183731478	0	0.319721080970103	0.857186328248057	2.43894526406667	0.0992990733333333	1.37282228507372
0.68	35	25	18.8461538461538	0	0.522697183731478	0	0.319721080970103	0.869278213733134	2.43894526406666	0.0992990733333333	1.37282228507372
0.69	35	24	18.2835820895522	0	0.422827651187159	0	0.315627034691078	0.852224741968846	2.46707407193237	0.131874016388889	1.15544581449987
0.7	35	24	18.2835820895522	0	0.422827651187159	0	0.315627034691078	0.849640117554076	2.46707407193237	0.131874016388889	1.15544581449987
0.71	35	24	18.2835820895522	0	0.422827651187159	0	0.315627034691078	0.839338966342955	2.46707407193237	0.131874016388889	1.15544581449987
0.72	35	24	18.2835820895522	0	0.422827651187159	0	0.315627034691078	0.852224741968846	2.46707407193237	0.131874016388889	1.15544581449987
0.73	35	23	17.2535211267606	0.0778724281574281	0.458186599546367	0.0162377007013412	0.329888066628832	0.852641818993184	2.48691437594203	0.140837848985507	1.04201616232637
0.74	35	23	17.2535211267606	0.0778724281574281	0.458186599546367	0.0162377007013412	0.329888066628832	0.830726786098627	2.48691437594203	0.140837848985507	1.04201616232637
0.75	35	23	17.2535211267606	0.0778724281574281	0.458186599546367	0.0162377007013412	0.329888066628832	0.844766371489132	2.48691437594203	0.140837848985507	1.04201616232637
0.76	35	23	17.2535211267606	0.0778724281574281	0.458186599546367	0.0162377007013412	0.329888066628832	0.830726786098627	2.48691437594203	0.140837848985507	1.04201616232637
0.77	35	23	17.2535211267606	0.0778724281574281	0.458186599546367	0.0162377007013412	0.329888066628832	0.852641818993184	2.48691437594203	0.140837848985507	1.04201616232637
0.78	35	23	17.2535211267606	0.0778724281574281	0.458186599546367	0.0162377007013412	0.329888066628832	0.839048083383285	2.48691437594203	0.140837848985507	1.04201616232637
0.79	35	22	15.5063291139241	0.0814120839827657	0.473891767504922	0.0169757780059477	0.33488293670019	0.846273407361881	2.49986875030303	0.142299545454545	1.18783529062883
0.8	35	21	14.4117647058824	0.0928773133056009	0.490399353569378	0.0193664696361107	0.331540935431732	0.844694529133285	2.51230948887301	0.152460299126984	1.29440795740096
0.81	35	21	14.4117647058824	0.0928773133056009	0.490399353569378	0.0193664696361107	0.331540935431732	0.847551941234828	2.51230948887302	0.152460299126984	1.29440795740096
0.820000000000001	35	21	14.4117647058824	0.0928773133056009	0.490399353569378	0.0193664696361107	0.331540935431732	0.844694529133285	2.51230948887302	0.152460299126984	1.29440795740096
0.830000000000001	35	21	14.4117647058824	0.0928773133056009	0.490399353569378	0.0193664696361107	0.331540935431732	0.844694529133285	2.51230948887302	0.152460299126984	1.29440795740096
0.840000000000001	35	21	14.4117647058824	0.0928773133056009	0.490399353569378	0.0193664696361107	0.331540935431732	0.847551941234828	2.51230948887302	0.152460299126984	1.29440795740096
0.850000000000001	35	21	14.4117647058824	0.0928773133056009	0.490399353569378	0.0193664696361107	0.331540935431732	0.844694529133285	2.51230948887302	0.152460299126984	1.29440795740096
0.860000000000001	35	21	14.4117647058824	0.0928773133056009	0.490399353569378	0.0193664696361107	0.331540935431732	0.844694529133285	2.51230948887302	0.152460299126984	1.29440795740096
0.870000000000001	35	21	14.4117647058824	0.0928773133056009	0.490399353569378	0.0193664696361107	0.331540935431732	0.839128720869768	2.51230948887302	0.152460299126984	1.29440795740096
0.880000000000001	35	21	14.4117647058824	0.0928773133056009	0.490399353569378	0.0193664696361107	0.331540935431732	0.847551941234828	2.51230948887302	0.152460299126984	1.29440795740096
0.890000000000001	35	21	14.4117647058824	0.0928773133056009	0.490399353569378	0.0193664696361107	0.331540935431732	0.839128720869768	2.51230948887302	0.152460299126984	1.29440795740096
0.900000000000001	35	21	14.4117647058824	0.0928773133056009	0.490399353569378	0.0193664696361107	0.331540935431732	0.839128720869769	2.51230948887302	0.152460299126984	1.29440795740096
0.910000000000001	35	21	14.4117647058824	0.0928773133056009	0.490399353569378	0.0193664696361107	0.331540935431732	0.847551941234828	2.51230948887302	0.152460299126984	1.29440795740096
0.920000000000001	35	21	14.4117647058824	0.0928773133056009	0.490399353569378	0.0193664696361107	0.331540935431732	0.847551941234828	2.51230948887302	0.152460299126984	1.29440795740096
0.930000000000001	35	21	14.4117647058824	0.0928773133056009	0.490399353569378	0.0193664696361107	0.331540935431732	0.844694529133285	2.51230948887301	0.152460299126984	1.29440795740096
0.940000000000001	35	21	14.4117647058824	0.0928773133056009	0.490399353569378	0.0193664696361107	0.331540935431732	0.844694529133284	2.51230948887302	0.152460299126984	1.29440795740096
0.950000000000001	35	21	14.4117647058824	0.0928773133056009	0.490399353569378	0.0193664696361107	0.331540935431732	0.847551941234828	2.51230948887302	0.152460299126984	1.29440795740096
0.960000000000001	35	21	14.4117647058824	0.0928773133056009	0.490399353569378	0.0193664696361107	0.331540935431732	0.844694529133285	2.51230948887302	0.152460299126984	1.29440795740096
0.970000000000001	35	21	14.4117647058824	0.0928773133056009	0.490399353569378	0.0193664696361107	0.331540935431732	0.839824652441757	2.51230948887302	0.152460299126984	1.29440795740096
0.980000000000001	35	20	11.2385321100917	0.097521178970881	0.511535794424721	0.0203347931179163	0.339108264696022	0.846787642497734	2.5340984866698	0.161234136988095	1.30178112007666
0.990000000000001	35	20	11.2385321100917	0.097521178970881	0.511535794424721	0.0203347931179163	0.339108264696022	0.8463249589013	2.5340984866698	0.161234136988095	1.30178112007666
1	35	20	11.2385321100917	0.097521178970881	0.511535794424721	0.0203347931179163	0.339108264696022	0.8463249589013	2.5340984866698	0.161234136988095	1.30178112007666
1.01	35	20	11.2385321100917	0.097521178970881	0.511535794424721	0.0203347931179163	0.339108264696022	0.8463249589013	2.5340984866698	0.161234136988095	1.30178112007666
1.02	35	20	11.2385321100917	0.097521178970881	0.511535794424721	0.0203347931179163	0.339108264696022	0.846787642497734	2.5340984866698	0.161234136988095	1.30178112007666
1.03	35	20	11.2385321100917	0.097521178970881	0.511535794424721	0.0203347931179163	0.339108264696022	0.846787642497734	2.5340984866698	0.161234136988095	1.30178112007666
1.04	35	20	11.2385321100917	0.097521178970881	0.511535794424721	0.0203347931179163	0.339108264696022	0.8463249589013	2.5340984866698	0.161234136988095	1.30178112007666
1.05	35	20	11.2385321100917	0.097521178970881	0.511535794424721	0.0203347931179163	0.339108264696022	0.846787642497734	2.5340984866698	0.161234136988095	1.30178112007666
1.06	35	20	11.2385321100917	0.097521178970881	0.511535794424721	0.0203347931179163	0.339108264696022	0.846787642497734	2.5340984866698	0.161234136988095	1.30178112007666
1.07	35	20	11.2385321100917	0.097521178970881	0.511535794424721	0.0203347931179163	0.339108264696022	0.846787642497734	2.5340984866698	0.161234136988095	1.30178112007666
1.08	35	20	11.2385321100917	0.097521178970881	0.511535794424721	0.0203347931179163	0.339108264696022	0.8463249589013	2.5340984866698	0.161234136988095	1.30178112007666
1.09	35	19	10.6521739130435	0.102653872600927	0.531856919962509	0.0214050453872803	0.344814873090994	0.831736866423177	2.54822766647452	0.184997902180451	1.54813179664562
1.1	35	19	10.6521739130435	0.102653872600927	0.531856919962509	0.0214050453872803	0.344814873090994	0.816256396991822	2.54822766647452	0.184997902180451	1.54813179664562
1.11	35	19	9.95934959349593	0.102653872600927	0.533179036512826	0.0214050453872803	0.34600358270541	0.843827717069538	2.54903838356725	0.176639723840852	1.39228183116801
1.12	35	19	9.95934959349593	0.102653872600927	0.533179036512826	0.0214050453872803	0.34600358270541	0.843827717069537	2.54903838356725	0.176639723840852	1.39228183116801
1.13	35	19	9.95934959349593	0.102653872600927	0.533179036512826	0.0214050453872803	0.34600358270541	0.84431362496477	2.54903838356725	0.176639723840852	1.39228183116801
1.14	35	19	9.95934959349593	0.102653872600927	0.533179036512826	0.0214050453872803	0.34600358270541	0.843827717069537	2.54903838356725	0.176639723840852	1.39228183116801
1.15	35	19	9.95934959349593	0.102653872600927	0.533179036512826	0.0214050453872803	0.34600358270541	0.843827717069537	2.54903838356725	0.176639723840852	1.39228183116801
1.16	35	18	7.16374269005848	0.108356865523201	0.56087391796527	0.0225942145754625	0.355381888832584	0.84261978150446	2.56115899625817	0.166169301392256	1.3743791871032
1.17	35	18	7.16374269005848	0.108356865523201	0.56087391796527	0.0225942145754625	0.355381888832584	0.839637149459598	2.56115899625817	0.166169301392256	1.3743791871032
1.18	35	18	7.16374269005848	0.108356865523201	0.56087391796527	0.0225942145754625	0.355381888832584	0.84261978150446	2.56115899625817	0.166169301392256	1.3743791871032
1.19	35	18	7.16374269005848	0.108356865523201	0.56087391796527	0.0225942145754625	0.355381888832584	0.84261978150446	2.56115899625817	0.166169301392256	1.3743791871032
1.2	35	18	7.16374269005848	0.108356865523201	0.56087391796527	0.0225942145754625	0.355381888832584	0.84261978150446	2.56115899625817	0.166169301392256	1.3743791871032
1.21	35	18	7.16374269005848	0.108356865523201	0.56087391796527	0.0225942145754625	0.355381888832584	0.839637149459598	2.56115899625817	0.166169301392256	1.3743791871032
1.22	35	18	7.16374269005848	0.108356865523201	0.56087391796527	0.0225942145754625	0.355381888832584	0.839637149459598	2.56115899625817	0.166169301392256	1.3743791871032
1.23	35	18	7.16374269005848	0.108356865523201	0.56087391796527	0.0225942145754625	0.355381888832584	0.84261978150446	2.56115899625817	0.166169301392256	1.3743791871032
1.24	35	18	7.16374269005848	0.108356865523201	0.56087391796527	0.0225942145754625	0.355381888832584	0.839637149459598	2.56115899625817	0.166169301392256	1.3743791871032
1.25	35	18	7.16374269005848	0.108356865523201	0.56087391796527	0.0225942145754625	0.355381888832584	0.839637149459598	2.56115899625817	0.166169301392256	1.3743791871032
1.26	35	17	6.34715025906736	0.114730798789272	0.58739918986906	0.023923286021078	0.361719664183343	0.833275497446842	2.58434982117647	0.180321590329768	1.28190912571351
1.27	35	17	6.34715025906736	0.114730798789272	0.58739918986906	0.023923286021078	0.361719664183343	0.833275497446842	2.58434982117647	0.180321590329768	1.28190912571351
1.28	35	17	6.34715025906736	0.114730798789272	0.58739918986906	0.023923286021078	0.361719664183343	0.833275497446842	2.58434982117647	0.180321590329768	1.28190912571351
1.29	35	17	6.34715025906736	0.114730798789272	0.58739918986906	0.023923286021078	0.361719664183343	0.833275497446842	2.58434982117647	0.180321590329768	1.28190912571351
1.3	35	17	6.34715025906736	0.114730798789272	0.58739918986906	0.023923286021078	0.361719664183343	0.833275497446842	2.58434982117647	0.180321590329768	1.28190912571351
1.31	35	17	6.34715025906736	0.114730798789272	0.58739918986906	0.023923286021078	0.361719664183343	0.833275497446842	2.58434982117647	0.180321590329768	1.28190912571351
1.32	35	17	6.34715025906736	0.114730798789272	0.58739918986906	0.023923286021078	0.361719664183343	0.830116771499065	2.58434982117647	0.180321590329768	1.28190912571351
1.33	35	17	6.34715025906736	0.114730798789272	0.58739918986906	0.023923286021078	0.361719664183343	0.833275497446842	2.58434982117647	0.180321590329768	1.28190912571351
1.34	35	17	6.34715025906736	0.114730798789272	0.58739918986906	0.023923286021078	0.361719664183343	0.833275497446842	2.58434982117647	0.180321590329768	1.28190912571351
1.35	35	17	6.34715025906736	0.114730798789272	0.58739918986906	0.023923286021078	0.361719664183343	0.830116771499064	2.58434982117647	0.180321590329768	1.28190912571351
1.36	35	17	6.34715025906736	0.114730798789272	0.58739918986906	0.023923286021078	0.361719664183343	0.830116771499065	2.58434982117647	0.180321590329768	1.28190912571351
1.37	35	17	6.34715025906736	0.114730798789272	0.58739918986906	0.023923286021078	0.361719664183343	0.833275497446842	2.58434982117647	0.180321590329768	1.28190912571351
1.38	35	17	6.34715025906736	0.114730798789272	0.58739918986906	0.023923286021078	0.361719664183343	0.833275497446842	2.58434982117647	0.180321590329768	1.28190912571351
1.39	35	17	6.34715025906736	0.114730798789272	0.58739918986906	0.023923286021078	0.361719664183343	0.833275497446842	2.58434982117647	0.180321590329768	1.28190912571351
1.4	35	17	6.34715025906736	0.114730798789272	0.58739918986906	0.023923286021078	0.361719664183343	0.833275497446842	2.58434982117647	0.180321590329768	1.28190912571351
1.41	35	17	6.34715025906736	0.114730798789272	0.58739918986906	0.023923286021078	0.361719664183343	0.833275497446841	2.58434982117647	0.180321590329768	1.28190912571351
1.42	35	16	6.21827411167513	0.121901473713601	0.613055023852123	0.0487601861555734	0.389021526103616	0.807353789995726	2.61126268503472	0.230717630558712	1.46205107749049
1.43	35	16	6.21827411167513	0.121901473713601	0.613055023852123	0.0487601861555734	0.389021526103616	0.807353789995726	2.61126268503472	0.230717630558712	1.46205107749049
1.44	35	16	6.21827411167513	0.121901473713601	0.613055023852123	0.0487601861555734	0.389021526103616	0.807353789995726	2.61126268503472	0.230717630558712	1.46205107749049
1.45	35	16	6.21827411167513	0.121901473713601	0.613055023852123	0.0487601861555734	0.389021526103616	0.807353789995726	2.61126268503472	0.230717630558712	1.46205107749049
1.46	35	16	6.21827411167513	0.121901473713601	0.613055023852123	0.0487601861555734	0.389021526103616	0.802753939786592	2.61126268503472	0.230717630558712	1.46205107749049
1.47	35	16	6.21827411167513	0.121901473713601	0.613055023852123	0.0487601861555734	0.389021526103616	0.807353789995726	2.61126268503472	0.230717630558712	1.46205107749049
1.48	35	16	6.21827411167513	0.121901473713601	0.613055023852123	0.0487601861555734	0.389021526103616	0.807353789995726	2.61126268503472	0.230717630558712	1.46205107749049
1.49	35	15	6.03448275862069	0.130028238627841	0.641165097477588	0.0677826437263876	0.411066685956396	0.783382260423132	2.65494881309524	0.263174199818182	1.22178075535449
1.5	35	15	6.03448275862069	0.130028238627841	0.641165097477588	0.0677826437263876	0.411066685956396	0.783382260423132	2.65494881309524	0.263174199818182	1.22178075535449
1.51	35	15	6.03448275862069	0.130028238627841	0.641165097477588	0.0677826437263876	0.411066685956396	0.786465002149237	2.65494881309524	0.263174199818182	1.22178075535449
1.52	35	15	6.03448275862069	0.130028238627841	0.641165097477588	0.0677826437263876	0.411066685956396	0.783382260423132	2.65494881309524	0.263174199818182	1.22178075535449
1.53	35	15	6.03448275862069	0.130028238627841	0.641165097477588	0.0677826437263876	0.411066685956396	0.786465002149238	2.65494881309524	0.263174199818182	1.22178075535449
1.54	35	15	6.03448275862069	0.130028238627841	0.641165097477588	0.0677826437263876	0.411066685956396	0.783382260423132	2.65494881309524	0.263174199818182	1.22178075535449
1.55	35	15	6.03448275862069	0.130028238627841	0.641165097477588	0.0677826437263876	0.411066685956396	0.78690846465353	2.65494881309524	0.263174199818182	1.22178075535449
1.56	35	14	5.80568720379147	0.139315969958401	0.672037545130328	0.0935960589290523	0.438549414323778	0.749056816925433	2.69860678798901	0.311350215709957	1.29169819739274
1.57	35	14	5.80568720379147	0.139315969958401	0.672037545130328	0.0935960589290523	0.438549414323778	0.749056816925434	2.69860678798901	0.311350215709957	1.29169819739274
1.58	35	14	5.80568720379147	0.139315969958401	0.672037545130328	0.0935960589290523	0.438549414323778	0.748292630791143	2.69860678798901	0.311350215709957	1.29169819739274
1.59	35	14	5.80568720379147	0.139315969958401	0.672037545130328	0.0935960589290523	0.438549414323778	0.749056816925433	2.69860678798901	0.311350215709957	1.29169819739274
1.6	35	14	5.80568720379147	0.139315969958401	0.672037545130328	0.0935960589290523	0.438549414323778	0.749056816925433	2.69860678798901	0.311350215709957	1.29169819739274
1.61	35	14	5.80568720379147	0.139315969958401	0.672037545130328	0.0935960589290523	0.438549414323778	0.748292630791143	2.69860678798901	0.311350215709957	1.29169819739274
1.62	35	14	5.80568720379147	0.139315969958401	0.672037545130328	0.0935960589290523	0.438549414323778	0.748292630791143	2.69860678798901	0.311350215709957	1.29169819739274
1.63	35	14	5.80568720379147	0.139315969958401	0.672037545130328	0.0935960589290523	0.438549414323778	0.749056816925433	2.69860678798901	0.311350215709957	1.29169819739274
1.64	35	14	5.80568720379147	0.139315969958401	0.672037545130328	0.0935960589290523	0.438549414323778	0.749056816925433	2.69860678798901	0.311350215709957	1.29169819739274
1.65	35	14	5.80568720379147	0.139315969958401	0.672037545130328	0.0935960589290523	0.438549414323778	0.749056816925433	2.69860678798901	0.311350215709957	1.29169819739274
1.66	35	14	5.80568720379147	0.139315969958401	0.672037545130328	0.0935960589290523	0.438549414323778	0.749056816925433	2.69860678798901	0.311350215709957	1.29169819739274
1.67	35	14	5.80568720379147	0.139315969958401	0.672037545130328	0.0935960589290523	0.438549414323778	0.748292630791143	2.69860678798901	0.311350215709957	1.29169819739274
1.68	35	13	5.59360730593607	0.145674225682611	0.528949160111502	0.0998869655359598	0.438407108270925	0.718552668486763	2.75181766185897	0.365672027456877	1.29560416497482
1.69	35	12	5.04115226337449	0.157813744489495	0.564768429335985	0.108210879330623	0.451222939740767	0.696112168497505	2.76534755821154	0.409948302151709	1.29560416497482
1.7	35	12	5.04115226337449	0.157813744489495	0.564768429335985	0.108210879330623	0.451222939740767	0.696112168497505	2.76534755821154	0.409948302151709	1.29560416497482
1.71	35	12	5.04115226337449	0.157813744489495	0.564768429335985	0.108210879330623	0.451222939740767	0.696112168497505	2.76534755821154	0.40994830215171	1.29560416497482
1.72	35	11	4.84189723320158	0.172160448533995	0.603453900129794	0.11538971019828	0.456386515130199	0.658306652596056	2.76932677848112	0.470431956892774	1.29560416497482
1.73	35	11	5.08298755186722	0.172160448533995	0.602039044597604	0.113232386706913	0.452382242907332	0.64550819879227	2.77058685562597	0.471472485539945	1.17843717994837
1.74	35	11	5.08298755186722	0.172160448533995	0.602039044597604	0.113232386706913	0.452382242907332	0.64550819879227	2.77058685562597	0.471472485539945	1.17843717994837
1.75	35	11	5.08298755186722	0.172160448533995	0.602039044597604	0.113232386706913	0.452382242907332	0.64550819879227	2.77058685562597	0.471472485539945	1.17843717994837
1.76	35	9	4.72972972972973	0.216713731046402	0.692708879171093	0.161446905593424	0.495649368850768	0.538837594617031	2.86707693910582	0.631208587474748	1.19654038647512
1.77	35	8	4.55390334572491	0.243802947427202	0.745900748113139	0.201777908729051	0.542829539530268	0.474963432176923	2.94762223916667	0.726878036159091	1.18975804633397
1.78	35	8	4.55390334572491	0.243802947427202	0.745900748113139	0.201777908729051	0.542829539530268	0.474963432176923	2.94762223916667	0.726878036159091	1.18975804633397
1.79	35	8	4.55390334572491	0.243802947427202	0.745900748113139	0.201777908729051	0.542829539530268	0.475513097550854	2.94762223916667	0.726878036159091	1.18975804633397
1.8	35	8	4.55390334572491	0.243802947427202	0.745900748113139	0.201777908729051	0.542829539530268	0.474963432176923	2.94762223916667	0.726878036159091	1.18975804633397
1.81	35	8	4.55390334572491	0.243802947427202	0.745900748113139	0.201777908729051	0.542829539530268	0.475513097550854	2.94762223916667	0.726878036159091	1.18975804633397
1.82	35	8	4.55390334572491	0.243802947427202	0.745900748113139	0.201777908729051	0.542829539530268	0.475513097550854	2.94762223916667	0.726878036159091	1.18975804633397
1.83	35	8	4.55390334572491	0.243802947427202	0.745900748113139	0.201777908729051	0.542829539530268	0.475513097550854	2.94762223916667	0.726878036159091	1.18975804633397
1.84	35	8	4.55390334572491	0.243802947427202	0.745900748113139	0.201777908729051	0.542829539530268	0.475513097550854	2.94762223916667	0.726878036159091	1.18975804633397
1.85	35	6	4.15254237288136	0.325070596569603	0.856559738565665	0.291520996941578	0.623490556823089	0.32174282841432	2.9586746868254	1.00604539145022	1.10885619886244
1.86	35	6	4.15254237288136	0.325070596569603	0.856559738565665	0.291520996941578	0.623490556823089	0.32174282841432	2.9586746868254	1.00604539145022	1.10885619886244
1.87	35	6	4.15254237288136	0.325070596569603	0.856559738565665	0.291520996941578	0.623490556823089	0.32174282841432	2.9586746868254	1.00604539145022	1.10885619886244
1.88	35	6	4.15254237288136	0.325070596569603	0.856559738565665	0.291520996941578	0.623490556823089	0.32174282841432	2.9586746868254	1.00604539145022	1.10885619886244
1.89	35	6	4.15254237288136	0.325070596569603	0.856559738565665	0.291520996941578	0.623490556823089	0.32174282841432	2.9586746868254	1.00604539145022	1.10885619886244
1.9	35	6	4.15254237288136	0.325070596569603	0.856559738565665	0.291520996941578	0.623490556823089	0.32174282841432	2.9586746868254	1.00604539145022	1.10885619886244
1.91	35	6	4.15254237288136	0.325070596569603	0.856559738565665	0.291520996941578	0.623490556823089	0.32174282841432	2.9586746868254	1.00604539145022	1.10885619886244
1.92	35	6	4.15254237288136	0.325070596569603	0.856559738565665	0.291520996941578	0.623490556823089	0.32174282841432	2.9586746868254	1.00604539145022	1.10885619886244
1.93	35	6	4.15254237288136	0.325070596569603	0.856559738565665	0.291520996941578	0.623490556823089	0.32174282841432	2.9586746868254	1.00604539145022	1.10885619886244
1.94	35	6	4.15254237288136	0.325070596569603	0.856559738565665	0.291520996941578	0.623490556823089	0.32174282841432	2.9586746868254	1.00604539145022	1.10885619886244
1.95	35	6	4.15254237288136	0.325070596569603	0.856559738565665	0.291520996941578	0.623490556823089	0.32174282841432	2.9586746868254	1.00604539145022	1.10885619886244
1.96	35	6	4.15254237288136	0.325070596569603	0.856559738565665	0.291520996941578	0.623490556823089	0.32174282841432	2.9586746868254	1.00604539145022	1.10885619886244
1.97	35	6	4.26829268292683	0.325070596569603	0.853281075702349	0.288260086784061	0.61956880178327	0.278667907640422	2.94937371419444	1.03463489077814	1.0391608089516
1.98	35	6	4.26829268292683	0.325070596569603	0.853281075702349	0.288260086784061	0.61956880178327	0.278667907640422	2.94937371419444	1.03463489077814	1.0391608089516
1.99	35	6	4.26829268292683	0.325070596569603	0.853281075702349	0.288260086784061	0.61956880178327	0.310672536732203	2.94937371419444	1.03463489077814	1.0391608089516
2	35	6	4.26829268292683	0.325070596569603	0.853281075702349	0.288260086784061	0.61956880178327	0.310672536732203	2.94937371419444	1.03463489077814	1.0391608089516
2.01	35	6	4.26829268292683	0.325070596569603	0.853281075702349	0.288260086784061	0.61956880178327	0.278667907640422	2.94937371419444	1.03463489077814	1.0391608089516
2.02	35	6	4.26829268292683	0.325070596569603	0.853281075702349	0.288260086784061	0.61956880178327	0.310672536732202	2.94937371419444	1.03463489077814	1.0391608089516
2.03	35	6	4.26829268292683	0.325070596569603	0.853281075702349	0.288260086784061	0.61956880178327	0.278667907640422	2.94937371419445	1.03463489077814	1.0391608089516
2.04	35	6	4.26829268292683	0.325070596569603	0.853281075702349	0.288260086784061	0.61956880178327	0.278667907640422	2.94937371419445	1.03463489077814	1.0391608089516
2.05	35	6	4.26829268292683	0.325070596569603	0.853281075702349	0.288260086784061	0.61956880178327	0.310672536732203	2.94937371419445	1.03463489077814	1.0391608089516
2.06	35	6	4.26829268292683	0.325070596569603	0.853281075702349	0.288260086784061	0.61956880178327	0.278667907640423	2.94937371419444	1.03463489077814	1.0391608089516
2.07	35	6	4.26829268292683	0.325070596569603	0.853281075702349	0.288260086784061	0.61956880178327	0.278667907640422	2.94937371419444	1.03463489077814	1.0391608089516
2.08	35	6	4.26829268292683	0.325070596569603	0.853281075702349	0.288260086784061	0.61956880178327	0.278667907640423	2.94937371419444	1.03463489077814	1.0391608089516
2.09	35	6	4.26829268292683	0.325070596569603	0.853281075702349	0.288260086784061	0.61956880178327	0.310672536732203	2.94937371419445	1.03463489077814	1.0391608089516
2.1	35	6	4.26829268292683	0.325070596569603	0.853281075702349	0.288260086784061	0.61956880178327	0.310672536732203	2.94937371419444	1.03463489077814	1.0391608089516
2.11	35	6	4.18088737201365	0.31562748897899	0.849022500559265	0.299448358567338	0.633476632077633	0.292596190246548	2.93239573913519	1.06828945668819	0.984518638723711
2.12	35	6	4.18088737201365	0.31562748897899	0.849022500559265	0.299448358567338	0.633476632077633	0.292596190246548	2.93239573913519	1.06828945668819	0.984518638723711
2.13	35	6	4.18088737201365	0.31562748897899	0.849022500559265	0.299448358567338	0.633476632077633	0.292596190246547	2.93239573913519	1.06828945668819	0.984518638723711
2.14	35	6	4.18088737201365	0.31562748897899	0.849022500559265	0.299448358567338	0.633476632077633	0.292596190246548	2.93239573913519	1.06828945668819	0.984518638723711
2.15	35	5	4.04290429042904	0.358213169524169	0.677209698073653	0.393624985003631	0.708925872551356	0.157704857643269	2.97524311760606	1.31403658882583	0.984518638723711
2.16	35	5	4.04290429042904	0.358213169524169	0.677209698073653	0.393624985003631	0.708925872551356	0.157704857643269	2.97524311760606	1.31403658882583	0.984518638723711
2.17	35	5	4.04290429042904	0.358213169524169	0.677209698073653	0.393624985003631	0.708925872551356	0.157704857643269	2.97524311760606	1.31403658882583	0.984518638723711
2.18	35	5	4.04290429042904	0.358213169524169	0.677209698073653	0.393624985003631	0.708925872551356	0.157704857643269	2.97524311760606	1.31403658882583	0.984518638723711
2.19	35	5	4.04290429042904	0.358213169524169	0.677209698073653	0.393624985003631	0.708925872551356	0.157704857643269	2.97524311760606	1.31403658882583	0.984518638723712
2.2	35	5	4.04290429042904	0.358213169524169	0.677209698073653	0.393624985003631	0.708925872551356	0.157704857643269	2.97524311760606	1.31403658882583	0.984518638723711
2.21	35	5	4.04290429042904	0.358213169524169	0.677209698073653	0.393624985003631	0.708925872551356	0.157704857643269	2.97524311760606	1.31403658882583	0.984518638723711
2.22	35	5	4.04290429042904	0.358213169524169	0.677209698073653	0.393624985003631	0.708925872551356	0.157704857643269	2.97524311760606	1.31403658882583	0.984518638723711
2.23	35	5	4.04290429042904	0.358213169524169	0.677209698073653	0.393624985003631	0.708925872551357	0.157704857643269	2.97524311760606	1.31403658882583	0.984518638723711
2.24	35	4	2.81609195402299	0.383807563428363	0.65595873969756	0.469340303899003	0.801825497752027	0.128846680641872	3.13759509235158	1.3831458649113	1.08995901723746
2.25	35	4	2.81609195402299	0.383807563428363	0.65595873969756	0.469340303899003	0.801825497752027	0.128846680641872	3.13759509235158	1.3831458649113	1.08995901723746
2.26	35	4	2.81609195402299	0.383807563428363	0.65595873969756	0.469340303899003	0.801825497752027	0.128846680641872	3.13759509235158	1.3831458649113	1.08995901723746
2.27	35	4	2.81609195402299	0.383807563428363	0.65595873969756	0.469340303899003	0.801825497752027	0.128846680641872	3.13759509235158	1.3831458649113	1.08995901723746
2.28	35	4	2.81609195402299	0.383807563428363	0.65595873969756	0.469340303899003	0.801825497752027	0.128846680641872	3.13759509235158	1.3831458649113	1.08995901723746
2.29	35	3	1.73267326732673	0.412390770673616	0.742423254305156	0.53610282867365	0.907080029301457	0.101145418932145	3.40132077173333	1.3296093350963	1.23176826681427
2.29999999999999	35	3	1.73267326732673	0.412390770673616	0.742423254305156	0.53610282867365	0.907080029301457	0.101145418932144	3.40132077173333	1.3296093350963	1.23176826681427
2.30999999999999	35	3	1.73267326732673	0.412390770673616	0.742423254305156	0.53610282867365	0.907080029301457	0.101145418932144	3.40132077173333	1.3296093350963	1.23176826681427
2.31999999999999	35	3	1.73267326732673	0.412390770673616	0.742423254305156	0.53610282867365	0.907080029301457	0.101145418932145	3.40132077173333	1.3296093350963	1.23176826681427
2.32999999999999	35	3	1.73267326732673	0.412390770673616	0.742423254305156	0.53610282867365	0.907080029301457	0.101145418932145	3.40132077173333	1.3296093350963	1.23176826681427
2.33999999999999	35	3	1.73267326732673	0.412390770673616	0.742423254305156	0.53610282867365	0.907080029301457	0.101145418932144	3.40132077173333	1.3296093350963	1.23176826681427
2.34999999999999	35	3	1.73267326732673	0.412390770673616	0.742423254305156	0.53610282867365	0.907080029301457	0.101145418932145	3.40132077173333	1.3296093350963	1.23176826681427
2.35999999999999	35	3	1.73267326732673	0.412390770673616	0.742423254305156	0.53610282867365	0.907080029301457	0.101145418932145	3.40132077173333	1.32960933509629	1.23176826681427
2.36999999999999	35	3	1.73267326732673	0.412390770673616	0.742423254305156	0.53610282867365	0.907080029301457	0.101145418932145	3.40132077173333	1.3296093350963	1.23176826681427
2.37999999999999	35	3	2.05192629815745	0.5611502362709	0.883671985442026	0.525000311898979	0.897834698221665	0.105810920602214	3.31509795802381	1.39109530734644	1.02027921026099
2.38999999999999	35	3	2.05192629815745	0.5611502362709	0.883671985442026	0.525000311898979	0.897834698221665	0.105810920602214	3.31509795802381	1.39109530734644	1.02027921026099
2.39999999999999	35	3	2.05192629815745	0.5611502362709	0.883671985442026	0.525000311898979	0.897834698221665	0.105810920602214	3.31509795802381	1.39109530734644	1.02027921026099
2.40999999999999	35	3	1.94753577106518	0.444721564699443	0.773107424235115	0.541963876844206	0.912469544004263	0.0102791736071393	3.36000135540404	1.41597463468254	1.03459580120439
2.41999999999999	35	3	1.94753577106518	0.444721564699443	0.773107424235115	0.541963876844206	0.912469544004263	0.0102791736071393	3.36000135540404	1.41597463468254	1.03459580120439
2.42999999999999	35	3	1.94753577106518	0.444721564699443	0.773107424235115	0.541963876844206	0.912469544004263	0.0102791736071392	3.36000135540404	1.41597463468254	1.03459580120439
2.43999999999999	35	3	1.94753577106518	0.444721564699443	0.773107424235115	0.541963876844206	0.912469544004263	0.0102791736071392	3.36000135540404	1.41597463468254	1.03459580120439
2.44999999999999	35	3	2.00490998363339	0.456702441796318	0.784458939946967	0.538669968818899	0.909431441120354	0.0022002016541691	3.35141257589744	1.4261859811453	1.00906834596022
2.45999999999999	35	3	2.00490998363339	0.456702441796318	0.784458939946967	0.538669968818899	0.909431441120354	0.0022002016541691	3.35141257589744	1.4261859811453	1.00906834596022
2.46999999999999	35	3	2.00490998363339	0.456702441796318	0.784458939946967	0.538669968818899	0.909431441120354	0.00220020165416911	3.35141257589744	1.4261859811453	1.00906834596022
2.47999999999999	35	3	1.80945347119646	0.422606352777697	0.752128145921141	0.544089126218707	0.91436374605077	0.0678076360447167	3.39278675586111	1.36815801070451	1.13921144263009
2.48999999999999	35	3	1.80945347119646	0.422606352777697	0.752128145921141	0.544089126218707	0.91436374605077	0.0678076360447167	3.39278675586111	1.36815801070451	1.13921144263009
2.49999999999999	35	3	1.80945347119646	0.422606352777697	0.752128145921141	0.544089126218707	0.91436374605077	0.0678076360447167	3.39278675586111	1.36815801070451	1.13921144263009
2.50999999999999	35	2	1.05877268798617	0.509606062871286	1	0.475524509969532	1	0	3.87148517970588	1.08994798642602	1.77599538139458
2.51999999999999	35	2	1.05877268798617	0.509606062871286	1	0.475524509969532	1	0	3.87148517970588	1.08994798642603	1.77599538139458
2.52999999999999	35	2	1.05877268798617	0.509606062871286	1	0.475524509969532	1	0	3.87148517970588	1.08994798642602	1.77599538139458
2.53999999999999	35	2	1.05877268798617	0.509606062871286	1	0.475524509969532	1	-1.00613961606655e-16	3.87148517970588	1.08994798642602	1.77599538139458
2.54999999999999	35	2	1.05877268798617	0.509606062871286	1	0.475524509969532	1	0	3.87148517970588	1.08994798642602	1.77599538139458
2.55999999999999	35	2	1.05877268798617	0.509606062871286	1	0.475524509969532	1	0	3.87148517970588	1.08994798642603	1.77599538139458
2.56999999999999	35	2	1.05877268798617	0.509606062871286	1	0.475524509969532	1	0	3.87148517970588	1.08994798642602	1.77599538139458
2.57999999999999	35	2	1.05877268798617	0.509606062871286	1	0.475524509969532	1	0	3.87148517970588	1.08994798642602	1.77599538139458
2.58999999999999	35	2	1.05877268798617	0.509606062871286	1	0.475524509969532	1	-1.00613961606655e-16	3.87148517970588	1.08994798642603	1.77599538139458
2.59999999999999	35	2	1.05877268798617	0.509606062871286	1	0.475524509969532	1	0	3.87148517970588	1.08994798642603	1.77599538139458
2.60999999999999	35	2	1.05877268798617	0.509606062871286	1	0.475524509969532	1	0	3.87148517970588	1.08994798642603	1.77599538139458
2.61999999999999	35	2	1.05877268798617	0.509606062871286	1	0.475524509969532	1	0	3.87148517970588	1.08994798642603	1.77599538139458
2.62999999999999	35	2	1.05877268798617	0.509606062871286	1	0.475524509969532	1	0	3.87148517970588	1.08994798642603	1.77599538139458
2.63999999999999	35	2	1.05877268798617	0.509606062871286	1	0.475524509969532	1	0	3.87148517970588	1.08994798642603	1.77599538139458
2.64999999999999	35	2	1.05877268798617	0.509606062871286	1	0.475524509969532	1	0	3.87148517970588	1.08994798642602	1.77599538139458
2.65999999999999	35	2	1.05877268798617	0.509606062871286	1	0.475524509969532	1	0	3.87148517970588	1.08994798642603	1.77599538139458
2.66999999999999	35	2	1.05877268798617	0.509606062871286	1	0.475524509969532	1	-1.00613961606655e-16	3.87148517970588	1.08994798642602	1.77599538139458
2.67999999999999	35	2	1.05877268798617	0.509606062871286	1	0.475524509969532	1	0	3.87148517970588	1.08994798642603	1.77599538139458
2.68999999999999	35	2	1.05877268798617	0.509606062871286	1	0.475524509969532	1	-1.00613961606655e-16	3.87148517970588	1.08994798642602	1.77599538139458
2.69999999999999	35	2	1.05877268798617	0.509606062871286	1	0.475524509969532	1	-1.00613961606655e-16	3.87148517970588	1.08994798642602	1.77599538139458
2.70999999999999	35	2	1.05877268798617	0.509606062871286	1	0.475524509969532	1	-1.00613961606655e-16	3.87148517970588	1.08994798642603	1.77599538139458
2.71999999999999	35	2	1.05877268798617	0.509606062871286	1	0.475524509969532	1	0	3.87148517970588	1.08994798642603	1.77599538139458
2.72999999999999	35	2	1.05877268798617	0.509606062871286	1	0.475524509969532	1	-1.00613961606655e-16	3.87148517970588	1.08994798642602	1.77599538139458
2.73999999999999	35	2	1.05877268798617	0.509606062871286	1	0.475524509969532	1	0	3.87148517970588	1.08994798642603	1.77599538139458
2.74999999999999	35	2	1.05877268798617	0.509606062871286	1	0.475524509969532	1	-1.00613961606655e-16	3.87148517970588	1.08994798642603	1.77599538139458
2.75999999999999	35	2	1.05877268798617	0.509606062871286	1	0.475524509969532	1	-1.00613961606655e-16	3.87148517970588	1.08994798642603	1.77599538139458
2.76999999999998	35	2	1.05877268798617	0.509606062871286	1	0.475524509969532	1	0	3.87148517970588	1.08994798642603	1.77599538139458
2.77999999999998	35	2	1.05877268798617	0.509606062871286	1	0.475524509969532	1	-1.00613961606655e-16	3.87148517970588	1.08994798642602	1.77599538139458
2.78999999999998	35	2	1.05877268798617	0.509606062871286	1	0.475524509969532	1	-1.00613961606655e-16	3.87148517970588	1.08994798642602	1.77599538139458
2.79999999999998	35	2	1.05877268798617	0.509606062871286	1	0.475524509969532	1	0	3.87148517970588	1.08994798642602	1.77599538139458
2.80999999999998	35	2	1.05877268798617	0.509606062871286	1	0.475524509969532	1	-1.00613961606655e-16	3.87148517970588	1.08994798642603	1.77599538139458
2.81999999999998	35	2	1.05877268798617	0.509606062871286	1	0.475524509969532	1	0	3.87148517970588	1.08994798642602	1.77599538139458
2.82999999999998	35	2	1.05877268798617	0.509606062871286	1	0.475524509969532	1	0	3.87148517970588	1.08994798642602	1.77599538139458
2.83999999999998	35	2	1.05877268798617	0.509606062871286	1	0.475524509969532	1	-1.00613961606655e-16	3.87148517970588	1.08994798642602	1.77599538139458
2.84999999999998	35	2	1.05877268798617	0.509606062871286	1	0.475524509969532	1	-1.00613961606655e-16	3.87148517970588	1.08994798642602	1.77599538139458
2.85999999999998	35	2	1.05877268798617	0.509606062871286	1	0.475524509969532	1	-1.00613961606655e-16	3.87148517970588	1.08994798642602	1.77599538139458
2.86999999999998	35	2	1.05877268798617	0.509606062871286	1	0.475524509969532	1	-1.00613961606655e-16	3.87148517970588	1.08994798642602	1.77599538139458
2.87999999999998	35	2	1.05877268798617	0.509606062871286	1	0.475524509969532	1	-1.00613961606655e-16	3.87148517970588	1.08994798642602	1.77599538139458
2.88999999999998	35	2	1.05877268798617	0.509606062871286	1	0.475524509969532	1	0	3.87148517970588	1.08994798642603	1.77599538139458
2.89999999999998	35	2	1.05877268798617	0.509606062871286	1	0.475524509969532	1	0	3.87148517970588	1.08994798642602	1.77599538139458
2.90999999999998	35	2	1.05877268798617	0.509606062871286	1	0.475524509969532	1	0	3.87148517970588	1.08994798642602	1.77599538139458
2.91999999999998	35	2	1.05877268798617	0.509606062871286	1	0.475524509969532	1	0	3.87148517970588	1.08994798642603	1.77599538139458
2.92999999999998	35	2	1.05877268798617	0.509606062871286	1	0.475524509969532	1	0	3.87148517970588	1.08994798642603	1.77599538139458
2.93999999999998	35	2	1.05877268798617	0.509606062871286	1	0.475524509969532	1	-1.00613961606655e-16	3.87148517970588	1.08994798642602	1.77599538139458
2.94999999999998	35	2	1.05877268798617	0.509606062871286	1	0.475524509969532	1	0	3.87148517970588	1.08994798642603	1.77599538139458
2.95999999999998	35	2	1.05877268798617	0.509606062871286	1	0.475524509969532	1	-1.00613961606655e-16	3.87148517970588	1.08994798642602	1.77599538139458
2.96999999999998	35	2	1.05877268798617	0.509606062871286	1	0.475524509969532	1	-1.00613961606655e-16	3.87148517970588	1.08994798642602	1.77599538139458
2.97999999999998	35	2	1.05877268798617	0.509606062871286	1	0.475524509969532	1	-1.00613961606655e-16	3.87148517970588	1.08994798642603	1.77599538139458
2.98999999999998	35	2	1.05877268798617	0.509606062871286	1	0.475524509969532	1	-1.00613961606655e-16	3.87148517970588	1.08994798642603	1.77599538139458
2.99999999999998	35	2	1.05877268798617	0.509606062871286	1	0.475524509969532	1	-1.00613961606655e-16	3.87148517970588	1.08994798642603	1.77599538139458
3.00999999999998	35	2	1.05877268798617	0.509606062871286	1	0.475524509969532	1	-1.00613961606655e-16	3.87148517970588	1.08994798642603	1.77599538139458
3.01999999999998	35	2	1.05877268798617	0.509606062871286	1	0.475524509969532	1	0	3.87148517970588	1.08994798642603	1.77599538139458
3.02999999999998	35	2	1.05877268798617	0.509606062871286	1	0.475524509969532	1	-1.00613961606655e-16	3.87148517970588	1.08994798642602	1.77599538139458
3.03999999999998	35	1	1	1	0	1	0	-1	0	2.2765582132437	0.439259577981613
