#dist_cut	num_seqs	num_clusters	num_clusters(recip_simpson_index)	avg_intra_clust_phylo_dist_phylum(norm_shannon_index)	avg_inter_clust_phylo_dist_phylum(norm_shannon_index)	avg_intra_clust_phylo_dist_order(norm_shannon_index)	avg_inter_clust_phylo_dist_order(norm_shannon_index)	avg_silhouette_width	avg_inter_clust_dist	avg_intra_clust_dist	dunn_index
0	76	76	76	0	0.315682573841285	0	0.220060023840386	1	1.95772791016491	0	0.06471341
0.01	76	76	76	0	0.315682573841285	0	0.220060023840386	1	1.95772791016492	0	0.06471341
0.02	76	76	76	0	0.315682573841285	0	0.220060023840386	1	1.95772791016491	0	0.06471341
0.03	76	76	76	0	0.315682573841285	0	0.220060023840386	1	1.95772791016491	0	0.06471341
0.04	76	76	76	0	0.315682573841285	0	0.220060023840386	1	1.95772791016491	0	0.06471341
0.05	76	76	76	0	0.315682573841285	0	0.220060023840386	1	1.95772791016491	0	0.06471341
0.06	76	76	76	0	0.315682573841285	0	0.220060023840386	1	1.95772791016491	0	0.06471341
0.07	76	75	74.0512820512821	0	0.317573769739064	0	0.220607952096545	0.973333333333333	1.96791210352793	0.000862845466666667	1.40505561366647
0.08	76	75	74.0512820512821	0	0.317573769739064	0	0.220607952096545	0.973333333333333	1.96791210352793	0.000862845466666667	1.40505561366647
0.09	76	75	74.0512820512821	0	0.317573769739064	0	0.220607952096545	0.973333333333333	1.96791210352793	0.000862845466666667	1.40505561366647
0.1	76	74	72.2	0	0.319451716625006	0	0.219691386187892	0.972444739233241	1.97313468176786	0.00210323445945946	1.35704112599771
0.11	76	74	72.2	0	0.319451716625006	0	0.219691386187892	0.972444739233241	1.97313468176786	0.00210323445945946	1.35704112599771
0.12	76	74	72.2	0	0.319451716625006	0	0.219691386187892	0.972444739233241	1.97313468176786	0.00210323445945946	1.35704112599771
0.13	76	73	70.4390243902439	0	0.315144895553577	0	0.218760535199854	0.971336644594597	1.96770969730594	0.00382232315068493	1.29361293081203
0.14	76	73	70.4390243902439	0	0.315144895553577	0	0.218760535199854	0.971467189974518	1.96770969730594	0.00382232315068493	1.29361293081203
0.15	76	73	70.4390243902439	0	0.315144895553577	0	0.218760535199854	0.971011146202622	1.96770969730593	0.00382232315068493	1.29361293081203
0.16	76	72	68.7619047619048	0	0.317051477916011	0	0.21930847277007	0.969715183077514	1.97890911138498	0.00609234444444444	1.05880670628554
0.17	76	71	67.1627906976744	0	0.318940188970563	0	0.219799688650053	0.9593736384387	1.98754861487726	0.00855851676056338	1.04170582457215
0.18	76	69	64.1777777777778	0	0.322647891589471	0	0.220588988101257	0.959950800541626	2.00217064011935	0.0139403810144928	1.02027122665203
0.19	76	67	60.1666666666667	0	0.326023793191816	0	0.220905444142434	0.952489338625691	2.01678519279059	0.0174596753233831	1.07700439802036
0.2	76	67	60.1666666666667	0	0.326023793191816	0	0.220905444142434	0.956223208267945	2.01678519279059	0.0174596753233831	1.07700439802036
0.21	76	67	60.1666666666667	0	0.326023793191816	0	0.220905444142434	0.956788741862176	2.01678519279059	0.0174596753233831	1.07700439802036
0.22	76	66	58.9387755102041	0	0.322584246446595	0	0.220715035542686	0.95703788975264	2.02026498000078	0.0210233957070707	1.017996437774
0.23	76	64	53.4814814814815	0	0.319821505033154	0	0.219932967776422	0.94950128972411	2.040983175062	0.0245693645833333	1.21898297048255
0.24	76	64	53.4814814814815	0	0.319821505033154	0	0.219932967776422	0.949096874003928	2.040983175062	0.0245693645833333	1.21898297048255
0.25	76	64	53.4814814814815	0	0.319821505033154	0	0.219932967776422	0.949941650124903	2.040983175062	0.0245693645833333	1.21898297048255
0.26	76	64	53.4814814814815	0	0.319821505033154	0	0.219932967776422	0.951723899485011	2.04098317506201	0.0245693645833333	1.21898297048255
0.27	76	64	53.4814814814815	0	0.319821505033154	0	0.219932967776422	0.948600440037192	2.040983175062	0.0245693645833333	1.21898297048255
0.28	76	63	52.5090909090909	0	0.315926308967993	0	0.219655735271012	0.946403692779758	2.04288311165728	0.0292947297354497	1.06946942656764
0.29	76	63	52.5090909090909	0	0.315926308967993	0	0.219655735271012	0.945366561193625	2.04288311165728	0.0292947297354497	1.06946942656764
0.3	76	61	50.6666666666667	0	0.31670973564679	0	0.218844770270738	0.940514266555699	2.0431637620765	0.0399002612021858	1.19577130406454
0.31	76	61	50.6666666666667	0	0.31670973564679	0	0.218844770270738	0.939782661227361	2.0431637620765	0.0399002612021858	1.19577130406454
0.32	76	61	50.6666666666667	0	0.31670973564679	0	0.218844770270738	0.940898306156203	2.0431637620765	0.0399002612021858	1.19577130406454
0.33	76	60	48.9491525423729	0	0.314774789207641	0	0.218346435831152	0.941223364741365	2.03419100972128	0.0417622856111111	0.962439149345594
0.34	76	59	43.1044776119403	0	0.316821765099301	0	0.218510002489923	0.947143449615731	2.046129990752	0.0409135103502825	0.988918676184634
0.35	76	59	43.1044776119403	0	0.316821765099301	0	0.218510002489923	0.94798023210817	2.046129990752	0.0409135103502825	0.988918676184634
0.36	76	59	43.1044776119403	0	0.316821765099301	0	0.218510002489923	0.94718849350912	2.046129990752	0.0409135103502825	0.988918676184634
0.37	76	58	41.8550724637681	0	0.314883399230637	0	0.218123023732427	0.932510975820541	2.04623824065335	0.0471590482298851	0.859663187614772
0.38	76	58	41.8550724637681	0	0.314883399230637	0	0.218123023732427	0.932552517840012	2.04623824065336	0.0471590482298851	0.859663187614772
0.39	76	57	40.1111111111111	0	0.316947828454786	0	0.218088853495874	0.938590947441852	2.05629143701128	0.048090699748538	1.22387568983244
0.4	76	57	40.1111111111111	0	0.316947828454786	0	0.218088853495874	0.937636210164594	2.05629143701128	0.048090699748538	1.22387568983244
0.41	76	57	40.1111111111111	0	0.316947828454786	0	0.218088853495874	0.939439557794264	2.05629143701128	0.048090699748538	1.22387568983244
0.42	76	56	39.027027027027	0.0075503224014826	0.321950161279704	0.00391638953142644	0.222635822755626	0.932292772575613	2.05135535696483	0.0526481695654762	1.06023929759043
0.43	76	56	39.027027027027	0.0075503224014826	0.321950161279704	0.00391638953142644	0.222635822755626	0.937006615976196	2.05135535696483	0.0526481695654762	1.06023929759043
0.44	76	55	37.5064935064935	0.00768760099060047	0.324155356494103	0.00398759661381601	0.222549658446874	0.927577546766666	2.05579881763973	0.0559813045272727	1.06023929759043
0.45	76	54	28.5940594059406	0.00782996397190788	0.327649071788516	0.00406144099555335	0.223574604649358	0.937189738459956	2.06313424206674	0.0534341099526749	1.06023929759043
0.46	76	53	28.3137254901961	0.00797769914118917	0.330108217515528	0.00864432343386526	0.228555040662353	0.931520383562656	2.07764038226899	0.0629416886310273	1.06717524786913
0.47	76	52	28.0388349514563	0.0169856882716664	0.335967248923859	0.013403470581343	0.233692143405087	0.916749004032578	2.07277859991138	0.0820269361047009	0.517194611787494
0.48	76	52	28.0388349514563	0.0169856882716664	0.335967248923859	0.013403470581343	0.233692143405087	0.919030477767518	2.07277859991139	0.0820269361047009	0.517194611787494
0.49	76	51	27.7692307692308	0.0173187409828756	0.338622033276328	0.0136662837299968	0.233234001526378	0.896886382480322	2.08374051653987	0.0884812445904139	0.783849409857737
0.5	76	51	27.7692307692308	0.0173187409828756	0.338622033276328	0.0136662837299968	0.233234001526378	0.901345340771067	2.08374051653987	0.0884812445904139	0.783849409857737
0.51	76	51	27.7692307692308	0.0173187409828756	0.338622033276328	0.0136662837299968	0.233234001526378	0.89669096180076	2.08374051653987	0.0884812445904139	0.783849409857737
0.52	76	50	27.2452830188679	0.0176651158025331	0.337121907773902	0.0139396094045967	0.232993671412561	0.893308389126928	2.08728444388912	0.0927263087488889	0.815904665485051
0.53	76	48	22.3875968992248	0.0184011622943053	0.338647218367533	0.0116037827083102	0.230804867036296	0.884055806716979	2.10226637847001	0.0907853338162879	0.815904665485051
0.54	76	48	22.3875968992248	0.0184011622943053	0.338647218367533	0.0116037827083102	0.230804867036296	0.903046680930113	2.10226637847	0.0907853338162879	0.815904665485051
0.55	76	47	22.0458015267176	0.0187926763856735	0.332923771834612	0.0118506717021041	0.229899579582006	0.880711563804785	2.11528802761794	0.0976539660251451	0.84452868561336
0.56	76	47	22.0458015267176	0.0187926763856735	0.332923771834612	0.0118506717021041	0.229899579582006	0.893131163756457	2.11528802761794	0.0976539660251451	0.84452868561336
0.57	76	47	22.0458015267176	0.0187926763856735	0.332923771834612	0.0118506717021041	0.229899579582006	0.889995353789111	2.11528802761794	0.0976539660251451	0.84452868561336
0.58	76	47	22.0458015267176	0.0187926763856735	0.332923771834612	0.0118506717021041	0.229899579582006	0.884695999334765	2.11528802761794	0.0976539660251451	0.84452868561336
0.59	76	47	22.0458015267176	0.0187926763856735	0.332923771834612	0.0118506717021041	0.229899579582006	0.896921809171358	2.11528802761794	0.0976539660251451	0.84452868561336
0.6	76	46	20.1958041958042	0.0192012128288403	0.336232114461266	0.0119910948252135	0.229935792763717	0.893183197514899	2.12668507610715	0.100813588545151	0.84452868561336
0.61	76	44	19.7808219178082	0.0296834964684018	0.348124942403794	0.0229486250898791	0.24192900048759	0.856322033382478	2.13679329434407	0.126475311433566	0.84452868561336
0.62	76	44	15.8681318681319	0.0296834964684018	0.349739291409142	0.0226557663318255	0.243015395025064	0.872003542140906	2.13675779995595	0.121237638708333	0.84452868561336
0.63	76	44	15.8681318681319	0.0296834964684018	0.349739291409142	0.0226557663318255	0.243015395025063	0.881946072029573	2.13675779995595	0.121237638708333	0.84452868561336
0.64	76	41	14.0878048780488	0.0212165938442821	0.331735794703461	0.018710415495355	0.23746728520124	0.897589124476038	2.15368768844218	0.133596249418221	1.02027195737266
0.65	76	39	13.8181818181818	0.0318826515440703	0.342676112777171	0.0246380940344132	0.2436146021412	0.883120909603217	2.16969802761983	0.160001990157617	0.997868306467023
0.66	76	37	13.3087557603687	0.0342612878072502	0.335597402796377	0.0298662692422246	0.24946809605186	0.875957869606992	2.17972242605706	0.162518259949921	1.10096737817666
0.67	76	37	13.3087557603687	0.0342612878072502	0.335597402796377	0.0298662692422246	0.24946809605186	0.873540727876838	2.17972242605706	0.162518259949921	1.10096737817666
0.68	76	37	13.3087557603687	0.0342612878072502	0.335597402796377	0.0298662692422246	0.24946809605186	0.875993970380105	2.17972242605706	0.162518259949921	1.10096737817666
0.69	76	35	11.3254901960784	0.0362190756819502	0.343941082346263	0.038065620265772	0.261094167310492	0.875001267151831	2.21197964897523	0.152189699858479	1.04739638640971
0.7	76	35	11.3254901960784	0.0362190756819502	0.343941082346263	0.038065620265772	0.261094167310492	0.875001267151831	2.21197964897523	0.15218969985848	1.04739638640971
0.71	76	34	12.8928571428571	0.0372843426137722	0.34828228798223	0.0466318437898995	0.269019223291853	0.857373339284556	2.22247432386566	0.185809593359573	1.07786660289122
0.72	76	34	12.8928571428571	0.0372843426137722	0.34828228798223	0.0466318437898995	0.269019223291853	0.866240514970207	2.22247432386566	0.185809593359573	1.07786660289122
0.73	76	33	10.5018181818182	0.038414171177826	0.353826500823526	0.0474170037325713	0.270186674426041	0.858969830169041	2.23715417577652	0.182848235431685	1.11043695234961
0.74	76	32	10.3884892086331	0.039614614027133	0.352583250778096	0.0488987850992142	0.271387837936801	0.843153942980018	2.24437666405779	0.193471385757675	1.11043695234961
0.75	76	31	10.241134751773	0.0408925048022018	0.357192406503719	0.0537267990482728	0.277558832511068	0.83600729860602	2.26544503177634	0.202477115663837	1.20284137431867
0.76	76	31	10.241134751773	0.0408925048022018	0.357192406503719	0.0537267990482728	0.277558832511068	0.844466126794122	2.26544503177634	0.202477115663837	1.20284137431867
0.77	76	31	10.241134751773	0.0408925048022018	0.357192406503719	0.0537267990482728	0.277558832511068	0.843757816097328	2.26544503177634	0.202477115663837	1.20284137431867
0.78	76	31	10.241134751773	0.0408925048022018	0.357192406503719	0.0537267990482728	0.277558832511068	0.83600729860602	2.26544503177634	0.202477115663837	1.20284137431867
0.79	76	31	10.241134751773	0.0408925048022018	0.357192406503719	0.0537267990482728	0.277558832511068	0.838344658771672	2.26544503177634	0.202477115663837	1.20284137431867
0.8	76	31	10.241134751773	0.0408925048022018	0.357192406503719	0.0537267990482728	0.277558832511068	0.838344658771672	2.26544503177634	0.202477115663837	1.20284137431867
0.81	76	31	10.241134751773	0.0408925048022018	0.357192406503719	0.0537267990482728	0.277558832511068	0.844466126794123	2.26544503177634	0.202477115663837	1.20284137431867
0.820000000000001	76	31	10.241134751773	0.0408925048022018	0.357192406503719	0.0537267990482728	0.277558832511068	0.843667519787551	2.26544503177634	0.202477115663837	1.20284137431867
0.830000000000001	76	31	10.241134751773	0.0408925048022018	0.357192406503719	0.0537267990482728	0.277558832511068	0.84407942532501	2.26544503177634	0.202477115663837	1.20284137431867
0.840000000000001	76	30	10.0627177700348	0.0422555882956085	0.361747081379819	0.0554887757605749	0.279017945228361	0.831676696674603	2.26619621136705	0.211280206208187	1.10818830799017
0.850000000000001	76	30	10.0627177700348	0.0422555882956085	0.361747081379819	0.0554887757605749	0.279017945228361	0.823427786625851	2.26619621136705	0.211280206208187	1.10818830799017
0.860000000000001	76	30	10.0627177700348	0.0422555882956085	0.361747081379819	0.0554887757605749	0.279017945228361	0.827395688349418	2.26619621136705	0.211280206208187	1.10818830799017
0.870000000000001	76	29	10.0277777777778	0.0437126775471813	0.36705557646963	0.0656377448638698	0.289006884739806	0.811013241171135	2.28388163409852	0.248486993663642	1.04001714246274
0.880000000000001	76	29	10.0277777777778	0.0437126775471813	0.36705557646963	0.0656377448638698	0.289006884739806	0.802879366149799	2.28388163409852	0.248486993663642	1.04001714246274
0.890000000000001	76	29	10.0277777777778	0.0437126775471813	0.36705557646963	0.0656377448638698	0.289006884739805	0.810283704071951	2.28388163409852	0.248486993663642	1.04001714246274
0.900000000000001	76	29	10.0277777777778	0.0437126775471813	0.36705557646963	0.0656377448638698	0.289006884739806	0.806640302896312	2.28388163409852	0.248486993663642	1.04001714246274
0.910000000000001	76	28	9.99307958477509	0.0452738446024377	0.368566037987876	0.0765116403316858	0.299809429516329	0.782557425142172	2.31032023535273	0.289591535223058	1.04638181720124
0.920000000000001	76	27	9.85665529010239	0.0454269453175015	0.361716033744231	0.0842960462471403	0.30847677334262	0.775619179967046	2.32943878919848	0.305847949935023	1.06784061928449
0.930000000000001	76	27	9.85665529010239	0.0454269453175015	0.361716033744231	0.0842960462471403	0.30847677334262	0.755543072167621	2.32943878919848	0.305847949935023	1.06784061928449
0.940000000000001	76	27	9.85665529010239	0.0454269453175015	0.361716033744231	0.0842960462471403	0.30847677334262	0.774622814952926	2.32943878919848	0.305847949935023	1.06784061928449
0.950000000000001	76	27	9.85665529010239	0.0454269453175015	0.361716033744231	0.0842960462471403	0.30847677334262	0.76278739624272	2.32943878919848	0.305847949935023	1.06784061928449
0.960000000000001	76	27	9.25641025641026	0.0454269453175015	0.361015831582806	0.080527194924828	0.307500500269438	0.773221460685198	2.32888761706914	0.285465320169312	1.06784061928449
0.970000000000001	76	26	9.22683706070288	0.0471741355220207	0.367790158039408	0.0836243947296291	0.310493005829467	0.730705406931831	2.3456312588108	0.333508689021978	1.00360804309585
0.980000000000001	76	26	9.22683706070288	0.0471741355220207	0.367790158039408	0.0836243947296291	0.310493005829467	0.738826323844572	2.34563125881079	0.333508689021978	1.00360804309585
0.990000000000001	76	25	9.05329153605016	0.0490611009429016	0.372924700547544	0.086819357535473	0.31343084806954	0.73232389044999	2.3580442590741	0.347806378697143	1.06428044547184
1	76	24	8.99688473520249	0.0511053134821891	0.377567137186257	0.0995750730061127	0.325984569703309	0.729204154749696	2.37356925007313	0.366464735170635	0.964227606774811
1.01	76	24	8.99688473520249	0.0511053134821891	0.377567137186257	0.0995750730061127	0.325984569703309	0.727100860283749	2.37356925007313	0.366464735170635	0.964227606774811
1.02	76	23	8.94117647058824	0.0717106773067637	0.394507889041116	0.113439981126373	0.33930914339875	0.684219915771273	2.40573114731806	0.409490186554865	1.04129458667879
1.03	76	23	8.94117647058824	0.0717106773067637	0.394507889041116	0.113439981126373	0.33930914339875	0.684219915771273	2.40573114731806	0.409490186554865	1.04129458667879
1.04	76	23	8.94117647058824	0.0717106773067637	0.394507889041116	0.113439981126373	0.33930914339875	0.68823506021612	2.40573114731806	0.409490186554865	1.04129458667879
1.05	76	22	8.85889570552147	0.087144733047181	0.408496610468725	0.124911306568144	0.351209952617574	0.666320554846167	2.44463642981712	0.437047311246753	1.04794755264184
1.06	76	21	8.75151515151515	0.0912944822399039	0.413106723999976	0.13085946402377	0.356201374351125	0.661762876071789	2.48368594954305	0.467098878814059	1.04794755264184
1.07	76	21	8.75151515151515	0.0912944822399039	0.413106723999976	0.13085946402377	0.356201374351125	0.656306856999025	2.48368594954305	0.467098878814059	1.04794755264185
1.08	76	21	8.75151515151515	0.0912944822399039	0.413106723999976	0.13085946402377	0.356201374351125	0.661762876071789	2.48368594954305	0.467098878814059	1.04794755264184
1.09	76	21	8.75151515151515	0.0912944822399039	0.413106723999976	0.13085946402377	0.356201374351125	0.643886942050201	2.48368594954305	0.467098878814059	1.04794755264184
1.1	76	21	8.75151515151515	0.0912944822399039	0.413106723999976	0.13085946402377	0.356201374351125	0.661762876071789	2.48368594954305	0.467098878814059	1.04794755264185
1.11	76	20	8.69879518072289	0.0958592063518991	0.420939138064769	0.144387805775703	0.370004324202001	0.607073079480956	2.48911743665815	0.510892495921429	0.87321960112148
1.12	76	20	8.69879518072289	0.0965279784774534	0.420223761610873	0.152746902263927	0.379020891585736	0.61993972439203	2.48830694864762	0.524342000054762	0.87321960112148
1.13	76	19	8.18130311614731	0.101608398397319	0.428135788073754	0.163574853718394	0.390132631553166	0.589421655417299	2.51207057097295	0.554735613886307	0.881900377252801
1.14	76	19	8.18130311614731	0.101608398397319	0.428135788073754	0.163574853718394	0.390132631553166	0.576563064084308	2.51207057097295	0.554735613886307	0.881900377252801
1.15	76	19	8.18130311614731	0.101608398397319	0.428135788073754	0.163574853718394	0.390132631553166	0.576563064084308	2.51207057097295	0.554735613886307	0.881900377252801
1.16	76	18	5.69625246548324	0.107253309419393	0.440580174083298	0.153395752687211	0.381105062643784	0.603521370411178	2.53622739113424	0.542781811925105	0.928337698184199
1.17	76	17	5.67387033398821	0.138433977884241	0.467799974935183	0.175320080125275	0.401691000551166	0.596780382648158	2.59591916586455	0.596336475567758	0.939603162729511
1.18	76	17	5.67387033398821	0.138433977884241	0.467799974935183	0.175320080125275	0.401691000551166	0.600531414615315	2.59591916586455	0.596336475567758	0.939603162729511
1.19	76	17	5.67387033398821	0.138433977884241	0.467799974935183	0.175320080125275	0.401691000551166	0.600531414615314	2.59591916586455	0.596336475567758	0.939603162729511
1.2	76	17	5.67387033398821	0.138433977884241	0.467799974935183	0.175320080125275	0.401691000551166	0.596780382648157	2.59591916586455	0.596336475567758	0.939603162729511
1.21	76	14	4.25958702064897	0.156290107953315	0.471777174438079	0.191198858598061	0.424615689581695	0.577079075277032	2.72809971622818	0.590256276305649	1.11249703801352
1.22	76	14	4.25958702064897	0.156290107953315	0.471777174438079	0.191198858598061	0.424615689581695	0.577079075277032	2.72809971622818	0.590256276305649	1.11249703801352
1.23	76	13	4.20991253644315	0.165418602321985	0.485130149244385	0.20134348342502	0.440947704675789	0.575628087818339	2.81326758978318	0.604830911021468	1.19376960828707
1.24	76	13	4.20991253644315	0.165418602321985	0.485130149244385	0.20134348342502	0.440947704675789	0.575628087818339	2.81326758978318	0.604830911021469	1.19376960828707
1.25	76	13	4.20991253644315	0.165418602321985	0.485130149244385	0.20134348342502	0.440947704675789	0.575628087818339	2.81326758978318	0.604830911021469	1.19376960828707
1.26	76	13	4.20991253644315	0.165418602321985	0.485130149244385	0.20134348342502	0.440947704675789	0.575628087818339	2.81326758978318	0.604830911021469	1.19376960828707
1.27	76	13	4.20991253644315	0.165418602321985	0.485130149244385	0.20134348342502	0.440947704675789	0.575628087818339	2.81326758978318	0.604830911021469	1.19376960828707
1.28	76	13	4.20991253644315	0.165418602321985	0.485130149244385	0.20134348342502	0.440947704675789	0.575628087818339	2.81326758978318	0.604830911021469	1.19376960828707
1.29	76	13	4.16138328530259	0.153850173085785	0.485004046378016	0.192315859934141	0.437502673066624	0.576602160356943	2.81084795644985	0.559180862713776	1.19340976722627
1.3	76	13	4.16138328530259	0.153850173085785	0.485004046378016	0.192315859934141	0.437502673066624	0.576602160356943	2.81084795644985	0.559180862713776	1.19340976722627
1.31	76	12	4.12571428571429	0.164553956317536	0.494451026978909	0.208029654546692	0.4546126989541	0.535374748789271	2.87768445066234	0.617909492939924	1.21223622518633
1.32	76	12	4.12571428571429	0.164553956317536	0.494451026978909	0.208029654546692	0.4546126989541	0.535374748789271	2.87768445066234	0.617909492939924	1.21223622518633
1.33	76	12	4.12571428571429	0.164553956317536	0.494451026978909	0.208029654546692	0.4546126989541	0.544560856866514	2.87768445066234	0.617909492939924	1.21223622518633
1.34	76	12	4.11982881597718	0.16480363631369	0.495106206401929	0.208477603097149	0.455785346504703	0.5632323913071	2.87896695877897	0.614359038574845	1.15349067111224
1.35	76	12	4.11982881597718	0.16480363631369	0.495106206401929	0.208477603097149	0.455785346504703	0.545983407287772	2.87896695877897	0.614359038574845	1.15349067111224
1.36	76	12	4.11982881597718	0.16480363631369	0.495106206401929	0.208477603097149	0.455785346504703	0.55832328936698	2.87896695877897	0.614359038574845	1.15349067111224
1.37	76	12	4.11982881597718	0.16480363631369	0.495106206401929	0.208477603097149	0.455785346504703	0.5632323913071	2.87896695877897	0.614359038574845	1.15349067111224
1.38	76	12	4.11982881597718	0.16480363631369	0.495106206401929	0.208477603097149	0.455785346504703	0.5632323913071	2.87896695877897	0.614359038574845	1.15349067111224
1.39	76	12	4.11982881597718	0.16480363631369	0.495106206401929	0.208477603097149	0.455785346504703	0.55832328936698	2.87896695877897	0.614359038574845	1.15349067111224
1.4	76	12	4.11982881597718	0.16480363631369	0.495106206401929	0.20847760309715	0.455785346504703	0.558447887411187	2.87896695877897	0.614359038574845	1.15349067111224
1.41	76	11	3.98344827586207	0.155588865157729	0.490775635359289	0.209415693452957	0.464657402587565	0.543608412836163	2.96695550375579	0.603735204849326	1.08232538093018
1.42	76	11	3.98344827586207	0.155588865157729	0.490775635359289	0.209415693452957	0.464657402587565	0.543608412836163	2.96695550375579	0.603735204849326	1.08232538093018
1.43	76	11	3.98344827586207	0.155588865157729	0.490775635359289	0.209415693452957	0.464657402587565	0.524827814982685	2.96695550375579	0.603735204849326	1.08232538093018
1.44	76	11	3.98344827586207	0.155588865157729	0.490775635359289	0.209415693452957	0.464657402587565	0.543608412836163	2.96695550375579	0.603735204849326	1.08232538093018
1.45	76	10	3.9399727148704	0.190169186010922	0.523298155908372	0.236656269114148	0.494673185393984	0.505883718027533	3.08492155784781	0.671236592183465	1.08827849604434
1.46	76	10	3.9399727148704	0.190169186010922	0.523298155908372	0.236656269114148	0.494673185393984	0.505883718027533	3.08492155784781	0.671236592183465	1.08827849604434
1.47	76	9	3.66963151207116	0.171849329680969	0.507667779670714	0.223830321596869	0.486916230594861	0.530799255858778	3.19794442380692	0.626669664149176	1.27477646563902
1.48	76	9	3.66963151207116	0.171849329680969	0.507667779670715	0.223830321596869	0.486916230594861	0.530799255858778	3.19794442380692	0.626669664149176	1.27477646563902
1.49	76	9	3.21245828698554	0.14025242508975	0.478714285378283	0.216118795104918	0.476686668848136	0.556984490392192	3.22212358233553	0.622192491442954	1.27477646563902
1.5	76	9	3.21245828698554	0.14025242508975	0.478714285378283	0.216118795104918	0.476686668848135	0.556984490392192	3.22212358233553	0.622192491442954	1.27477646563902
1.51	76	9	3.21245828698554	0.14025242508975	0.478714285378283	0.216118795104918	0.476686668848136	0.556984490392192	3.22212358233553	0.622192491442954	1.27477646563902
1.52	76	9	3.21245828698554	0.14025242508975	0.478714285378283	0.216118795104918	0.476686668848136	0.556984490392193	3.22212358233553	0.622192491442954	1.27477646563902
1.53	76	9	3.10871905274489	0.172268723791345	0.52007201673082	0.227889542795597	0.493200900281902	0.56575194110556	3.2167958576488	0.591113105113148	1.16506833241833
1.54	76	9	3.10871905274489	0.172268723791345	0.52007201673082	0.227889542795597	0.493200900281902	0.564973557064575	3.2167958576488	0.591113105113148	1.16506833241833
1.55	76	9	3.01147028154327	0.167636343677617	0.520539932322523	0.230096954800561	0.502213997165911	0.551499862018508	3.20252306229386	0.603904794300932	1.02846041172963
1.56	76	9	3.01147028154327	0.167636343677617	0.520539932322523	0.230096954800561	0.502213997165911	0.551499862018508	3.20252306229386	0.603904794300932	1.02846041172962
1.57	76	9	3.06256627783669	0.169890402039602	0.520155879781102	0.229525454451797	0.498309874410216	0.556198931057417	3.21045171823441	0.601593172487417	1.08886914555374
1.58	76	9	3.10871905274489	0.172268723791345	0.52007201673082	0.250204667097528	0.518749032437197	0.538894423934036	3.20654250806238	0.627458481441398	1.06782710605778
1.59	76	9	3.10871905274489	0.172268723791345	0.52007201673082	0.250204667097528	0.518749032437197	0.542787205984917	3.20654250806238	0.627458481441398	1.06782710605778
1.6	76	9	3.10871905274489	0.172268723791345	0.52007201673082	0.250204667097528	0.518749032437197	0.538894423934036	3.20654250806238	0.627458481441398	1.06782710605778
1.61	76	9	3.10871905274489	0.172268723791345	0.52007201673082	0.250204667097528	0.518749032437197	0.538894423934035	3.20654250806238	0.627458481441398	1.06782710605778
1.62	76	8	3.01147028154327	0.220531921745679	0.581234260435092	0.264790508080127	0.547732509333696	0.477816930680182	3.34786513988705	0.690035852659451	1.00001382391197
1.63	76	8	3.01147028154327	0.220531921745679	0.581234260435092	0.264790508080127	0.547732509333696	0.477816930680181	3.34786513988705	0.690035852659451	1.00001382391197
1.64	76	8	3.01147028154327	0.220531921745679	0.581234260435092	0.264790508080127	0.547732509333696	0.477816930680181	3.34786513988705	0.690035852659451	1.00001382391197
1.65	76	7	2.44331641285956	0.201658275332654	0.593754262322632	0.212193514244428	0.509550325361542	0.509657249470606	3.53351005529114	0.557160792560364	0.991963165173502
1.66	76	7	2.44331641285956	0.201658275332654	0.593754262322632	0.212193514244428	0.509550325361542	0.509657249470607	3.53351005529114	0.557160792560364	0.991963165173503
1.67	76	7	2.44331641285956	0.201658275332654	0.593754262322632	0.212193514244429	0.509550325361542	0.509657249470607	3.53351005529114	0.557160792560364	0.991963165173503
1.68	76	7	2.44331641285956	0.201658275332654	0.593754262322632	0.212193514244429	0.509550325361542	0.509657249470606	3.53351005529114	0.557160792560364	0.991963165173503
1.69	76	7	2.44331641285956	0.201658275332654	0.593754262322632	0.212193514244428	0.509550325361542	0.509657249470607	3.53351005529114	0.557160792560364	0.991963165173503
1.7	76	6	2.21812596006144	0.22585809944319	0.626613549718794	0.246292180859066	0.564016238305692	0.52304407365706	3.79251607871517	0.498354216329655	1.16413305502477
1.71	76	6	2.21812596006144	0.22585809944319	0.626613549718794	0.246292180859067	0.564016238305692	0.523044073657059	3.79251607871517	0.498354216329655	1.16413305502477
1.72	76	6	2.21812596006144	0.22585809944319	0.626613549718794	0.246292180859066	0.564016238305692	0.523044073657059	3.79251607871517	0.498354216329655	1.16413305502477
1.73	76	6	2.21812596006144	0.22585809944319	0.626613549718794	0.246292180859066	0.564016238305692	0.52304407365706	3.79251607871517	0.498354216329655	1.16413305502477
1.74	76	6	2.21812596006144	0.22585809944319	0.626613549718794	0.246292180859066	0.564016238305692	0.523044073657059	3.79251607871517	0.498354216329655	1.16413305502477
1.75	76	6	2.21812596006144	0.22585809944319	0.626613549718794	0.246292180859066	0.564016238305692	0.52304407365706	3.79251607871517	0.498354216329655	1.16413305502477
1.76	76	6	2.21812596006144	0.22585809944319	0.626613549718794	0.246292180859066	0.564016238305692	0.523044073657059	3.79251607871517	0.498354216329655	1.16413305502477
1.77	76	6	2.20964039785769	0.236288315099049	0.641412798792531	0.251033810649998	0.570686380100546	0.525519828755228	3.79319150533903	0.506958740336155	1.15512815172017
1.78	76	6	2.20964039785769	0.236288315099049	0.641412798792531	0.251033810649998	0.570686380100546	0.525519828755228	3.79319150533903	0.506958740336155	1.15512815172017
1.79	76	6	2.20964039785769	0.236288315099049	0.641412798792531	0.251033810649998	0.570686380100546	0.525519828755228	3.79319150533903	0.506958740336155	1.15512815172017
1.8	76	6	2.20964039785769	0.236288315099049	0.641412798792531	0.251033810649998	0.570686380100546	0.525519828755228	3.79319150533903	0.506958740336155	1.15512815172017
1.81	76	6	2.09427121102248	0.260769372647235	0.680002849982524	0.263826535844748	0.590764337343113	0.543899907340636	3.79675924946337	0.543340417149357	1.14229055815032
1.82	76	6	2.09427121102248	0.260769372647235	0.680002849982524	0.263826535844748	0.590764337343113	0.543899907340636	3.79675924946337	0.543340417149357	1.14229055815033
1.83	76	6	2.09427121102248	0.260769372647235	0.680002849982524	0.263826535844748	0.590764337343113	0.543899907340637	3.79675924946337	0.543340417149358	1.14229055815032
1.84	76	6	2.18291761148904	0.265332425373702	0.686658850733425	0.27456928248936	0.607476060864241	0.547053876372856	3.78705145747863	0.548297105783416	1.08959322079891
1.85	76	6	2.18291761148904	0.265332425373702	0.686658850733425	0.27456928248936	0.607476060864241	0.547053876372855	3.78705145747863	0.548297105783417	1.08959322079891
1.86	76	6	2.18291761148904	0.265332425373702	0.686658850733425	0.27456928248936	0.607476060864241	0.547053876372856	3.78705145747863	0.548297105783416	1.08959322079891
1.87	76	6	2.18291761148904	0.265332425373702	0.686658850733425	0.27456928248936	0.607476060864241	0.547053876372855	3.78705145747863	0.548297105783416	1.08959322079891
1.88	76	6	2.14402375649592	0.262465148170978	0.682466467485333	0.274009391755774	0.606769206646677	0.553844613250362	3.78676469135899	0.5541928645802	1.10220007241585
1.89	76	6	2.14402375649592	0.262465148170978	0.682466467485333	0.274009391755774	0.606769206646677	0.553844613250361	3.78676469135899	0.554192864580198	1.10220007241585
1.9	76	6	2.14402375649592	0.262465148170978	0.682466467485333	0.274009391755774	0.606769206646677	0.553844613250361	3.786764691359	0.554192864580199	1.10220007241585
1.91	76	5	1.11333847340015	0.189992842825362	0.661383407884951	0.194879748286694	0.53568518140459	0.600000000000001	4.13539038091667	0.358966153185447	1.3725773798664
1.92	76	5	1.11333847340015	0.189992842825362	0.661383407884951	0.194879748286694	0.535685181404589	0.6	4.13539038091667	0.358966153185446	1.3725773798664
1.93	76	5	1.11333847340015	0.189992842825362	0.661383407884951	0.194879748286694	0.53568518140459	0.600000000000001	4.13539038091667	0.358966153185447	1.3725773798664
1.94	76	5	1.11333847340015	0.189992842825362	0.661383407884951	0.194879748286694	0.53568518140459	0.600000000000001	4.13539038091667	0.358966153185447	1.3725773798664
1.95	76	5	1.11333847340015	0.189992842825362	0.661383407884951	0.194879748286694	0.535685181404589	0.600000000000001	4.13539038091667	0.358966153185446	1.3725773798664
1.96	76	5	1.11333847340015	0.189992842825362	0.661383407884951	0.194879748286694	0.535685181404589	0.6	4.13539038091667	0.358966153185446	1.3725773798664
1.97	76	5	1.11333847340015	0.189992842825362	0.661383407884951	0.194879748286694	0.535685181404589	0.6	4.13539038091667	0.358966153185446	1.3725773798664
1.98	76	5	1.11333847340015	0.189992842825362	0.661383407884951	0.194879748286694	0.53568518140459	0.6	4.13539038091667	0.358966153185446	1.3725773798664
1.99	76	5	1.11333847340015	0.189992842825362	0.661383407884951	0.194879748286694	0.53568518140459	0.6	4.13539038091667	0.358966153185447	1.3725773798664
2	76	5	1.11333847340015	0.189992842825362	0.661383407884951	0.194879748286694	0.53568518140459	0.600000000000001	4.13539038091667	0.358966153185446	1.3725773798664
2.01	76	5	1.11333847340015	0.189992842825362	0.661383407884951	0.194879748286694	0.53568518140459	0.6	4.13539038091667	0.358966153185447	1.3725773798664
2.02	76	5	1.11333847340015	0.189992842825362	0.661383407884951	0.194879748286694	0.53568518140459	0.600000000000001	4.13539038091667	0.358966153185446	1.3725773798664
2.03	76	5	1.11333847340015	0.189992842825362	0.661383407884951	0.194879748286694	0.53568518140459	0.600000000000001	4.13539038091667	0.358966153185446	1.3725773798664
2.04	76	5	1.11333847340015	0.189992842825362	0.661383407884951	0.194879748286694	0.535685181404589	0.600000000000001	4.13539038091667	0.358966153185447	1.3725773798664
2.05	76	5	1.11333847340015	0.189992842825362	0.661383407884951	0.194879748286694	0.535685181404589	0.600000000000001	4.13539038091667	0.358966153185445	1.3725773798664
2.06	76	5	1.11333847340015	0.189992842825362	0.661383407884951	0.194879748286694	0.53568518140459	0.600000000000001	4.13539038091667	0.358966153185445	1.3725773798664
2.07	76	5	1.11333847340015	0.189992842825362	0.661383407884951	0.194879748286694	0.535685181404589	0.6	4.13539038091667	0.358966153185446	1.3725773798664
2.08	76	5	1.11333847340015	0.189992842825362	0.661383407884951	0.194879748286694	0.535685181404589	0.600000000000001	4.13539038091667	0.358966153185447	1.3725773798664
2.09	76	4	1.08327081770443	0.239726552795152	0.716645660157224	0.243109771753018	0.610321519268882	0.5	3.64226288577626	0.463165727960426	1.3297314337399
2.1	76	4	1.08327081770443	0.239726552795152	0.716645660157224	0.243109771753018	0.610321519268882	0.499999999999999	3.64226288577626	0.463165727960427	1.32973143373989
2.11	76	4	1.08327081770443	0.239726552795152	0.716645660157224	0.243109771753018	0.610321519268882	0.499999999999999	3.64226288577626	0.463165727960426	1.3297314337399
2.12	76	4	1.08327081770443	0.239726552795152	0.716645660157224	0.243109771753018	0.610321519268882	0.499999999999999	3.64226288577626	0.463165727960426	1.3297314337399
2.13	76	4	1.08327081770443	0.239726552795152	0.716645660157224	0.243109771753018	0.610321519268882	0.499999999999999	3.64226288577626	0.463165727960427	1.32973143373989
2.14	76	4	1.08327081770443	0.239726552795152	0.716645660157224	0.243109771753018	0.610321519268882	0.499999999999999	3.64226288577626	0.463165727960427	1.32973143373989
2.15	76	4	1.08327081770443	0.239726552795152	0.716645660157224	0.243109771753018	0.610321519268882	0.499999999999999	3.64226288577626	0.463165727960427	1.32973143373989
2.16	76	4	1.08327081770443	0.239726552795152	0.716645660157224	0.243109771753018	0.610321519268882	0.5	3.64226288577626	0.463165727960427	1.32973143373989
2.17	76	4	1.08327081770443	0.239726552795152	0.716645660157224	0.243109771753018	0.610321519268882	0.5	3.64226288577626	0.463165727960427	1.32973143373989
2.18	76	4	1.08327081770443	0.239726552795152	0.716645660157224	0.243109771753018	0.610321519268882	0.499999999999999	3.64226288577626	0.463165727960427	1.32973143373989
2.19	76	4	1.08327081770443	0.239726552795152	0.716645660157224	0.243109771753018	0.610321519268882	0.499999999999999	3.64226288577626	0.463165727960426	1.32973143373989
2.2	76	4	1.08327081770443	0.239726552795152	0.716645660157224	0.243109771753018	0.610321519268882	0.5	3.64226288577626	0.463165727960427	1.32973143373989
2.21	76	4	1.08327081770443	0.239726552795152	0.716645660157224	0.243109771753018	0.610321519268882	0.5	3.64226288577626	0.463165727960428	1.32973143373989
2.22	76	4	1.08327081770443	0.239726552795152	0.716645660157224	0.243109771753018	0.610321519268882	0.499999999999999	3.64226288577626	0.463165727960427	1.32973143373989
2.23	76	5	1.11333847340015	0.189992842825362	0.661383407884951	0.194879748286694	0.535685181404589	0.600000000000001	4.13539038091667	0.358966153185446	1.3725773798664
2.24	76	5	1.11333847340015	0.189992842825362	0.661383407884951	0.194879748286694	0.53568518140459	0.600000000000001	4.13539038091667	0.358966153185446	1.3725773798664
2.25	76	5	1.11333847340015	0.189992842825362	0.661383407884951	0.194879748286694	0.53568518140459	0.6	4.13539038091667	0.358966153185445	1.3725773798664
2.26	76	5	1.11333847340015	0.189992842825362	0.661383407884951	0.194879748286694	0.53568518140459	0.600000000000001	4.13539038091667	0.358966153185446	1.3725773798664
2.27	76	5	1.11333847340015	0.189992842825362	0.661383407884951	0.194879748286694	0.53568518140459	0.6	4.13539038091667	0.358966153185446	1.3725773798664
2.28	76	5	1.11333847340015	0.189992842825362	0.661383407884951	0.194879748286694	0.535685181404589	0.600000000000001	4.13539038091667	0.358966153185447	1.3725773798664
2.29	76	5	1.11333847340015	0.189992842825362	0.661383407884951	0.194879748286694	0.535685181404589	0.600000000000001	4.13539038091667	0.358966153185447	1.3725773798664
2.29999999999999	76	5	1.11333847340015	0.189992842825362	0.661383407884951	0.194879748286694	0.53568518140459	0.6	4.13539038091667	0.358966153185446	1.3725773798664
2.30999999999999	76	4	1.08327081770443	0.239726552795152	0.716645660157224	0.243109771753018	0.610321519268882	0.499999999999999	3.64226288577626	0.463165727960427	1.32973143373989
2.31999999999999	76	4	1.08327081770443	0.239726552795152	0.716645660157224	0.243109771753018	0.610321519268882	0.5	3.64226288577626	0.463165727960427	1.32973143373989
2.32999999999999	76	4	1.08327081770443	0.239726552795152	0.716645660157224	0.243109771753018	0.610321519268882	0.499999999999999	3.64226288577626	0.463165727960427	1.32973143373989
2.33999999999999	76	3	1.0543994158452	0.331166588408731	0.817968691501003	0.32798778129683	0.740982412381107	0.33746875796357	4.01374280693694	0.625038524439098	1.68456434060549
2.34999999999999	76	3	1.0543994158452	0.331166588408731	0.817968691501003	0.32798778129683	0.740982412381107	0.337468757963573	4.01374280693694	0.625038524439097	1.68456434060549
2.35999999999999	76	3	1.0543994158452	0.331166588408731	0.817968691501003	0.32798778129683	0.740982412381107	0.337468757963573	4.01374280693694	0.625038524439099	1.68456434060548
2.36999999999999	76	3	1.0543994158452	0.331166588408731	0.817968691501003	0.32798778129683	0.740982412381107	0.337468757963573	4.01374280693694	0.625038524439098	1.68456434060548
2.37999999999999	76	3	1.0543994158452	0.331166588408731	0.817968691501003	0.32798778129683	0.740982412381107	0.337468757963573	4.01374280693694	0.625038524439098	1.68456434060549
2.38999999999999	76	3	1.0543994158452	0.331166588408731	0.817968691501003	0.32798778129683	0.740982412381107	0.337468757963573	4.01374280693694	0.625038524439097	1.68456434060549
2.39999999999999	76	3	1.0543994158452	0.331166588408731	0.817968691501003	0.32798778129683	0.740982412381107	0.337468757963573	4.01374280693694	0.625038524439096	1.68456434060549
2.40999999999999	76	3	1.0543994158452	0.331166588408731	0.817968691501003	0.32798778129683	0.740982412381107	0.337468757963573	4.01374280693694	0.625038524439098	1.68456434060549
2.41999999999999	76	3	1.0543994158452	0.331166588408731	0.817968691501003	0.32798778129683	0.740982412381107	0.337468757963573	4.01374280693694	0.625038524439097	1.68456434060549
2.42999999999999	76	3	1.0543994158452	0.331166588408731	0.817968691501003	0.32798778129683	0.740982412381107	0.337468757963573	4.01374280693694	0.625038524439098	1.68456434060549
2.43999999999999	76	3	1.0543994158452	0.331166588408731	0.817968691501003	0.32798778129683	0.740982412381107	0.337468757963573	4.01374280693694	0.625038524439096	1.68456434060549
2.44999999999999	76	3	1.0543994158452	0.331166588408731	0.817968691501003	0.32798778129683	0.740982412381107	0.337468757963573	4.01374280693694	0.625038524439097	1.68456434060549
2.45999999999999	76	3	1.0543994158452	0.331166588408731	0.817968691501003	0.32798778129683	0.740982412381107	0.337468757963573	4.01374280693694	0.625038524439096	1.68456434060549
2.46999999999999	76	2	1.02666192676857	0.503684109989737	1	0.497621186081985	1	6.81746326058885e-16	3.74786228093333	0.954672950072074	1.96290377801654
2.47999999999999	76	2	1.02666192676857	0.503684109989737	1	0.497621186081985	1	6.66133814775094e-16	3.74786228093333	0.954672950072074	1.96290377801654
2.48999999999999	76	3	1.0543994158452	0.331166588408731	0.817968691501003	0.32798778129683	0.740982412381107	0.337468757963573	4.01374280693694	0.625038524439098	1.68456434060548
2.49999999999999	76	3	1.0543994158452	0.331166588408731	0.817968691501003	0.32798778129683	0.740982412381107	0.337468757963573	4.01374280693694	0.625038524439098	1.68456434060549
2.50999999999999	76	3	1.0543994158452	0.331166588408731	0.817968691501003	0.32798778129683	0.740982412381107	0.337468757963573	4.01374280693694	0.625038524439097	1.68456434060549
2.51999999999999	76	3	1.0543994158452	0.331166588408731	0.817968691501003	0.32798778129683	0.740982412381107	0.337468757963573	4.01374280693694	0.625038524439098	1.68456434060549
2.52999999999999	76	3	1.0543994158452	0.331166588408731	0.817968691501003	0.32798778129683	0.740982412381107	0.337468757963573	4.01374280693694	0.625038524439098	1.68456434060549
2.53999999999999	76	3	1.0543994158452	0.331166588408731	0.817968691501003	0.32798778129683	0.740982412381107	0.337468757963573	4.01374280693694	0.625038524439099	1.68456434060548
2.54999999999999	76	3	1.0543994158452	0.331166588408731	0.817968691501003	0.32798778129683	0.740982412381107	0.33746875796357	4.01374280693694	0.625038524439096	1.68456434060549
2.55999999999999	76	3	1.0543994158452	0.331166588408731	0.817968691501003	0.32798778129683	0.740982412381107	0.337468757963573	4.01374280693694	0.625038524439097	1.68456434060549
2.56999999999999	76	3	1.0543994158452	0.331166588408731	0.817968691501003	0.32798778129683	0.740982412381107	0.33746875796357	4.01374280693694	0.625038524439097	1.68456434060549
2.57999999999999	76	3	1.0543994158452	0.331166588408731	0.817968691501003	0.32798778129683	0.740982412381107	0.33746875796357	4.01374280693694	0.625038524439098	1.68456434060549
2.58999999999999	76	3	1.0543994158452	0.331166588408731	0.817968691501003	0.32798778129683	0.740982412381107	0.337468757963573	4.01374280693694	0.625038524439097	1.68456434060549
2.59999999999999	76	3	1.0543994158452	0.331166588408731	0.817968691501003	0.32798778129683	0.740982412381107	0.33746875796357	4.01374280693694	0.625038524439098	1.68456434060549
2.60999999999999	76	3	1.0543994158452	0.331166588408731	0.817968691501003	0.32798778129683	0.740982412381107	0.337468757963573	4.01374280693694	0.625038524439097	1.68456434060549
2.61999999999999	76	3	1.0543994158452	0.331166588408731	0.817968691501003	0.32798778129683	0.740982412381107	0.337468757963573	4.01374280693694	0.625038524439096	1.68456434060549
2.62999999999999	76	3	1.0543994158452	0.331166588408731	0.817968691501003	0.32798778129683	0.740982412381107	0.337468757963573	4.01374280693694	0.625038524439098	1.68456434060549
2.63999999999999	76	3	1.0543994158452	0.331166588408731	0.817968691501003	0.32798778129683	0.740982412381107	0.337468757963573	4.01374280693694	0.625038524439095	1.68456434060549
2.64999999999999	76	3	1.0543994158452	0.331166588408731	0.817968691501003	0.32798778129683	0.740982412381107	0.337468757963573	4.01374280693694	0.625038524439097	1.68456434060549
2.65999999999999	76	3	1.0543994158452	0.331166588408731	0.817968691501003	0.32798778129683	0.740982412381107	0.33746875796357	4.01374280693694	0.625038524439097	1.68456434060549
2.66999999999999	76	3	1.0543994158452	0.331166588408731	0.817968691501003	0.32798778129683	0.740982412381107	0.33746875796357	4.01374280693694	0.625038524439097	1.68456434060549
2.67999999999999	76	3	1.0543994158452	0.331166588408731	0.817968691501003	0.32798778129683	0.740982412381107	0.337468757963573	4.01374280693694	0.625038524439098	1.68456434060548
2.68999999999999	76	3	1.0543994158452	0.331166588408731	0.817968691501003	0.32798778129683	0.740982412381107	0.337468757963573	4.01374280693694	0.625038524439098	1.68456434060548
2.69999999999999	76	3	1.0543994158452	0.331166588408731	0.817968691501003	0.32798778129683	0.740982412381107	0.337468757963573	4.01374280693694	0.625038524439098	1.68456434060549
2.70999999999999	76	3	1.0543994158452	0.331166588408731	0.817968691501003	0.32798778129683	0.740982412381107	0.33746875796357	4.01374280693694	0.625038524439098	1.68456434060549
2.71999999999999	76	3	1.0543994158452	0.331166588408731	0.817968691501003	0.32798778129683	0.740982412381107	0.337468757963573	4.01374280693694	0.625038524439098	1.68456434060549
2.72999999999999	76	3	1.0543994158452	0.331166588408731	0.817968691501003	0.32798778129683	0.740982412381107	0.337468757963573	4.01374280693694	0.625038524439098	1.68456434060549
2.73999999999999	76	3	1.0543994158452	0.331166588408731	0.817968691501003	0.32798778129683	0.740982412381107	0.337468757963573	4.01374280693694	0.625038524439097	1.68456434060549
2.74999999999999	76	3	1.0543994158452	0.331166588408731	0.817968691501003	0.32798778129683	0.740982412381107	0.337468757963573	4.01374280693694	0.625038524439098	1.68456434060549
2.75999999999999	76	3	1.0543994158452	0.331166588408731	0.817968691501003	0.32798778129683	0.740982412381107	0.33746875796357	4.01374280693694	0.625038524439096	1.68456434060549
2.76999999999998	76	3	1.0543994158452	0.331166588408731	0.817968691501003	0.32798778129683	0.740982412381107	0.337468757963573	4.01374280693694	0.625038524439098	1.68456434060548
2.77999999999998	76	3	1.0543994158452	0.331166588408731	0.817968691501003	0.32798778129683	0.740982412381107	0.337468757963573	4.01374280693694	0.625038524439096	1.68456434060549
2.78999999999998	76	3	1.0543994158452	0.331166588408731	0.817968691501003	0.32798778129683	0.740982412381107	0.33746875796357	4.01374280693694	0.625038524439097	1.68456434060549
2.79999999999998	76	3	1.0543994158452	0.331166588408731	0.817968691501003	0.32798778129683	0.740982412381107	0.337468757963573	4.01374280693694	0.625038524439098	1.68456434060549
2.80999999999998	76	3	1.0543994158452	0.331166588408731	0.817968691501003	0.32798778129683	0.740982412381107	0.337468757963573	4.01374280693694	0.625038524439098	1.68456434060549
2.81999999999998	76	3	1.0543994158452	0.331166588408731	0.817968691501003	0.32798778129683	0.740982412381107	0.337468757963573	4.01374280693694	0.625038524439098	1.68456434060549
2.82999999999998	76	2	1.02666192676857	0.503684109989737	1	0.497621186081985	1	6.66133814775094e-16	3.74786228093333	0.954672950072074	1.96290377801654
2.83999999999998	76	2	1.02666192676857	0.503684109989737	1	0.497621186081985	1	6.66133814775094e-16	3.74786228093333	0.954672950072071	1.96290377801654
2.84999999999998	76	2	1.02666192676857	0.503684109989737	1	0.497621186081985	1	6.81746326058885e-16	3.74786228093333	0.954672950072071	1.96290377801654
2.85999999999998	76	2	1.02666192676857	0.503684109989737	1	0.497621186081985	1	6.81746326058885e-16	3.74786228093333	0.954672950072075	1.96290377801654
2.86999999999998	76	2	1.02666192676857	0.503684109989737	1	0.497621186081985	1	6.81746326058885e-16	3.74786228093333	0.954672950072074	1.96290377801654
2.87999999999998	76	2	1.02666192676857	0.503684109989737	1	0.497621186081985	1	6.81746326058885e-16	3.74786228093333	0.954672950072073	1.96290377801654
2.88999999999998	76	2	1.02666192676857	0.503684109989737	1	0.497621186081985	1	6.81746326058885e-16	3.74786228093333	0.954672950072072	1.96290377801654
2.89999999999998	76	2	1.02666192676857	0.503684109989737	1	0.497621186081985	1	6.81746326058885e-16	3.74786228093333	0.954672950072074	1.96290377801654
2.90999999999998	76	2	1.02666192676857	0.503684109989737	1	0.497621186081985	1	6.81746326058885e-16	3.74786228093333	0.954672950072073	1.96290377801654
2.91999999999998	76	2	1.02666192676857	0.503684109989737	1	0.497621186081985	1	6.66133814775094e-16	3.74786228093333	0.954672950072074	1.96290377801654
2.92999999999998	76	2	1.02666192676857	0.503684109989737	1	0.497621186081985	1	6.66133814775094e-16	3.74786228093333	0.954672950072072	1.96290377801654
2.93999999999998	76	2	1.02666192676857	0.503684109989737	1	0.497621186081985	1	6.81746326058885e-16	3.74786228093333	0.954672950072073	1.96290377801654
2.94999999999998	76	2	1.02666192676857	0.503684109989737	1	0.497621186081985	1	6.66133814775094e-16	3.74786228093333	0.954672950072074	1.96290377801654
2.95999999999998	76	2	1.02666192676857	0.503684109989737	1	0.497621186081985	1	6.81746326058885e-16	3.74786228093333	0.954672950072072	1.96290377801654
2.96999999999998	76	2	1.02666192676857	0.503684109989737	1	0.497621186081985	1	6.81746326058885e-16	3.74786228093333	0.954672950072074	1.96290377801654
2.97999999999998	76	2	1.02666192676857	0.503684109989737	1	0.497621186081985	1	6.66133814775094e-16	3.74786228093333	0.954672950072074	1.96290377801654
2.98999999999998	76	2	1.02666192676857	0.503684109989737	1	0.497621186081985	1	6.66133814775094e-16	3.74786228093333	0.954672950072074	1.96290377801654
2.99999999999998	76	2	1.02666192676857	0.503684109989737	1	0.497621186081985	1	6.66133814775094e-16	3.74786228093333	0.954672950072072	1.96290377801654
3.00999999999998	76	2	1.02666192676857	0.503684109989737	1	0.497621186081985	1	6.66133814775094e-16	3.74786228093333	0.954672950072074	1.96290377801654
3.01999999999998	76	2	1.02666192676857	0.503684109989737	1	0.497621186081985	1	6.81746326058885e-16	3.74786228093333	0.954672950072074	1.96290377801654
3.02999999999998	76	2	1.02666192676857	0.503684109989737	1	0.497621186081985	1	6.66133814775094e-16	3.74786228093333	0.954672950072072	1.96290377801654
3.03999999999998	76	1	1	1	0	1	0	-1	0	1.95772791016491	0.510796211673646
