15644157	150020886	1.29673423	782
15644157	225850895	1.97510004	938
15644157	407474951	1.68704914	359
15644157	337750591	1.70551171	359
15644157	153004292	4.0589885	938
15644157	338731240	1.20525217	782
15644157	476417197	2.10828509	359
15644157	330839993	1.77259732	359
15644157	374998185	2.00631935	938
15644157	523409308	2.06067523	938
15644157	302671149	2.16476918	359
15644157	188996476	1.94635352	938
15644157	264676832	2.10825279	938
15644157	499080158	2.54624441	735
15644157	146280076	2.23367847	938
15644157	217077334	1.28947647	782
15644157	357385593	2.37921429	938
15644157	374332852	2.0006411	938
15644157	296135490	2.12469567	938
15644157	319789782	2.0447534	938
15644157	242280148	1.76019077	938
15644157	117926261	2.04251744	938
15644157	121604549	2.19255927	938
15644157	291296217	2.53657411	653
15644157	375287471	1.92539635	359
15644157	119025414	2.11880677	359
15644157	189426250	2.02712363	938
15644157	374298132	2.00952668	359
15644157	186474067	2.03165538	938
15644157	386715401	1.81645435	359
15644157	238028543	2.29760765	938
15644157	284043986	3.02143896	1024
15644157	479147165	2.28493602	359
15644157	305665566	0.88055462	735
15644157	110833756	2.01895497	938
15644157	551595715	1.74095219	938
15644157	241663667	2.03925792	938
15644157	300313528	1.91439487	938
15644157	538351362	1.81382555	359
15644157	651879124	2.20828847	938
15644157	365961348	0.92949118	735
15644157	404496826	2.04967022	938
15644157	238024558	2.04721501	938
15644157	82703549	2.18736932	938
15644157	222100056	0.46099214	735
15644157	336063929	2.04898173	359
15644157	294011753	2.12368981	938
15644157	507380852	1.80316703	359
15644157	347532034	1.92698542	359
15644157	91782855	2.23405824	938
15644157	224373450	2.10901588	938
15644157	310820926	1.98641567	938
15644157	557829279	1.95020829	359
15644157	229916937	1.8777522	359
15644157	383784057	1.91335865	938
15644157	326315826	2.0976432	938
15644157	94313087	2.02418788	938
15644157	564912578	2.27522243	938
15644157	310779044	1.84830292	359
15644157	170289208	0.48790413	735
15644157	225848723	1.89159474	938
15644157	108805460	1.78599017	938
15644157	70730344	2.24130706	938
15644157	479203990	2.101687	359
15644157	339323464	2.03508165	938
15644157	120554816	2.06214284	938
15644157	333912731	2.09059544	938
15644157	330823465	2.08439358	938
15644157	340780792	2.15094479	938
15644157	77359656	2.35998825	938
15644157	479147164	2.16628973	359
15644157	82702855	2.03245223	938
15644157	186476590	2.22567386	938
15644157	171056713	2.08735472	938
15644157	226310146	1.65107717	359
150020886	225850895	1.93850249	938
150020886	407474951	1.65045159	359
150020886	337750591	1.66891416	359
150020886	153004292	4.02239095	938
150020886	338731240	0.6500147	1024
150020886	476417197	2.07168754	359
150020886	330839993	1.73599977	359
150020886	374998185	1.9697218	938
150020886	523409308	2.02407768	938
150020886	302671149	2.12817163	359
150020886	188996476	1.90975597	938
150020886	264676832	2.07165524	938
150020886	499080158	3.31757002	782
150020886	146280076	2.19708092	938
150020886	217077334	0.27312864	1023
150020886	357385593	2.34261674	938
150020886	374332852	1.96404355	938
150020886	296135490	2.08809812	938
150020886	319789782	2.00815585	938
150020886	242280148	1.72359322	938
150020886	117926261	2.00591989	938
150020886	121604549	2.15596172	938
150020886	291296217	2.49997656	653
150020886	375287471	1.8887988	359
150020886	119025414	2.08220922	359
150020886	189426250	1.99052608	938
150020886	374298132	1.97292913	359
150020886	186474067	1.99505783	938
150020886	386715401	1.7798568	359
150020886	238028543	2.2610101	938
150020886	284043986	2.98484141	1024
150020886	479147165	2.24833847	359
150020886	305665566	1.65188023	782
150020886	110833756	1.98235742	938
150020886	551595715	1.70435464	938
150020886	241663667	2.00266037	938
150020886	300313528	1.87779732	938
150020886	538351362	1.777228	359
150020886	651879124	2.17169092	938
150020886	365961348	1.70081679	782
150020886	404496826	2.01307267	938
150020886	238024558	2.01061746	938
150020886	82703549	2.15077177	938
150020886	222100056	1.23231775	782
150020886	336063929	2.01238418	359
150020886	294011753	2.08709226	938
150020886	507380852	1.76656948	359
150020886	347532034	1.89038787	359
150020886	91782855	2.19746069	938
150020886	224373450	2.07241833	938
150020886	310820926	1.94981812	938
150020886	557829279	1.91361074	359
150020886	229916937	1.84115465	359
150020886	383784057	1.8767611	938
150020886	326315826	2.06104565	938
150020886	94313087	1.98759033	938
150020886	564912578	2.23862488	938
150020886	310779044	1.81170537	359
150020886	170289208	1.25922974	782
150020886	225848723	1.85499719	938
150020886	108805460	1.74939262	938
150020886	70730344	2.20470951	938
150020886	479203990	2.06508945	359
150020886	339323464	1.9984841	938
150020886	120554816	2.02554529	938
150020886	333912731	2.05399789	938
150020886	330823465	2.04779603	938
150020886	340780792	2.11434724	938
150020886	77359656	2.3233907	938
150020886	479147164	2.12969218	359
150020886	82702855	1.99585468	938
150020886	186476590	2.18907631	938
150020886	171056713	2.05075717	938
150020886	226310146	1.61447962	359
225850895	407474951	1.81211524	938
225850895	337750591	1.83057781	938
225850895	153004292	3.27613264	462
225850895	338731240	1.84702043	938
225850895	476417197	2.23335119	938
225850895	330839993	1.89766342	938
225850895	374998185	1.83647821	598
225850895	523409308	1.27781937	462
225850895	302671149	2.28983528	938
225850895	188996476	0.59950268	318
225850895	264676832	1.32539693	462
225850895	499080158	3.99593583	938
225850895	146280076	2.06383733	598
225850895	217077334	1.93124473	938
225850895	357385593	2.20937315	598
225850895	374332852	1.83079996	598
225850895	296135490	1.34183981	462
225850895	319789782	0.93888098	995
225850895	242280148	1.59034963	598
225850895	117926261	1.8726763	598
225850895	121604549	1.40970341	462
225850895	291296217	2.58485659	653
225850895	375287471	2.05046245	938
225850895	119025414	2.24387287	938
225850895	189426250	1.24426777	462
225850895	374298132	2.13459278	938
225850895	186474067	1.24879952	462
225850895	386715401	1.94152045	938
225850895	238028543	1.51475179	462
225850895	284043986	3.06972144	1024
225850895	479147165	2.41000212	938
225850895	305665566	2.33024604	938
225850895	110833756	1.23609911	462
225850895	551595715	1.57111105	598
225850895	241663667	1.25640206	462
225850895	300313528	1.13153901	462
225850895	538351362	1.93889165	938
225850895	651879124	1.42543261	462
225850895	365961348	2.3791826	938
225850895	404496826	1.26681436	462
225850895	238024558	1.26435915	462
225850895	82703549	1.40451346	462
225850895	222100056	1.91068356	938
225850895	336063929	2.17404783	938
225850895	294011753	1.95384867	598
225850895	507380852	1.92823313	938
225850895	347532034	2.05205152	938
225850895	91782855	1.45120238	462
225850895	224373450	0.64541942	191
225850895	310820926	1.20355981	462
225850895	557829279	2.07527439	938
225850895	229916937	2.0028183	938
225850895	383784057	1.74351751	598
225850895	326315826	1.31478734	462
225850895	94313087	1.24133202	462
225850895	564912578	1.49236657	462
225850895	310779044	1.97336902	938
225850895	170289208	1.93759555	938
225850895	225848723	0.5447439	318
225850895	108805460	1.61614903	598
225850895	70730344	1.4584512	462
225850895	479203990	2.2267531	938
225850895	339323464	1.25222579	462
225850895	120554816	1.27928698	462
225850895	333912731	1.30773958	462
225850895	330823465	1.30153772	462
225850895	340780792	1.36808893	462
225850895	77359656	1.57713239	462
225850895	479147164	2.29135583	938
225850895	82702855	1.24959637	462
225850895	186476590	1.442818	462
225850895	171056713	1.30449886	462
225850895	226310146	1.77614327	938
407474951	337750591	1.33912893	789
407474951	153004292	3.8960037	938
407474951	338731240	1.55896953	359
407474951	476417197	1.62526529	439
407474951	330839993	1.28957752	439
407474951	374998185	1.84333455	938
407474951	523409308	1.89769043	938
407474951	302671149	1.68174938	439
407474951	188996476	1.78336872	938
407474951	264676832	1.94526799	938
407474951	499080158	3.70788493	359
407474951	146280076	2.07069367	938
407474951	217077334	1.64319383	359
407474951	357385593	2.21622949	938
407474951	374332852	1.8376563	938
407474951	296135490	1.96171087	938
407474951	319789782	1.8817686	938
407474951	242280148	1.59720597	938
407474951	117926261	1.87953264	938
407474951	121604549	2.02957447	938
407474951	291296217	2.37358931	653
407474951	375287471	1.55901357	789
407474951	119025414	1.63578697	439
407474951	189426250	1.86413883	938
407474951	374298132	1.52650688	439
407474951	186474067	1.86867058	938
407474951	386715401	1.45007157	789
407474951	238028543	2.13462285	938
407474951	284043986	2.85845416	1024
407474951	479147165	1.80191622	439
407474951	305665566	2.04219514	359
407474951	110833756	1.85597017	938
407474951	551595715	1.57796739	938
407474951	241663667	1.87627312	938
407474951	300313528	1.75141007	938
407474951	538351362	1.33080575	439
407474951	651879124	2.04530367	938
407474951	365961348	2.0911317	359
407474951	404496826	1.88668542	938
407474951	238024558	1.88423021	938
407474951	82703549	2.02438452	938
407474951	222100056	1.62263266	359
407474951	336063929	1.56596193	439
407474951	294011753	1.96070501	938
407474951	507380852	1.16244593	495
407474951	347532034	1.44396562	439
407474951	91782855	2.07107344	938
407474951	224373450	1.94603108	938
407474951	310820926	1.82343087	938
407474951	557829279	1.58382551	789
407474951	229916937	1.51136942	789
407474951	383784057	1.75037385	938
407474951	326315826	1.9346584	938
407474951	94313087	1.86120308	938
407474951	564912578	2.11223763	938
407474951	310779044	1.20758182	495
407474951	170289208	1.64954465	359
407474951	225848723	1.72860994	938
407474951	108805460	1.62300537	938
407474951	70730344	2.07832226	938
407474951	479203990	1.6186672	439
407474951	339323464	1.87209685	938
407474951	120554816	1.89915804	938
407474951	333912731	1.92761064	938
407474951	330823465	1.92140878	938
407474951	340780792	1.98795999	938
407474951	77359656	2.19700345	938
407474951	479147164	1.68326993	439
407474951	82702855	1.86946743	938
407474951	186476590	2.06268906	938
407474951	171056713	1.92436992	938
407474951	226310146	1.16805737	439
337750591	153004292	3.91446627	938
337750591	338731240	1.5774321	359
337750591	476417197	1.76036488	789
337750591	330839993	1.42467711	789
337750591	374998185	1.86179712	938
337750591	523409308	1.916153	938
337750591	302671149	1.81684897	789
337750591	188996476	1.80183129	938
337750591	264676832	1.96373056	938
337750591	499080158	3.7263475	359
337750591	146280076	2.08915624	938
337750591	217077334	1.6616564	359
337750591	357385593	2.23469206	938
337750591	374332852	1.85611887	938
337750591	296135490	1.98017344	938
337750591	319789782	1.90023117	938
337750591	242280148	1.61566854	938
337750591	117926261	1.89799521	938
337750591	121604549	2.04803704	938
337750591	291296217	2.39205188	653
337750591	375287471	1.16288488	1001
337750591	119025414	1.77088656	789
337750591	189426250	1.8826014	938
337750591	374298132	1.66160647	789
337750591	186474067	1.88713315	938
337750591	386715401	1.05394288	1001
337750591	238028543	2.15308542	938
337750591	284043986	2.87691673	1024
337750591	479147165	1.93701581	789
337750591	305665566	2.06065771	359
337750591	110833756	1.87443274	938
337750591	551595715	1.59642996	938
337750591	241663667	1.89473569	938
337750591	300313528	1.76987264	938
337750591	538351362	1.46590534	789
337750591	651879124	2.06376624	938
337750591	365961348	2.10959427	359
337750591	404496826	1.90514799	938
337750591	238024558	1.90269278	938
337750591	82703549	2.04284709	938
337750591	222100056	1.64109523	359
337750591	336063929	1.70106152	789
337750591	294011753	1.97916758	938
337750591	507380852	1.45524682	789
337750591	347532034	1.57906521	789
337750591	91782855	2.08953601	938
337750591	224373450	1.96449365	938
337750591	310820926	1.84189344	938
337750591	557829279	1.18769682	1001
337750591	229916937	1.11524073	1001
337750591	383784057	1.76883642	938
337750591	326315826	1.95312097	938
337750591	94313087	1.87966565	938
337750591	564912578	2.1307002	938
337750591	310779044	1.50038271	789
337750591	170289208	1.66800722	359
337750591	225848723	1.74707251	938
337750591	108805460	1.64146794	938
337750591	70730344	2.09678483	938
337750591	479203990	1.75376679	789
337750591	339323464	1.89055942	938
337750591	120554816	1.91762061	938
337750591	333912731	1.94607321	938
337750591	330823465	1.93987135	938
337750591	340780792	2.00642256	938
337750591	77359656	2.21546602	938
337750591	479147164	1.81836952	789
337750591	82702855	1.88793	938
337750591	186476590	2.08115163	938
337750591	171056713	1.94283249	938
337750591	226310146	1.30315696	789
153004292	338731240	3.93090889	938
153004292	476417197	4.31723965	938
153004292	330839993	3.98155188	938
153004292	374998185	3.92036667	598
153004292	523409308	3.18012459	109
153004292	302671149	4.37372374	938
153004292	188996476	3.24738612	462
153004292	264676832	3.22770215	109
153004292	499080158	6.07982429	938
153004292	146280076	4.14772579	598
153004292	217077334	4.01513319	938
153004292	357385593	4.29326161	598
153004292	374332852	3.91468842	598
153004292	296135490	3.24414503	109
153004292	319789782	3.345786	462
153004292	242280148	3.67423809	598
153004292	117926261	3.95656476	598
153004292	121604549	3.31200863	109
153004292	291296217	4.66874505	653
153004292	375287471	4.13435091	938
153004292	119025414	4.32776133	938
153004292	189426250	3.14657299	109
153004292	374298132	4.21848124	938
153004292	186474067	3.15110474	109
153004292	386715401	4.02540891	938
153004292	238028543	3.41705701	109
153004292	284043986	5.1536099	1024
153004292	479147165	4.49389058	938
153004292	305665566	4.4141345	938
153004292	110833756	3.13840433	109
153004292	551595715	3.65499951	598
153004292	241663667	3.15870728	109
153004292	300313528	3.03384423	109
153004292	538351362	4.02278011	938
153004292	651879124	3.32773783	109
153004292	365961348	4.46307106	938
153004292	404496826	3.16911958	109
153004292	238024558	3.16666437	109
153004292	82703549	3.30681868	109
153004292	222100056	3.99457202	938
153004292	336063929	4.25793629	938
153004292	294011753	4.03773713	598
153004292	507380852	4.01212159	938
153004292	347532034	4.13593998	938
153004292	91782855	3.3535076	109
153004292	224373450	3.41004848	462
153004292	310820926	3.10586503	109
153004292	557829279	4.15916285	938
153004292	229916937	4.08670676	938
153004292	383784057	3.82740597	598
153004292	326315826	3.21709256	109
153004292	94313087	3.14363724	109
153004292	564912578	3.39467179	109
153004292	310779044	4.05725748	938
153004292	170289208	4.02148401	938
153004292	225848723	3.19262734	462
153004292	108805460	3.70003749	598
153004292	70730344	3.36075642	109
153004292	479203990	4.31064156	938
153004292	339323464	3.15453101	109
153004292	120554816	3.1815922	109
153004292	333912731	3.2100448	109
153004292	330823465	3.20384294	109
153004292	340780792	3.21828231	88
153004292	77359656	3.47943761	109
153004292	479147164	4.37524429	938
153004292	82702855	3.15190159	109
153004292	186476590	3.34512322	109
153004292	171056713	3.20680408	109
153004292	226310146	3.86003173	938
338731240	476417197	1.98020548	359
338731240	330839993	1.64451771	359
338731240	374998185	1.87823974	938
338731240	523409308	1.93259562	938
338731240	302671149	2.03668957	359
338731240	188996476	1.81827391	938
338731240	264676832	1.98017318	938
338731240	499080158	3.22608796	782
338731240	146280076	2.10559886	938
338731240	217077334	0.64275694	1024
338731240	357385593	2.25113468	938
338731240	374332852	1.87256149	938
338731240	296135490	1.99661606	938
338731240	319789782	1.91667379	938
338731240	242280148	1.63211116	938
338731240	117926261	1.91443783	938
338731240	121604549	2.06447966	938
338731240	291296217	2.4084945	653
338731240	375287471	1.79731674	359
338731240	119025414	1.99072716	359
338731240	189426250	1.89904402	938
338731240	374298132	1.88144707	359
338731240	186474067	1.90357577	938
338731240	386715401	1.68837474	359
338731240	238028543	2.16952804	938
338731240	284043986	2.89335935	1024
338731240	479147165	2.15685641	359
338731240	305665566	1.56039817	782
338731240	110833756	1.89087536	938
338731240	551595715	1.61287258	938
338731240	241663667	1.91117831	938
338731240	300313528	1.78631526	938
338731240	538351362	1.68574594	359
338731240	651879124	2.08020886	938
338731240	365961348	1.60933473	782
338731240	404496826	1.92159061	938
338731240	238024558	1.9191354	938
338731240	82703549	2.05928971	938
338731240	222100056	1.14083569	782
338731240	336063929	1.92090212	359
338731240	294011753	1.9956102	938
338731240	507380852	1.67508742	359
338731240	347532034	1.79890581	359
338731240	91782855	2.10597863	938
338731240	224373450	1.98093627	938
338731240	310820926	1.85833606	938
338731240	557829279	1.82212868	359
338731240	229916937	1.74967259	359
338731240	383784057	1.78527904	938
338731240	326315826	1.96956359	938
338731240	94313087	1.89610827	938
338731240	564912578	2.14714282	938
338731240	310779044	1.72022331	359
338731240	170289208	1.16774768	782
338731240	225848723	1.76351513	938
338731240	108805460	1.65791056	938
338731240	70730344	2.11322745	938
338731240	479203990	1.97360739	359
338731240	339323464	1.90700204	938
338731240	120554816	1.93406323	938
338731240	333912731	1.96251583	938
338731240	330823465	1.95631397	938
338731240	340780792	2.02286518	938
338731240	77359656	2.23190864	938
338731240	479147164	2.03821012	359
338731240	82702855	1.90437262	938
338731240	186476590	2.09759425	938
338731240	171056713	1.95927511	938
338731240	226310146	1.52299756	359
476417197	330839993	1.52074801	661
476417197	374998185	2.2645705	938
476417197	523409308	2.31892638	938
476417197	302671149	0.60769523	644
476417197	188996476	2.20460467	938
476417197	264676832	2.36650394	938
476417197	499080158	4.12912088	359
476417197	146280076	2.49192962	938
476417197	217077334	2.06442978	359
476417197	357385593	2.63746544	938
476417197	374332852	2.25889225	938
476417197	296135490	2.38294682	938
476417197	319789782	2.30300455	938
476417197	242280148	2.01844192	938
476417197	117926261	2.30076859	938
476417197	121604549	2.45081042	938
476417197	291296217	2.79482526	653
476417197	375287471	1.98024952	789
476417197	119025414	0.12339024	1024
476417197	189426250	2.28537478	938
476417197	374298132	1.67963441	214
476417197	186474067	2.28990653	938
476417197	386715401	1.87130752	789
476417197	238028543	2.5558588	938
476417197	284043986	3.27969011	1024
476417197	479147165	1.76263095	680
476417197	305665566	2.46343109	359
476417197	110833756	2.27720612	938
476417197	551595715	1.99920334	938
476417197	241663667	2.29750907	938
476417197	300313528	2.17264602	938
476417197	538351362	0.70707002	1023
476417197	651879124	2.46653962	938
476417197	365961348	2.51236765	359
476417197	404496826	2.30792137	938
476417197	238024558	2.30546616	938
476417197	82703549	2.44562047	938
476417197	222100056	2.04386861	359
476417197	336063929	0.65521646	694
476417197	294011753	2.38194096	938
476417197	507380852	1.74138318	439
476417197	347532034	1.40468035	680
476417197	91782855	2.49230939	938
476417197	224373450	2.36726703	938
476417197	310820926	2.24466682	938
476417197	557829279	2.00506146	789
476417197	229916937	1.93260537	789
476417197	383784057	2.1716098	938
476417197	326315826	2.35589435	938
476417197	94313087	2.28243903	938
476417197	564912578	2.53347358	938
476417197	310779044	1.78651907	439
476417197	170289208	2.0707806	359
476417197	225848723	2.14984589	938
476417197	108805460	2.04424132	938
476417197	70730344	2.49955821	938
476417197	479203990	1.57938193	680
476417197	339323464	2.2933328	938
476417197	120554816	2.32039399	938
476417197	333912731	2.34884659	938
476417197	330823465	2.34264473	938
476417197	340780792	2.40919594	938
476417197	77359656	2.6182394	938
476417197	479147164	1.64398466	680
476417197	82702855	2.29070338	938
476417197	186476590	2.48392501	938
476417197	171056713	2.34560587	938
476417197	226310146	1.39922786	661
330839993	374998185	1.92888273	938
330839993	523409308	1.98323861	938
330839993	302671149	1.5772321	661
330839993	188996476	1.8689169	938
330839993	264676832	2.03081617	938
330839993	499080158	3.79343311	359
330839993	146280076	2.15624185	938
330839993	217077334	1.72874201	359
330839993	357385593	2.30177767	938
330839993	374332852	1.92320448	938
330839993	296135490	2.04725905	938
330839993	319789782	1.96731678	938
330839993	242280148	1.68275415	938
330839993	117926261	1.96508082	938
330839993	121604549	2.11512265	938
330839993	291296217	2.45913749	653
330839993	375287471	1.64456175	789
330839993	119025414	1.53126969	661
330839993	189426250	1.94968701	938
330839993	374298132	1.4219896	661
330839993	186474067	1.95421876	938
330839993	386715401	1.53561975	789
330839993	238028543	2.22017103	938
330839993	284043986	2.94400234	1024
330839993	479147165	1.69739894	661
330839993	305665566	2.12774332	359
330839993	110833756	1.94151835	938
330839993	551595715	1.66351557	938
330839993	241663667	1.9618213	938
330839993	300313528	1.83695825	938
330839993	538351362	1.22628847	661
330839993	651879124	2.13085185	938
330839993	365961348	2.17667988	359
330839993	404496826	1.9722336	938
330839993	238024558	1.96977839	938
330839993	82703549	2.1099327	938
330839993	222100056	1.70818084	359
330839993	336063929	1.46144465	661
330839993	294011753	2.04625319	938
330839993	507380852	1.40569541	439
330839993	347532034	1.33944834	661
330839993	91782855	2.15662162	938
330839993	224373450	2.03157926	938
330839993	310820926	1.90897905	938
330839993	557829279	1.66937369	789
330839993	229916937	1.5969176	789
330839993	383784057	1.83592203	938
330839993	326315826	2.02020658	938
330839993	94313087	1.94675126	938
330839993	564912578	2.19778581	938
330839993	310779044	1.4508313	439
330839993	170289208	1.73509283	359
330839993	225848723	1.81415812	938
330839993	108805460	1.70855355	938
330839993	70730344	2.16387044	938
330839993	479203990	1.51414992	661
330839993	339323464	1.95764503	938
330839993	120554816	1.98470622	938
330839993	333912731	2.01315882	938
330839993	330823465	2.00695696	938
330839993	340780792	2.07350817	938
330839993	77359656	2.28255163	938
330839993	479147164	1.57875265	661
330839993	82702855	1.95501561	938
330839993	186476590	2.14823724	938
330839993	171056713	2.0099181	938
330839993	226310146	0.90244017	548
374998185	523409308	1.9220534	598
374998185	302671149	2.32105459	938
374998185	188996476	1.80773169	598
374998185	264676832	1.96963096	598
374998185	499080158	4.02715514	938
374998185	146280076	1.31724196	997
374998185	217077334	1.96246404	938
374998185	357385593	1.46277778	997
374998185	374332852	1.08420459	997
374998185	296135490	1.98607384	598
374998185	319789782	1.90613157	598
374998185	242280148	1.42899092	627
374998185	117926261	0.86771663	655
374998185	121604549	2.05393744	598
374998185	291296217	2.6160759	653
374998185	375287471	2.08168176	938
374998185	119025414	2.27509218	938
374998185	189426250	1.8885018	598
374998185	374298132	2.16581209	938
374998185	186474067	1.89303355	598
374998185	386715401	1.97273976	938
374998185	238028543	2.15898582	598
374998185	284043986	3.10094075	1024
374998185	479147165	2.44122143	938
374998185	305665566	2.36146535	938
374998185	110833756	1.88033314	598
374998185	551595715	1.40975234	627
374998185	241663667	1.90063609	598
374998185	300313528	1.77577304	598
374998185	538351362	1.97011096	938
374998185	651879124	2.06966664	598
374998185	365961348	2.41040191	938
374998185	404496826	1.91104839	598
374998185	238024558	1.90859318	598
374998185	82703549	2.04874749	598
374998185	222100056	1.94190287	938
374998185	336063929	2.20526714	938
374998185	294011753	1.2072533	997
374998185	507380852	1.95945244	938
374998185	347532034	2.08327083	938
374998185	91782855	2.09543641	598
374998185	224373450	1.97039405	598
374998185	310820926	1.84779384	598
374998185	557829279	2.1064937	938
374998185	229916937	2.03403761	938
374998185	383784057	1.5821588	627
374998185	326315826	1.95902137	598
374998185	94313087	1.88556605	598
374998185	564912578	2.1366006	598
374998185	310779044	2.00458833	938
374998185	170289208	1.96881486	938
374998185	225848723	1.75297291	598
374998185	108805460	1.45479032	627
374998185	70730344	2.10268523	598
374998185	479203990	2.25797241	938
374998185	339323464	1.89645982	598
374998185	120554816	1.92352101	598
374998185	333912731	1.95197361	598
374998185	330823465	1.94577175	598
374998185	340780792	2.01232296	598
374998185	77359656	2.22136642	598
374998185	479147164	2.32257514	938
374998185	82702855	1.8938304	598
374998185	186476590	2.08705203	598
374998185	171056713	1.94873289	598
374998185	226310146	1.80736258	938
523409308	302671149	2.37541047	938
523409308	188996476	1.24907285	462
523409308	264676832	0.76016936	638
523409308	499080158	4.08151102	938
523409308	146280076	2.14941252	598
523409308	217077334	2.01681992	938
523409308	357385593	2.29494834	598
523409308	374332852	1.91637515	598
523409308	296135490	0.77661224	638
523409308	319789782	1.34747273	462
523409308	242280148	1.67592482	598
523409308	117926261	1.95825149	598
523409308	121604549	1.14049242	291
523409308	291296217	2.67043178	653
523409308	375287471	2.13603764	938
523409308	119025414	2.32944806	938
523409308	189426250	0.83289514	479
523409308	374298132	2.22016797	938
523409308	186474067	0.36733629	914
523409308	386715401	2.02709564	938
523409308	238028543	0.5569131	667
523409308	284043986	3.15529663	1024
523409308	479147165	2.49557731	938
523409308	305665566	2.41582123	938
523409308	110833756	0.5601091	238
523409308	551595715	1.65668624	598
523409308	241663667	0.06471341	1024
523409308	300313528	0.49218782	296
523409308	538351362	2.02446684	938
523409308	651879124	1.15622162	291
523409308	365961348	2.46475779	938
523409308	404496826	0.85544173	479
523409308	238024558	0.38289592	914
523409308	82703549	1.13530247	291
523409308	222100056	1.99625875	938
523409308	336063929	2.25962302	938
523409308	294011753	2.03942386	598
523409308	507380852	2.01380832	938
523409308	347532034	2.13762671	938
523409308	91782855	0.49336369	667
523409308	224373450	1.41173521	462
523409308	310820926	0.93434882	291
523409308	557829279	2.16084958	938
523409308	229916937	2.08839349	938
523409308	383784057	1.8290927	598
523409308	326315826	0.74955977	638
523409308	94313087	0.22692629	662
523409308	564912578	0.53452788	667
523409308	310779044	2.05894421	938
523409308	170289208	2.02317074	938
523409308	225848723	1.19431407	462
523409308	108805460	1.70172422	598
523409308	70730344	1.18924021	291
523409308	479203990	2.31232829	938
523409308	339323464	0.23782006	662
523409308	120554816	1.01007599	291
523409308	333912731	0.74251201	638
523409308	330823465	0.73631015	638
523409308	340780792	1.27208088	109
523409308	77359656	1.3079214	291
523409308	479147164	2.37693102	938
523409308	82702855	0.98038538	291
523409308	186476590	0.48497931	667
523409308	171056713	0.73927129	638
523409308	226310146	1.86171846	938
302671149	188996476	2.26108876	938
302671149	264676832	2.42298803	938
302671149	499080158	4.18560497	359
302671149	146280076	2.54841371	938
302671149	217077334	2.12091387	359
302671149	357385593	2.69394953	938
302671149	374332852	2.31537634	938
302671149	296135490	2.43943091	938
302671149	319789782	2.35948864	938
302671149	242280148	2.07492601	938
302671149	117926261	2.35725268	938
302671149	121604549	2.50729451	938
302671149	291296217	2.85130935	653
302671149	375287471	2.03673361	789
302671149	119025414	0.61821691	644
302671149	189426250	2.34185887	938
302671149	374298132	1.7361185	214
302671149	186474067	2.34639062	938
302671149	386715401	1.92779161	789
302671149	238028543	2.61234289	938
302671149	284043986	3.3361742	1024
302671149	479147165	1.81911504	680
302671149	305665566	2.51991518	359
302671149	110833756	2.33369021	938
302671149	551595715	2.05568743	938
302671149	241663667	2.35399316	938
302671149	300313528	2.22913011	938
302671149	538351362	0.76355411	1023
302671149	651879124	2.52302371	938
302671149	365961348	2.56885174	359
302671149	404496826	2.36440546	938
302671149	238024558	2.36195025	938
302671149	82703549	2.50210456	938
302671149	222100056	2.1003527	359
302671149	336063929	0.71170055	694
302671149	294011753	2.43842505	938
302671149	507380852	1.79786727	439
302671149	347532034	1.46116444	680
302671149	91782855	2.54879348	938
302671149	224373450	2.42375112	938
302671149	310820926	2.30115091	938
302671149	557829279	2.06154555	789
302671149	229916937	1.98908946	789
302671149	383784057	2.22809389	938
302671149	326315826	2.41237844	938
302671149	94313087	2.33892312	938
302671149	564912578	2.58995767	938
302671149	310779044	1.84300316	439
302671149	170289208	2.12726469	359
302671149	225848723	2.20632998	938
302671149	108805460	2.10072541	938
302671149	70730344	2.5560423	938
302671149	479203990	1.63586602	680
302671149	339323464	2.34981689	938
302671149	120554816	2.37687808	938
302671149	333912731	2.40533068	938
302671149	330823465	2.39912882	938
302671149	340780792	2.46568003	938
302671149	77359656	2.67472349	938
302671149	479147164	1.70046875	680
302671149	82702855	2.34718747	938
302671149	186476590	2.5404091	938
302671149	171056713	2.40208996	938
302671149	226310146	1.45571195	661
188996476	264676832	1.29665041	462
188996476	499080158	3.96718931	938
188996476	146280076	2.03509081	598
188996476	217077334	1.90249821	938
188996476	357385593	2.18062663	598
188996476	374332852	1.80205344	598
188996476	296135490	1.31309329	462
188996476	319789782	0.91013446	995
188996476	242280148	1.56160311	598
188996476	117926261	1.84392978	598
188996476	121604549	1.38095689	462
188996476	291296217	2.55611007	653
188996476	375287471	2.02171593	938
188996476	119025414	2.21512635	938
188996476	189426250	1.21552125	462
188996476	374298132	2.10584626	938
188996476	186474067	1.220053	462
188996476	386715401	1.91277393	938
188996476	238028543	1.48600527	462
188996476	284043986	3.04097492	1024
188996476	479147165	2.3812556	938
188996476	305665566	2.30149952	938
188996476	110833756	1.20735259	462
188996476	551595715	1.54236453	598
188996476	241663667	1.22765554	462
188996476	300313528	1.10279249	462
188996476	538351362	1.91014513	938
188996476	651879124	1.39668609	462
188996476	365961348	2.35043608	938
188996476	404496826	1.23806784	462
188996476	238024558	1.23561263	462
188996476	82703549	1.37576694	462
188996476	222100056	1.88193704	938
188996476	336063929	2.14530131	938
188996476	294011753	1.92510215	598
188996476	507380852	1.89948661	938
188996476	347532034	2.023305	938
188996476	91782855	1.42245586	462
188996476	224373450	0.73341852	318
188996476	310820926	1.17481329	462
188996476	557829279	2.04652787	938
188996476	229916937	1.97407178	938
188996476	383784057	1.71477099	598
188996476	326315826	1.28604082	462
188996476	94313087	1.2125855	462
188996476	564912578	1.46362005	462
188996476	310779044	1.9446225	938
188996476	170289208	1.90884903	938
188996476	225848723	0.22406272	1021
188996476	108805460	1.58740251	598
188996476	70730344	1.42970468	462
188996476	479203990	2.19800658	938
188996476	339323464	1.22347927	462
188996476	120554816	1.25054046	462
188996476	333912731	1.27899306	462
188996476	330823465	1.2727912	462
188996476	340780792	1.33934241	462
188996476	77359656	1.54838587	462
188996476	479147164	2.26260931	938
188996476	82702855	1.22084985	462
188996476	186476590	1.41407148	462
188996476	171056713	1.27575234	462
188996476	226310146	1.74739675	938
264676832	499080158	4.12908858	938
264676832	146280076	2.19699008	598
264676832	217077334	2.06439748	938
264676832	357385593	2.3425259	598
264676832	374332852	1.96395271	598
264676832	296135490	0.74819394	324
264676832	319789782	1.39505029	462
264676832	242280148	1.72350238	598
264676832	117926261	2.00582905	598
264676832	121604549	1.18806998	291
264676832	291296217	2.71800934	653
264676832	375287471	2.1836152	938
264676832	119025414	2.37702562	938
264676832	189426250	0.8804727	479
264676832	374298132	2.26774553	938
264676832	186474067	0.73114951	638
264676832	386715401	2.0746732	938
264676832	238028543	0.99710178	638
264676832	284043986	3.20287419	1024
264676832	479147165	2.54315487	938
264676832	305665566	2.46339879	938
264676832	110833756	0.7184491	638
264676832	551595715	1.7042638	598
264676832	241663667	0.73875205	638
264676832	300313528	0.613889	638
264676832	538351362	2.0720444	938
264676832	651879124	1.20379918	291
264676832	365961348	2.51233535	938
264676832	404496826	0.90301929	479
264676832	238024558	0.74670914	638
264676832	82703549	1.18288003	291
264676832	222100056	2.04383631	938
264676832	336063929	2.30720058	938
264676832	294011753	2.08700142	598
264676832	507380852	2.06138588	938
264676832	347532034	2.18520427	938
264676832	91782855	0.93355237	638
264676832	224373450	1.45931277	462
264676832	310820926	0.98192638	291
264676832	557829279	2.20842714	938
264676832	229916937	2.13597105	938
264676832	383784057	1.87667026	598
264676832	326315826	0.39435983	1018
264676832	94313087	0.72368201	638
264676832	564912578	0.97471656	638
264676832	310779044	2.10652177	938
264676832	170289208	2.0707483	938
264676832	225848723	1.24189163	462
264676832	108805460	1.74930178	598
264676832	70730344	1.23681777	291
264676832	479203990	2.35990585	938
264676832	339323464	0.73457578	638
264676832	120554816	1.05765355	291
264676832	333912731	0.16900589	1024
264676832	330823465	0.38111021	1018
264676832	340780792	1.31965844	109
264676832	77359656	1.35549896	291
264676832	479147164	2.42450858	938
264676832	82702855	1.02796294	291
264676832	186476590	0.92516799	638
264676832	171056713	0.71085299	324
264676832	226310146	1.90929602	938
499080158	146280076	4.25451426	938
499080158	217077334	3.31031226	782
499080158	357385593	4.40005008	938
499080158	374332852	4.02147689	938
499080158	296135490	4.14553146	938
499080158	319789782	4.06558919	938
499080158	242280148	3.78102656	938
499080158	117926261	4.06335323	938
499080158	121604549	4.21339506	938
499080158	291296217	4.5574099	653
499080158	375287471	3.94623214	359
499080158	119025414	4.13964256	359
499080158	189426250	4.04795942	938
499080158	374298132	4.03036247	359
499080158	186474067	4.05249117	938
499080158	386715401	3.83729014	359
499080158	238028543	4.31844344	938
499080158	284043986	5.04227475	1024
499080158	479147165	4.30577181	359
499080158	305665566	2.50481849	421
499080158	110833756	4.03979076	938
499080158	551595715	3.76178798	938
499080158	241663667	4.06009371	938
499080158	300313528	3.93523066	938
499080158	538351362	3.83466134	359
499080158	651879124	4.22912426	938
499080158	365961348	2.55375505	421
499080158	404496826	4.07050601	938
499080158	238024558	4.0680508	938
499080158	82703549	4.20820511	938
499080158	222100056	2.08525601	421
499080158	336063929	4.06981752	359
499080158	294011753	4.1445256	938
499080158	507380852	3.82400282	359
499080158	347532034	3.94782121	359
499080158	91782855	4.25489403	938
499080158	224373450	4.12985167	938
499080158	310820926	4.00725146	938
499080158	557829279	3.97104408	359
499080158	229916937	3.89858799	359
499080158	383784057	3.93419444	938
499080158	326315826	4.11847899	938
499080158	94313087	4.04502367	938
499080158	564912578	4.29605822	938
499080158	310779044	3.86913871	359
499080158	170289208	2.30299814	424
499080158	225848723	3.91243053	938
499080158	108805460	3.80682596	938
499080158	70730344	4.26214285	938
499080158	479203990	4.12252279	359
499080158	339323464	4.05591744	938
499080158	120554816	4.08297863	938
499080158	333912731	4.11143123	938
499080158	330823465	4.10522937	938
499080158	340780792	4.17178058	938
499080158	77359656	4.38082404	938
499080158	479147164	4.18712552	359
499080158	82702855	4.05328802	938
499080158	186476590	4.24650965	938
499080158	171056713	4.10819051	938
499080158	226310146	3.67191296	359
146280076	217077334	2.18982316	938
146280076	357385593	0.98364706	848
146280076	374332852	0.96366227	504
146280076	296135490	2.21343296	598
146280076	319789782	2.13349069	598
146280076	242280148	1.65635004	627
146280076	117926261	1.35344005	997
146280076	121604549	2.28129656	598
146280076	291296217	2.84343502	653
146280076	375287471	2.30904088	938
146280076	119025414	2.5024513	938
146280076	189426250	2.11586092	598
146280076	374298132	2.39317121	938
146280076	186474067	2.12039267	598
146280076	386715401	2.20009888	938
146280076	238028543	2.38634494	598
146280076	284043986	3.32829987	1024
146280076	479147165	2.66858055	938
146280076	305665566	2.58882447	938
146280076	110833756	2.10769226	598
146280076	551595715	1.63711146	627
146280076	241663667	2.12799521	598
146280076	300313528	2.00313216	598
146280076	538351362	2.19747008	938
146280076	651879124	2.29702576	598
146280076	365961348	2.63776103	938
146280076	404496826	2.13840751	598
146280076	238024558	2.1359523	598
146280076	82703549	2.27610661	598
146280076	222100056	2.16926199	938
146280076	336063929	2.43262626	938
146280076	294011753	1.23017222	684
146280076	507380852	2.18681156	938
146280076	347532034	2.31062995	938
146280076	91782855	2.32279553	598
146280076	224373450	2.19775317	598
146280076	310820926	2.07515296	598
146280076	557829279	2.33385282	938
146280076	229916937	2.26139673	938
146280076	383784057	1.80951792	627
146280076	326315826	2.18638049	598
146280076	94313087	2.11292517	598
146280076	564912578	2.36395972	598
146280076	310779044	2.23194745	938
146280076	170289208	2.19617398	938
146280076	225848723	1.98033203	598
146280076	108805460	1.68214944	627
146280076	70730344	2.33004435	598
146280076	479203990	2.48533153	938
146280076	339323464	2.12381894	598
146280076	120554816	2.15088013	598
146280076	333912731	2.17933273	598
146280076	330823465	2.17313087	598
146280076	340780792	2.23968208	598
146280076	77359656	2.44872554	598
146280076	479147164	2.54993426	938
146280076	82702855	2.12118952	598
146280076	186476590	2.31441115	598
146280076	171056713	2.17609201	598
146280076	226310146	2.0347217	938
217077334	357385593	2.33535898	938
217077334	374332852	1.95678579	938
217077334	296135490	2.08084036	938
217077334	319789782	2.00089809	938
217077334	242280148	1.71633546	938
217077334	117926261	1.99866213	938
217077334	121604549	2.14870396	938
217077334	291296217	2.4927188	653
217077334	375287471	1.88154104	359
217077334	119025414	2.07495146	359
217077334	189426250	1.98326832	938
217077334	374298132	1.96567137	359
217077334	186474067	1.98780007	938
217077334	386715401	1.77259904	359
217077334	238028543	2.25375234	938
217077334	284043986	2.97758365	1024
217077334	479147165	2.24108071	359
217077334	305665566	1.64462247	782
217077334	110833756	1.97509966	938
217077334	551595715	1.69709688	938
217077334	241663667	1.99540261	938
217077334	300313528	1.87053956	938
217077334	538351362	1.76997024	359
217077334	651879124	2.16443316	938
217077334	365961348	1.69355903	782
217077334	404496826	2.00581491	938
217077334	238024558	2.0033597	938
217077334	82703549	2.14351401	938
217077334	222100056	1.22505999	782
217077334	336063929	2.00512642	359
217077334	294011753	2.0798345	938
217077334	507380852	1.75931172	359
217077334	347532034	1.88313011	359
217077334	91782855	2.19020293	938
217077334	224373450	2.06516057	938
217077334	310820926	1.94256036	938
217077334	557829279	1.90635298	359
217077334	229916937	1.83389689	359
217077334	383784057	1.86950334	938
217077334	326315826	2.05378789	938
217077334	94313087	1.98033257	938
217077334	564912578	2.23136712	938
217077334	310779044	1.80444761	359
217077334	170289208	1.25197198	782
217077334	225848723	1.84773943	938
217077334	108805460	1.74213486	938
217077334	70730344	2.19745175	938
217077334	479203990	2.05783169	359
217077334	339323464	1.99122634	938
217077334	120554816	2.01828753	938
217077334	333912731	2.04674013	938
217077334	330823465	2.04053827	938
217077334	340780792	2.10708948	938
217077334	77359656	2.31613294	938
217077334	479147164	2.12243442	359
217077334	82702855	1.98859692	938
217077334	186476590	2.18181855	938
217077334	171056713	2.04349941	938
217077334	226310146	1.60722186	359
357385593	374332852	1.10919809	504
357385593	296135490	2.35896878	598
357385593	319789782	2.27902651	598
357385593	242280148	1.80188586	627
357385593	117926261	1.49897587	997
357385593	121604549	2.42683238	598
357385593	291296217	2.98897084	653
357385593	375287471	2.4545767	938
357385593	119025414	2.64798712	938
357385593	189426250	2.26139674	598
357385593	374298132	2.53870703	938
357385593	186474067	2.26592849	598
357385593	386715401	2.3456347	938
357385593	238028543	2.53188076	598
357385593	284043986	3.47383569	1024
357385593	479147165	2.81411637	938
357385593	305665566	2.73436029	938
357385593	110833756	2.25322808	598
357385593	551595715	1.78264728	627
357385593	241663667	2.27353103	598
357385593	300313528	2.14866798	598
357385593	538351362	2.3430059	938
357385593	651879124	2.44256158	598
357385593	365961348	2.78329685	938
357385593	404496826	2.28394333	598
357385593	238024558	2.28148812	598
357385593	82703549	2.42164243	598
357385593	222100056	2.31479781	938
357385593	336063929	2.57816208	938
357385593	294011753	1.37570804	684
357385593	507380852	2.33234738	938
357385593	347532034	2.45616577	938
357385593	91782855	2.46833135	598
357385593	224373450	2.34328899	598
357385593	310820926	2.22068878	598
357385593	557829279	2.47938864	938
357385593	229916937	2.40693255	938
357385593	383784057	1.95505374	627
357385593	326315826	2.33191631	598
357385593	94313087	2.25846099	598
357385593	564912578	2.50949554	598
357385593	310779044	2.37748327	938
357385593	170289208	2.3417098	938
357385593	225848723	2.12586785	598
357385593	108805460	1.82768526	627
357385593	70730344	2.47558017	598
357385593	479203990	2.63086735	938
357385593	339323464	2.26935476	598
357385593	120554816	2.29641595	598
357385593	333912731	2.32486855	598
357385593	330823465	2.31866669	598
357385593	340780792	2.3852179	598
357385593	77359656	2.59426136	598
357385593	479147164	2.69547008	938
357385593	82702855	2.26672534	598
357385593	186476590	2.45994697	598
357385593	171056713	2.32162783	598
357385593	226310146	2.18025752	938
374332852	296135490	1.98039559	598
374332852	319789782	1.90045332	598
374332852	242280148	1.42331267	627
374332852	117926261	1.12040268	997
374332852	121604549	2.04825919	598
374332852	291296217	2.61039765	653
374332852	375287471	2.07600351	938
374332852	119025414	2.26941393	938
374332852	189426250	1.88282355	598
374332852	374298132	2.16013384	938
374332852	186474067	1.8873553	598
374332852	386715401	1.96706151	938
374332852	238028543	2.15330757	598
374332852	284043986	3.0952625	1024
374332852	479147165	2.43554318	938
374332852	305665566	2.3557871	938
374332852	110833756	1.87465489	598
374332852	551595715	1.40407409	627
374332852	241663667	1.89495784	598
374332852	300313528	1.77009479	598
374332852	538351362	1.96443271	938
374332852	651879124	2.06398839	598
374332852	365961348	2.40472366	938
374332852	404496826	1.90537014	598
374332852	238024558	1.90291493	598
374332852	82703549	2.04306924	598
374332852	222100056	1.93622462	938
374332852	336063929	2.19958889	938
374332852	294011753	0.99713485	684
374332852	507380852	1.95377419	938
374332852	347532034	2.07759258	938
374332852	91782855	2.08975816	598
374332852	224373450	1.9647158	598
374332852	310820926	1.84211559	598
374332852	557829279	2.10081545	938
374332852	229916937	2.02835936	938
374332852	383784057	1.57648055	627
374332852	326315826	1.95334312	598
374332852	94313087	1.8798878	598
374332852	564912578	2.13092235	598
374332852	310779044	1.99891008	938
374332852	170289208	1.96313661	938
374332852	225848723	1.74729466	598
374332852	108805460	1.44911207	627
374332852	70730344	2.09700698	598
374332852	479203990	2.25229416	938
374332852	339323464	1.89078157	598
374332852	120554816	1.91784276	598
374332852	333912731	1.94629536	598
374332852	330823465	1.9400935	598
374332852	340780792	2.00664471	598
374332852	77359656	2.21568817	598
374332852	479147164	2.31689689	938
374332852	82702855	1.88815215	598
374332852	186476590	2.08137378	598
374332852	171056713	1.94305464	598
374332852	226310146	1.80168433	938
296135490	319789782	1.41149317	462
296135490	242280148	1.73994526	598
296135490	117926261	2.02227193	598
296135490	121604549	1.20451286	291
296135490	291296217	2.73445222	653
296135490	375287471	2.20005808	938
296135490	119025414	2.3934685	938
296135490	189426250	0.89691558	479
296135490	374298132	2.28418841	938
296135490	186474067	0.74759239	638
296135490	386715401	2.09111608	938
296135490	238028543	1.01354466	638
296135490	284043986	3.21931707	1024
296135490	479147165	2.55959775	938
296135490	305665566	2.47984167	938
296135490	110833756	0.73489198	638
296135490	551595715	1.72070668	598
296135490	241663667	0.75519493	638
296135490	300313528	0.63033188	638
296135490	538351362	2.08848728	938
296135490	651879124	1.22024206	291
296135490	365961348	2.52877823	938
296135490	404496826	0.91946217	479
296135490	238024558	0.76315202	638
296135490	82703549	1.19932291	291
296135490	222100056	2.06027919	938
296135490	336063929	2.32364346	938
296135490	294011753	2.1034443	598
296135490	507380852	2.07782876	938
296135490	347532034	2.20164715	938
296135490	91782855	0.94999525	638
296135490	224373450	1.47575565	462
296135490	310820926	0.99836926	291
296135490	557829279	2.22487002	938
296135490	229916937	2.15241393	938
296135490	383784057	1.89311314	598
296135490	326315826	0.73758435	324
296135490	94313087	0.74012489	638
296135490	564912578	0.99115944	638
296135490	310779044	2.12296465	938
296135490	170289208	2.08719118	938
296135490	225848723	1.25833451	462
296135490	108805460	1.76574466	598
296135490	70730344	1.25326065	291
296135490	479203990	2.37634873	938
296135490	339323464	0.75101866	638
296135490	120554816	1.07409643	291
296135490	333912731	0.73053659	324
296135490	330823465	0.72433473	324
296135490	340780792	1.33610132	109
296135490	77359656	1.37194184	291
296135490	479147164	2.44095146	938
296135490	82702855	1.04440582	291
296135490	186476590	0.94161087	638
296135490	171056713	0.62029717	338
296135490	226310146	1.9257389	938
319789782	242280148	1.66000299	598
319789782	117926261	1.94232966	598
319789782	121604549	1.47935677	462
319789782	291296217	2.65450995	653
319789782	375287471	2.12011581	938
319789782	119025414	2.31352623	938
319789782	189426250	1.31392113	462
319789782	374298132	2.20424614	938
319789782	186474067	1.31845288	462
319789782	386715401	2.01117381	938
319789782	238028543	1.58440515	462
319789782	284043986	3.1393748	1024
319789782	479147165	2.47965548	938
319789782	305665566	2.3998994	938
319789782	110833756	1.30575247	462
319789782	551595715	1.64076441	598
319789782	241663667	1.32605542	462
319789782	300313528	1.20119237	462
319789782	538351362	2.00854501	938
319789782	651879124	1.49508597	462
319789782	365961348	2.44883596	938
319789782	404496826	1.33646772	462
319789782	238024558	1.33401251	462
319789782	82703549	1.47416682	462
319789782	222100056	1.98033692	938
319789782	336063929	2.24370119	938
319789782	294011753	2.02350203	598
319789782	507380852	1.99788649	938
319789782	347532034	2.12170488	938
319789782	91782855	1.52085574	462
319789782	224373450	1.07279682	995
319789782	310820926	1.27321317	462
319789782	557829279	2.14492775	938
319789782	229916937	2.07247166	938
319789782	383784057	1.81317087	598
319789782	326315826	1.3844407	462
319789782	94313087	1.31098538	462
319789782	564912578	1.56201993	462
319789782	310779044	2.04302238	938
319789782	170289208	2.00724891	938
319789782	225848723	0.85537568	995
319789782	108805460	1.68580239	598
319789782	70730344	1.52810456	462
319789782	479203990	2.29640646	938
319789782	339323464	1.32187915	462
319789782	120554816	1.34894034	462
319789782	333912731	1.37739294	462
319789782	330823465	1.37119108	462
319789782	340780792	1.43774229	462
319789782	77359656	1.64678575	462
319789782	479147164	2.36100919	938
319789782	82702855	1.31924973	462
319789782	186476590	1.51247136	462
319789782	171056713	1.37415222	462
319789782	226310146	1.84579663	938
242280148	117926261	1.46518901	627
242280148	121604549	1.80780886	598
242280148	291296217	2.36994732	653
242280148	375287471	1.83555318	938
242280148	119025414	2.0289636	938
242280148	189426250	1.64237322	598
242280148	374298132	1.91968351	938
242280148	186474067	1.64690497	598
242280148	386715401	1.72661118	938
242280148	238028543	1.91285724	598
242280148	284043986	2.85481217	1024
242280148	479147165	2.19509285	938
242280148	305665566	2.11533677	938
242280148	110833756	1.63420456	598
242280148	551595715	0.09092594	1024
242280148	241663667	1.65450751	598
242280148	300313528	1.52964446	598
242280148	538351362	1.72398238	938
242280148	651879124	1.82353806	598
242280148	365961348	2.16427333	938
242280148	404496826	1.66491981	598
242280148	238024558	1.6624646	598
242280148	82703549	1.80261891	598
242280148	222100056	1.69577429	938
242280148	336063929	1.95913856	938
242280148	294011753	1.54636138	627
242280148	507380852	1.71332386	938
242280148	347532034	1.83714225	938
242280148	91782855	1.84930783	598
242280148	224373450	1.72426547	598
242280148	310820926	1.60166526	598
242280148	557829279	1.86036512	938
242280148	229916937	1.78790903	938
242280148	383784057	1.0352262	435
242280148	326315826	1.71289279	598
242280148	94313087	1.63943747	598
242280148	564912578	1.89047202	598
242280148	310779044	1.75845975	938
242280148	170289208	1.72268628	938
242280148	225848723	1.50684433	598
242280148	108805460	1.0629366	405
242280148	70730344	1.85655665	598
242280148	479203990	2.01184383	938
242280148	339323464	1.65033124	598
242280148	120554816	1.67739243	598
242280148	333912731	1.70584503	598
242280148	330823465	1.69964317	598
242280148	340780792	1.76619438	598
242280148	77359656	1.97523784	598
242280148	479147164	2.07644656	938
242280148	82702855	1.64770182	598
242280148	186476590	1.84092345	598
242280148	171056713	1.70260431	598
242280148	226310146	1.561234	938
117926261	121604549	2.09013553	598
117926261	291296217	2.65227399	653
117926261	375287471	2.11787985	938
117926261	119025414	2.31129027	938
117926261	189426250	1.92469989	598
117926261	374298132	2.20201018	938
117926261	186474067	1.92923164	598
117926261	386715401	2.00893785	938
117926261	238028543	2.19518391	598
117926261	284043986	3.13713884	1024
117926261	479147165	2.47741952	938
117926261	305665566	2.39766344	938
117926261	110833756	1.91653123	598
117926261	551595715	1.44595043	627
117926261	241663667	1.93683418	598
117926261	300313528	1.81197113	598
117926261	538351362	2.00630905	938
117926261	651879124	2.10586473	598
117926261	365961348	2.4466	938
117926261	404496826	1.94724648	598
117926261	238024558	1.94479127	598
117926261	82703549	2.08494558	598
117926261	222100056	1.97810096	938
117926261	336063929	2.24146523	938
117926261	294011753	1.24345139	997
117926261	507380852	1.99565053	938
117926261	347532034	2.11946892	938
117926261	91782855	2.1316345	598
117926261	224373450	2.00659214	598
117926261	310820926	1.88399193	598
117926261	557829279	2.14269179	938
117926261	229916937	2.0702357	938
117926261	383784057	1.61835689	627
117926261	326315826	1.99521946	598
117926261	94313087	1.92176414	598
117926261	564912578	2.17279869	598
117926261	310779044	2.04078642	938
117926261	170289208	2.00501295	938
117926261	225848723	1.789171	598
117926261	108805460	1.49098841	627
117926261	70730344	2.13888332	598
117926261	479203990	2.2941705	938
117926261	339323464	1.93265791	598
117926261	120554816	1.9597191	598
117926261	333912731	1.9881717	598
117926261	330823465	1.98196984	598
117926261	340780792	2.04852105	598
117926261	77359656	2.25756451	598
117926261	479147164	2.35877323	938
117926261	82702855	1.93002849	598
117926261	186476590	2.12325012	598
117926261	171056713	1.98493098	598
117926261	226310146	1.84356067	938
121604549	291296217	2.80231582	653
121604549	375287471	2.26792168	938
121604549	119025414	2.4613321	938
121604549	189426250	1.10694082	291
121604549	374298132	2.35205201	938
121604549	186474067	1.11147257	291
121604549	386715401	2.15897968	938
121604549	238028543	1.37742484	291
121604549	284043986	3.28718067	1024
121604549	479147165	2.62746135	938
121604549	305665566	2.54770527	938
121604549	110833756	1.09877216	291
121604549	551595715	1.78857028	598
121604549	241663667	1.11907511	291
121604549	300313528	0.99421206	291
121604549	538351362	2.15635088	938
121604549	651879124	1.12833286	255
121604549	365961348	2.59664183	938
121604549	404496826	1.12948741	291
121604549	238024558	1.1270322	291
121604549	82703549	0.70276473	928
121604549	222100056	2.12814279	938
121604549	336063929	2.39150706	938
121604549	294011753	2.1713079	598
121604549	507380852	2.14569236	938
121604549	347532034	2.26951075	938
121604549	91782855	1.31387543	291
121604549	224373450	1.54361925	462
121604549	310820926	0.7829709	379
121604549	557829279	2.29273362	938
121604549	229916937	2.22027753	938
121604549	383784057	1.96097674	598
121604549	326315826	1.17746039	291
121604549	94313087	1.10400507	291
121604549	564912578	1.35503962	291
121604549	310779044	2.19082825	938
121604549	170289208	2.15505478	938
121604549	225848723	1.32619811	462
121604549	108805460	1.83360826	598
121604549	70730344	1.16135145	255
121604549	479203990	2.44421233	938
121604549	339323464	1.11489884	291
121604549	120554816	0.98218723	255
121604549	333912731	1.17041263	291
121604549	330823465	1.16421077	291
121604549	340780792	1.40396492	109
121604549	77359656	1.28003264	255
121604549	479147164	2.50881506	938
121604549	82702855	0.95249662	255
121604549	186476590	1.30549105	291
121604549	171056713	1.16717191	291
121604549	226310146	1.9936025	938
291296217	375287471	2.61193652	653
291296217	119025414	2.80534694	653
291296217	189426250	2.63688018	653
291296217	374298132	2.69606685	653
291296217	186474067	2.64141193	653
291296217	386715401	2.50299452	653
291296217	238028543	2.9073642	653
291296217	284043986	2.46354411	1024
291296217	479147165	2.97147619	653
291296217	305665566	2.89172011	653
291296217	110833756	2.62871152	653
291296217	551595715	2.35070874	653
291296217	241663667	2.64901447	653
291296217	300313528	2.52415142	653
291296217	538351362	2.50036572	653
291296217	651879124	2.81804502	653
291296217	365961348	2.94065667	653
291296217	404496826	2.65942677	653
291296217	238024558	2.65697156	653
291296217	82703549	2.79712587	653
291296217	222100056	2.47215763	653
291296217	336063929	2.7355219	653
291296217	294011753	2.73344636	653
291296217	507380852	2.4897072	653
291296217	347532034	2.61352559	653
291296217	91782855	2.84381479	653
291296217	224373450	2.71877243	653
291296217	310820926	2.59617222	653
291296217	557829279	2.63674846	653
291296217	229916937	2.56429237	653
291296217	383784057	2.5231152	653
291296217	326315826	2.70739975	653
291296217	94313087	2.63394443	653
291296217	564912578	2.88497898	653
291296217	310779044	2.53484309	653
291296217	170289208	2.49906962	653
291296217	225848723	2.50135129	653
291296217	108805460	2.39574672	653
291296217	70730344	2.85106361	653
291296217	479203990	2.78822717	653
291296217	339323464	2.6448382	653
291296217	120554816	2.67189939	653
291296217	333912731	2.70035199	653
291296217	330823465	2.69415013	653
291296217	340780792	2.76070134	653
291296217	77359656	2.9697448	653
291296217	479147164	2.8528299	653
291296217	82702855	2.64220878	653
291296217	186476590	2.83543041	653
291296217	171056713	2.69711127	653
291296217	226310146	2.33761734	653
375287471	119025414	1.9907712	789
375287471	189426250	2.10248604	938
375287471	374298132	1.88149111	789
375287471	186474067	2.10701779	938
375287471	386715401	0.73692762	1021
375287471	238028543	2.37297006	938
375287471	284043986	3.09680137	1024
375287471	479147165	2.15690045	789
375287471	305665566	2.28054235	359
375287471	110833756	2.09431738	938
375287471	551595715	1.8163146	938
375287471	241663667	2.11462033	938
375287471	300313528	1.98975728	938
375287471	538351362	1.68578998	789
375287471	651879124	2.28365088	938
375287471	365961348	2.32947891	359
375287471	404496826	2.12503263	938
375287471	238024558	2.12257742	938
375287471	82703549	2.26273173	938
375287471	222100056	1.86097987	359
375287471	336063929	1.92094616	789
375287471	294011753	2.19905222	938
375287471	507380852	1.67513146	789
375287471	347532034	1.79894985	789
375287471	91782855	2.30942065	938
375287471	224373450	2.18437829	938
375287471	310820926	2.06177808	938
375287471	557829279	0.87068156	1021
375287471	229916937	0.79822547	1021
375287471	383784057	1.98872106	938
375287471	326315826	2.17300561	938
375287471	94313087	2.09955029	938
375287471	564912578	2.35058484	938
375287471	310779044	1.72026735	789
375287471	170289208	1.88789186	359
375287471	225848723	1.96695715	938
375287471	108805460	1.86135258	938
375287471	70730344	2.31666947	938
375287471	479203990	1.97365143	789
375287471	339323464	2.11044406	938
375287471	120554816	2.13750525	938
375287471	333912731	2.16595785	938
375287471	330823465	2.15975599	938
375287471	340780792	2.2263072	938
375287471	77359656	2.43535066	938
375287471	479147164	2.03825416	789
375287471	82702855	2.10781464	938
375287471	186476590	2.30103627	938
375287471	171056713	2.16271713	938
375287471	226310146	1.5230416	789
119025414	189426250	2.29589646	938
119025414	374298132	1.69015609	214
119025414	186474067	2.30042821	938
119025414	386715401	1.8818292	789
119025414	238028543	2.56638048	938
119025414	284043986	3.29021179	1024
119025414	479147165	1.77315263	680
119025414	305665566	2.47395277	359
119025414	110833756	2.2877278	938
119025414	551595715	2.00972502	938
119025414	241663667	2.30803075	938
119025414	300313528	2.1831677	938
119025414	538351362	0.7175917	1023
119025414	651879124	2.4770613	938
119025414	365961348	2.52288933	359
119025414	404496826	2.31844305	938
119025414	238024558	2.31598784	938
119025414	82703549	2.45614215	938
119025414	222100056	2.05439029	359
119025414	336063929	0.66573814	694
119025414	294011753	2.39246264	938
119025414	507380852	1.75190486	439
119025414	347532034	1.41520203	680
119025414	91782855	2.50283107	938
119025414	224373450	2.37778871	938
119025414	310820926	2.2551885	938
119025414	557829279	2.01558314	789
119025414	229916937	1.94312705	789
119025414	383784057	2.18213148	938
119025414	326315826	2.36641603	938
119025414	94313087	2.29296071	938
119025414	564912578	2.54399526	938
119025414	310779044	1.79704075	439
119025414	170289208	2.08130228	359
119025414	225848723	2.16036757	938
119025414	108805460	2.054763	938
119025414	70730344	2.51007989	938
119025414	479203990	1.58990361	680
119025414	339323464	2.30385448	938
119025414	120554816	2.33091567	938
119025414	333912731	2.35936827	938
119025414	330823465	2.35316641	938
119025414	340780792	2.41971762	938
119025414	77359656	2.62876108	938
119025414	479147164	1.65450634	680
119025414	82702855	2.30122506	938
119025414	186476590	2.49444669	938
119025414	171056713	2.35612755	938
119025414	226310146	1.40974954	661
189426250	374298132	2.18661637	938
189426250	186474067	0.80387529	479
189426250	386715401	1.99354404	938
189426250	238028543	1.06982756	479
189426250	284043986	3.12174503	1024
189426250	479147165	2.46202571	938
189426250	305665566	2.38226963	938
189426250	110833756	0.79117488	479
189426250	551595715	1.62313464	598
189426250	241663667	0.81147783	479
189426250	300313528	0.68661478	479
189426250	538351362	1.99091524	938
189426250	651879124	1.12267002	291
189426250	365961348	2.43120619	938
189426250	404496826	0.48072783	1014
189426250	238024558	0.81943492	479
189426250	82703549	1.10175087	291
189426250	222100056	1.96270715	938
189426250	336063929	2.22607142	938
189426250	294011753	2.00587226	598
189426250	507380852	1.98025672	938
189426250	347532034	2.10407511	938
189426250	91782855	1.00627815	479
189426250	224373450	1.37818361	462
189426250	310820926	0.90079722	291
189426250	557829279	2.12729798	938
189426250	229916937	2.05484189	938
189426250	383784057	1.7955411	598
189426250	326315826	0.86986311	479
189426250	94313087	0.79640779	479
189426250	564912578	1.04744234	479
189426250	310779044	2.02539261	938
189426250	170289208	1.98961914	938
189426250	225848723	1.16076247	462
189426250	108805460	1.66817262	598
189426250	70730344	1.15568861	291
189426250	479203990	2.27877669	938
189426250	339323464	0.80730156	479
189426250	120554816	0.97652439	291
189426250	333912731	0.86281535	479
189426250	330823465	0.85661349	479
189426250	340780792	1.23852928	109
189426250	77359656	1.2743698	291
189426250	479147164	2.34337942	938
189426250	82702855	0.94683378	291
189426250	186476590	0.99789377	479
189426250	171056713	0.85957463	479
189426250	226310146	1.82816686	938
374298132	186474067	2.19114812	938
374298132	386715401	1.77254911	789
374298132	238028543	2.45710039	938
374298132	284043986	3.1809317	1024
374298132	479147165	1.85628534	214
374298132	305665566	2.36467268	359
374298132	110833756	2.17844771	938
374298132	551595715	1.90044493	938
374298132	241663667	2.19875066	938
374298132	300313528	2.07388761	938
374298132	538351362	1.38517487	214
374298132	651879124	2.36778121	938
374298132	365961348	2.41360924	359
374298132	404496826	2.20916296	938
374298132	238024558	2.20670775	938
374298132	82703549	2.34686206	938
374298132	222100056	1.9451102	359
374298132	336063929	1.62033105	214
374298132	294011753	2.28318255	938
374298132	507380852	1.64262477	439
374298132	347532034	1.49833474	214
374298132	91782855	2.39355098	938
374298132	224373450	2.26850862	938
374298132	310820926	2.14590841	938
374298132	557829279	1.90630305	789
374298132	229916937	1.83384696	789
374298132	383784057	2.07285139	938
374298132	326315826	2.25713594	938
374298132	94313087	2.18368062	938
374298132	564912578	2.43471517	938
374298132	310779044	1.68776066	439
374298132	170289208	1.97202219	359
374298132	225848723	2.05108748	938
374298132	108805460	1.94548291	938
374298132	70730344	2.4007998	938
374298132	479203990	1.67303632	214
374298132	339323464	2.19457439	938
374298132	120554816	2.22163558	938
374298132	333912731	2.25008818	938
374298132	330823465	2.24388632	938
374298132	340780792	2.31043753	938
374298132	77359656	2.51948099	938
374298132	479147164	1.73763905	214
374298132	82702855	2.19194497	938
374298132	186476590	2.3851666	938
374298132	171056713	2.24684746	938
374298132	226310146	1.30046945	661
186474067	386715401	1.99807579	938
186474067	238028543	0.60426871	914
186474067	284043986	3.12627678	1024
186474067	479147165	2.46655746	938
186474067	305665566	2.38680138	938
186474067	110833756	0.53108925	238
186474067	551595715	1.62766639	598
186474067	241663667	0.34591898	914
186474067	300313528	0.46316797	296
186474067	538351362	1.99544699	938
186474067	651879124	1.12720177	291
186474067	365961348	2.43573794	938
186474067	404496826	0.82642188	479
186474067	238024558	0.18178905	1023
186474067	82703549	1.10628262	291
186474067	222100056	1.9672389	938
186474067	336063929	2.23060317	938
186474067	294011753	2.01040401	598
186474067	507380852	1.98478847	938
186474067	347532034	2.10860686	938
186474067	91782855	0.5407193	914
186474067	224373450	1.38271536	462
186474067	310820926	0.90532897	291
186474067	557829279	2.13182973	938
186474067	229916937	2.05937364	938
186474067	383784057	1.80007285	598
186474067	326315826	0.72053992	638
186474067	94313087	0.33084894	914
186474067	564912578	0.58188349	914
186474067	310779044	2.02992436	938
186474067	170289208	1.99415089	938
186474067	225848723	1.16529422	462
186474067	108805460	1.67270437	598
186474067	70730344	1.16022036	291
186474067	479203990	2.28330844	938
186474067	339323464	0.34174271	914
186474067	120554816	0.98105614	291
186474067	333912731	0.71349216	638
186474067	330823465	0.7072903	638
186474067	340780792	1.24306103	109
186474067	77359656	1.27890155	291
186474067	479147164	2.34791117	938
186474067	82702855	0.95136553	291
186474067	186476590	0.53233492	914
186474067	171056713	0.71025144	638
186474067	226310146	1.83269861	938
386715401	238028543	2.26402806	938
386715401	284043986	2.98785937	1024
386715401	479147165	2.04795845	789
386715401	305665566	2.17160035	359
386715401	110833756	1.98537538	938
386715401	551595715	1.7073726	938
386715401	241663667	2.00567833	938
386715401	300313528	1.88081528	938
386715401	538351362	1.57684798	789
386715401	651879124	2.17470888	938
386715401	365961348	2.22053691	359
386715401	404496826	2.01609063	938
386715401	238024558	2.01363542	938
386715401	82703549	2.15378973	938
386715401	222100056	1.75203787	359
386715401	336063929	1.81200416	789
386715401	294011753	2.09011022	938
386715401	507380852	1.56618946	789
386715401	347532034	1.69000785	789
386715401	91782855	2.20047865	938
386715401	224373450	2.07543629	938
386715401	310820926	1.95283608	938
386715401	557829279	0.58587376	897
386715401	229916937	0.51341767	897
386715401	383784057	1.87977906	938
386715401	326315826	2.06406361	938
386715401	94313087	1.99060829	938
386715401	564912578	2.24164284	938
386715401	310779044	1.61132535	789
386715401	170289208	1.77894986	359
386715401	225848723	1.85801515	938
386715401	108805460	1.75241058	938
386715401	70730344	2.20772747	938
386715401	479203990	1.86470943	789
386715401	339323464	2.00150206	938
386715401	120554816	2.02856325	938
386715401	333912731	2.05701585	938
386715401	330823465	2.05081399	938
386715401	340780792	2.1173652	938
386715401	77359656	2.32640866	938
386715401	479147164	1.92931216	789
386715401	82702855	1.99887264	938
386715401	186476590	2.19209427	938
386715401	171056713	2.05377513	938
386715401	226310146	1.4140996	789
238028543	284043986	3.39222905	1024
238028543	479147165	2.73250973	938
238028543	305665566	2.65275365	938
238028543	110833756	0.79704152	238
238028543	551595715	1.89361866	598
238028543	241663667	0.53549579	667
238028543	300313528	0.72912024	296
238028543	538351362	2.26139926	938
238028543	651879124	1.39315404	291
238028543	365961348	2.70169021	938
238028543	404496826	1.09237415	479
238028543	238024558	0.61982834	914
238028543	82703549	1.37223489	291
238028543	222100056	2.23319117	938
238028543	336063929	2.49655544	938
238028543	294011753	2.27635628	598
238028543	507380852	2.25074074	938
238028543	347532034	2.37455913	938
238028543	91782855	0.24798821	1022
238028543	224373450	1.64866763	462
238028543	310820926	1.17128124	291
238028543	557829279	2.397782	938
238028543	229916937	2.32532591	938
238028543	383784057	2.06602512	598
238028543	326315826	0.98649219	638
238028543	94313087	0.52042575	667
238028543	564912578	0.5086869	1006
238028543	310779044	2.29587663	938
238028543	170289208	2.26010316	938
238028543	225848723	1.43124649	462
238028543	108805460	1.93865664	598
238028543	70730344	1.42617263	291
238028543	479203990	2.54926071	938
238028543	339323464	0.53131952	667
238028543	120554816	1.24700841	291
238028543	333912731	0.97944443	638
238028543	330823465	0.97324257	638
238028543	340780792	1.5090133	109
238028543	77359656	1.54485382	291
238028543	479147164	2.61386344	938
238028543	82702855	1.2173178	291
238028543	186476590	0.18248935	452
238028543	171056713	0.97620371	638
238028543	226310146	2.09865088	938
284043986	479147165	3.45634104	1024
284043986	305665566	3.37658496	1024
284043986	110833756	3.11357637	1024
284043986	551595715	2.83557359	1024
284043986	241663667	3.13387932	1024
284043986	300313528	3.00901627	1024
284043986	538351362	2.98523057	1024
284043986	651879124	3.30290987	1024
284043986	365961348	3.42552152	1024
284043986	404496826	3.14429162	1024
284043986	238024558	3.14183641	1024
284043986	82703549	3.28199072	1024
284043986	222100056	2.95702248	1024
284043986	336063929	3.22038675	1024
284043986	294011753	3.21831121	1024
284043986	507380852	2.97457205	1024
284043986	347532034	3.09839044	1024
284043986	91782855	3.32867964	1024
284043986	224373450	3.20363728	1024
284043986	310820926	3.08103707	1024
284043986	557829279	3.12161331	1024
284043986	229916937	3.04915722	1024
284043986	383784057	3.00798005	1024
284043986	326315826	3.1922646	1024
284043986	94313087	3.11880928	1024
284043986	564912578	3.36984383	1024
284043986	310779044	3.01970794	1024
284043986	170289208	2.98393447	1024
284043986	225848723	2.98621614	1024
284043986	108805460	2.88061157	1024
284043986	70730344	3.33592846	1024
284043986	479203990	3.27309202	1024
284043986	339323464	3.12970305	1024
284043986	120554816	3.15676424	1024
284043986	333912731	3.18521684	1024
284043986	330823465	3.17901498	1024
284043986	340780792	3.24556619	1024
284043986	77359656	3.45460965	1024
284043986	479147164	3.33769475	1024
284043986	82702855	3.12707363	1024
284043986	186476590	3.32029526	1024
284043986	171056713	3.18197612	1024
284043986	226310146	2.82248219	1024
479147165	305665566	2.64008202	359
479147165	110833756	2.45385705	938
479147165	551595715	2.17585427	938
479147165	241663667	2.47416	938
479147165	300313528	2.34929695	938
479147165	538351362	1.46817141	680
479147165	651879124	2.64319055	938
479147165	365961348	2.68901858	359
479147165	404496826	2.4845723	938
479147165	238024558	2.48211709	938
479147165	82703549	2.6222714	938
479147165	222100056	2.22051954	359
479147165	336063929	1.70332759	680
479147165	294011753	2.55859189	938
479147165	507380852	1.91803411	439
479147165	347532034	0.70336272	1024
479147165	91782855	2.66896032	938
479147165	224373450	2.54391796	938
479147165	310820926	2.42131775	938
479147165	557829279	2.18171239	789
479147165	229916937	2.1092563	789
479147165	383784057	2.34826073	938
479147165	326315826	2.53254528	938
479147165	94313087	2.45908996	938
479147165	564912578	2.71012451	938
479147165	310779044	1.96317	439
479147165	170289208	2.24743153	359
479147165	225848723	2.32649682	938
479147165	108805460	2.22089225	938
479147165	70730344	2.67620914	938
479147165	479203990	0.32845982	578
479147165	339323464	2.46998373	938
479147165	120554816	2.49704492	938
479147165	333912731	2.52549752	938
479147165	330823465	2.51929566	938
479147165	340780792	2.58584687	938
479147165	77359656	2.79489033	938
479147165	479147164	0.47949425	1017
479147165	82702855	2.46735431	938
479147165	186476590	2.66057594	938
479147165	171056713	2.5222568	938
479147165	226310146	1.57587879	661
305665566	110833756	2.37410097	938
305665566	551595715	2.09609819	938
305665566	241663667	2.39440392	938
305665566	300313528	2.26954087	938
305665566	538351362	2.16897155	359
305665566	651879124	2.56343447	938
305665566	365961348	0.88806526	421
305665566	404496826	2.40481622	938
305665566	238024558	2.40236101	938
305665566	82703549	2.54251532	938
305665566	222100056	0.41956622	421
305665566	336063929	2.40412773	359
305665566	294011753	2.47883581	938
305665566	507380852	2.15831303	359
305665566	347532034	2.28213142	359
305665566	91782855	2.58920424	938
305665566	224373450	2.46416188	938
305665566	310820926	2.34156167	938
305665566	557829279	2.30535429	359
305665566	229916937	2.2328982	359
305665566	383784057	2.26850465	938
305665566	326315826	2.4527892	938
305665566	94313087	2.37933388	938
305665566	564912578	2.63036843	938
305665566	310779044	2.20344892	359
305665566	170289208	0.63730835	424
305665566	225848723	2.24674074	938
305665566	108805460	2.14113617	938
305665566	70730344	2.59645306	938
305665566	479203990	2.456833	359
305665566	339323464	2.39022765	938
305665566	120554816	2.41728884	938
305665566	333912731	2.44574144	938
305665566	330823465	2.43953958	938
305665566	340780792	2.50609079	938
305665566	77359656	2.71513425	938
305665566	479147164	2.52143573	359
305665566	82702855	2.38759823	938
305665566	186476590	2.58081986	938
305665566	171056713	2.44250072	938
305665566	226310146	2.00622317	359
110833756	551595715	1.61496598	598
110833756	241663667	0.53869179	238
110833756	300313528	0.45046756	296
110833756	538351362	1.98274658	938
110833756	651879124	1.11450136	291
110833756	365961348	2.42303753	938
110833756	404496826	0.81372147	479
110833756	238024558	0.54664888	238
110833756	82703549	1.09358221	291
110833756	222100056	1.95453849	938
110833756	336063929	2.21790276	938
110833756	294011753	1.9977036	598
110833756	507380852	1.97208806	938
110833756	347532034	2.09590645	938
110833756	91782855	0.73349211	238
110833756	224373450	1.37001495	462
110833756	310820926	0.89262856	291
110833756	557829279	2.11912932	938
110833756	229916937	2.04667323	938
110833756	383784057	1.78737244	598
110833756	326315826	0.70783951	638
110833756	94313087	0.52362175	238
110833756	564912578	0.7746563	238
110833756	310779044	2.01722395	938
110833756	170289208	1.98145048	938
110833756	225848723	1.15259381	462
110833756	108805460	1.66000396	598
110833756	70730344	1.14751995	291
110833756	479203990	2.27060803	938
110833756	339323464	0.53451552	238
110833756	120554816	0.96835573	291
110833756	333912731	0.70079175	638
110833756	330823465	0.69458989	638
110833756	340780792	1.23036062	109
110833756	77359656	1.26620114	291
110833756	479147164	2.33521076	938
110833756	82702855	0.93866512	291
110833756	186476590	0.72510773	238
110833756	171056713	0.69755103	638
110833756	226310146	1.8199982	938
551595715	241663667	1.63526893	598
551595715	300313528	1.51040588	598
551595715	538351362	1.7047438	938
551595715	651879124	1.80429948	598
551595715	365961348	2.14503475	938
551595715	404496826	1.64568123	598
551595715	238024558	1.64322602	598
551595715	82703549	1.78338033	598
551595715	222100056	1.67653571	938
551595715	336063929	1.93989998	938
551595715	294011753	1.5271228	627
551595715	507380852	1.69408528	938
551595715	347532034	1.81790367	938
551595715	91782855	1.83006925	598
551595715	224373450	1.70502689	598
551595715	310820926	1.58242668	598
551595715	557829279	1.84112654	938
551595715	229916937	1.76867045	938
551595715	383784057	1.01598762	435
551595715	326315826	1.69365421	598
551595715	94313087	1.62019889	598
551595715	564912578	1.87123344	598
551595715	310779044	1.73922117	938
551595715	170289208	1.7034477	938
551595715	225848723	1.48760575	598
551595715	108805460	1.04369802	405
551595715	70730344	1.83731807	598
551595715	479203990	1.99260525	938
551595715	339323464	1.63109266	598
551595715	120554816	1.65815385	598
551595715	333912731	1.68660645	598
551595715	330823465	1.68040459	598
551595715	340780792	1.7469558	598
551595715	77359656	1.95599926	598
551595715	479147164	2.05720798	938
551595715	82702855	1.62846324	598
551595715	186476590	1.82168487	598
551595715	171056713	1.68336573	598
551595715	226310146	1.54199542	938
241663667	300313528	0.47077051	296
241663667	538351362	2.00304953	938
241663667	651879124	1.13480431	291
241663667	365961348	2.44334048	938
241663667	404496826	0.83402442	479
241663667	238024558	0.36147861	914
241663667	82703549	1.11388516	291
241663667	222100056	1.97484144	938
241663667	336063929	2.23820571	938
241663667	294011753	2.01800655	598
241663667	507380852	1.99239101	938
241663667	347532034	2.1162094	938
241663667	91782855	0.47194638	667
241663667	224373450	1.3903179	462
241663667	310820926	0.91293151	291
241663667	557829279	2.13943227	938
241663667	229916937	2.06697618	938
241663667	383784057	1.80767539	598
241663667	326315826	0.72814246	638
241663667	94313087	0.20550898	662
241663667	564912578	0.51311057	667
241663667	310779044	2.0375269	938
241663667	170289208	2.00175343	938
241663667	225848723	1.17289676	462
241663667	108805460	1.68030691	598
241663667	70730344	1.1678229	291
241663667	479203990	2.29091098	938
241663667	339323464	0.21640275	662
241663667	120554816	0.98865868	291
241663667	333912731	0.7210947	638
241663667	330823465	0.71489284	638
241663667	340780792	1.25066357	109
241663667	77359656	1.28650409	291
241663667	479147164	2.35551371	938
241663667	82702855	0.95896807	291
241663667	186476590	0.463562	667
241663667	171056713	0.71785398	638
241663667	226310146	1.84030115	938
300313528	538351362	1.87818648	938
300313528	651879124	1.00994126	291
300313528	365961348	2.31847743	938
300313528	404496826	0.70916137	479
300313528	238024558	0.4787276	296
300313528	82703549	0.98902211	291
300313528	222100056	1.84997839	938
300313528	336063929	2.11334266	938
300313528	294011753	1.8931435	598
300313528	507380852	1.86752796	938
300313528	347532034	1.99134635	938
300313528	91782855	0.66557083	296
300313528	224373450	1.26545485	462
300313528	310820926	0.78806846	291
300313528	557829279	2.01456922	938
300313528	229916937	1.94211313	938
300313528	383784057	1.68281234	598
300313528	326315826	0.60327941	638
300313528	94313087	0.45570047	296
300313528	564912578	0.70673502	296
300313528	310779044	1.91266385	938
300313528	170289208	1.87689038	938
300313528	225848723	1.04803371	462
300313528	108805460	1.55544386	598
300313528	70730344	1.04295985	291
300313528	479203990	2.16604793	938
300313528	339323464	0.46659424	296
300313528	120554816	0.86379563	291
300313528	333912731	0.59623165	638
300313528	330823465	0.59002979	638
300313528	340780792	1.12580052	109
300313528	77359656	1.16164104	291
300313528	479147164	2.23065066	938
300313528	82702855	0.83410502	291
300313528	186476590	0.65718645	296
300313528	171056713	0.59299093	638
300313528	226310146	1.7154381	938
538351362	651879124	2.17208008	938
538351362	365961348	2.21790811	359
538351362	404496826	2.01346183	938
538351362	238024558	2.01100662	938
538351362	82703549	2.15116093	938
538351362	222100056	1.74940907	359
538351362	336063929	0.64776666	1023
538351362	294011753	2.08748142	938
538351362	507380852	1.44692364	439
538351362	347532034	1.11022081	680
538351362	91782855	2.19784985	938
538351362	224373450	2.07280749	938
538351362	310820926	1.95020728	938
538351362	557829279	1.71060192	789
538351362	229916937	1.63814583	789
538351362	383784057	1.87715026	938
538351362	326315826	2.06143481	938
538351362	94313087	1.98797949	938
538351362	564912578	2.23901404	938
538351362	310779044	1.49205953	439
538351362	170289208	1.77632106	359
538351362	225848723	1.85538635	938
538351362	108805460	1.74978178	938
538351362	70730344	2.20509867	938
538351362	479203990	1.28492239	680
538351362	339323464	1.99887326	938
538351362	120554816	2.02593445	938
538351362	333912731	2.05438705	938
538351362	330823465	2.04818519	938
538351362	340780792	2.1147364	938
538351362	77359656	2.32377986	938
538351362	479147164	1.34952512	680
538351362	82702855	1.99624384	938
538351362	186476590	2.18946547	938
538351362	171056713	2.05114633	938
538351362	226310146	1.10476832	661
651879124	365961348	2.61237103	938
651879124	404496826	1.14521661	291
651879124	238024558	1.1427614	291
651879124	82703549	1.12314291	255
651879124	222100056	2.14387199	938
651879124	336063929	2.40723626	938
651879124	294011753	2.1870371	598
651879124	507380852	2.16142156	938
651879124	347532034	2.28523995	938
651879124	91782855	1.32960463	291
651879124	224373450	1.55934845	462
651879124	310820926	0.92218926	255
651879124	557829279	2.30846282	938
651879124	229916937	2.23600673	938
651879124	383784057	1.97670594	598
651879124	326315826	1.19318959	291
651879124	94313087	1.11973427	291
651879124	564912578	1.37076882	291
651879124	310779044	2.20655745	938
651879124	170289208	2.17078398	938
651879124	225848723	1.34192731	462
651879124	108805460	1.84933746	598
651879124	70730344	0.29210273	1023
651879124	479203990	2.45994153	938
651879124	339323464	1.13062804	291
651879124	120554816	0.68016581	282
651879124	333912731	1.18614183	291
651879124	330823465	1.17993997	291
651879124	340780792	1.41969412	109
651879124	77359656	0.84672468	349
651879124	479147164	2.52454426	938
651879124	82702855	0.74725704	578
651879124	186476590	1.32122025	291
651879124	171056713	1.18290111	291
651879124	226310146	2.0093317	938
365961348	404496826	2.45375278	938
365961348	238024558	2.45129757	938
365961348	82703549	2.59145188	938
365961348	222100056	0.46850278	421
365961348	336063929	2.45306429	359
365961348	294011753	2.52777237	938
365961348	507380852	2.20724959	359
365961348	347532034	2.33106798	359
365961348	91782855	2.6381408	938
365961348	224373450	2.51309844	938
365961348	310820926	2.39049823	938
365961348	557829279	2.35429085	359
365961348	229916937	2.28183476	359
365961348	383784057	2.31744121	938
365961348	326315826	2.50172576	938
365961348	94313087	2.42827044	938
365961348	564912578	2.67930499	938
365961348	310779044	2.25238548	359
365961348	170289208	0.68624491	424
365961348	225848723	2.2956773	938
365961348	108805460	2.19007273	938
365961348	70730344	2.64538962	938
365961348	479203990	2.50576956	359
365961348	339323464	2.43916421	938
365961348	120554816	2.4662254	938
365961348	333912731	2.494678	938
365961348	330823465	2.48847614	938
365961348	340780792	2.55502735	938
365961348	77359656	2.76407081	938
365961348	479147164	2.57037229	359
365961348	82702855	2.43653479	938
365961348	186476590	2.62975642	938
365961348	171056713	2.49143728	938
365961348	226310146	2.05515973	359
404496826	238024558	0.84198151	479
404496826	82703549	1.12429746	291
404496826	222100056	1.98525374	938
404496826	336063929	2.24861801	938
404496826	294011753	2.02841885	598
404496826	507380852	2.00280331	938
404496826	347532034	2.1266217	938
404496826	91782855	1.02882474	479
404496826	224373450	1.4007302	462
404496826	310820926	0.92334381	291
404496826	557829279	2.14984457	938
404496826	229916937	2.07738848	938
404496826	383784057	1.81808769	598
404496826	326315826	0.8924097	479
404496826	94313087	0.81895438	479
404496826	564912578	1.06998893	479
404496826	310779044	2.0479392	938
404496826	170289208	2.01216573	938
404496826	225848723	1.18330906	462
404496826	108805460	1.69071921	598
404496826	70730344	1.1782352	291
404496826	479203990	2.30132328	938
404496826	339323464	0.82984815	479
404496826	120554816	0.99907098	291
404496826	333912731	0.88536194	479
404496826	330823465	0.87916008	479
404496826	340780792	1.26107587	109
404496826	77359656	1.29691639	291
404496826	479147164	2.36592601	938
404496826	82702855	0.96938037	291
404496826	186476590	1.02044036	479
404496826	171056713	0.88212122	479
404496826	226310146	1.85071345	938
238024558	82703549	1.12184225	291
238024558	222100056	1.98279853	938
238024558	336063929	2.2461628	938
238024558	294011753	2.02596364	598
238024558	507380852	2.0003481	938
238024558	347532034	2.12416649	938
238024558	91782855	0.55627893	914
238024558	224373450	1.39827499	462
238024558	310820926	0.9208886	291
238024558	557829279	2.14738936	938
238024558	229916937	2.07493327	938
238024558	383784057	1.81563248	598
238024558	326315826	0.73609955	638
238024558	94313087	0.34640857	914
238024558	564912578	0.59744312	914
238024558	310779044	2.04548399	938
238024558	170289208	2.00971052	938
238024558	225848723	1.18085385	462
238024558	108805460	1.688264	598
238024558	70730344	1.17577999	291
238024558	479203990	2.29886807	938
238024558	339323464	0.35730234	914
238024558	120554816	0.99661577	291
238024558	333912731	0.72905179	638
238024558	330823465	0.72284993	638
238024558	340780792	1.25862066	109
238024558	77359656	1.29446118	291
238024558	479147164	2.3634708	938
238024558	82702855	0.96692516	291
238024558	186476590	0.54789455	914
238024558	171056713	0.72581107	638
238024558	226310146	1.84825824	938
82703549	222100056	2.12295284	938
82703549	336063929	2.38631711	938
82703549	294011753	2.16611795	598
82703549	507380852	2.14050241	938
82703549	347532034	2.2643208	938
82703549	91782855	1.30868548	291
82703549	224373450	1.5384293	462
82703549	310820926	0.77778095	379
82703549	557829279	2.28754367	938
82703549	229916937	2.21508758	938
82703549	383784057	1.95578679	598
82703549	326315826	1.17227044	291
82703549	94313087	1.09881512	291
82703549	564912578	1.34984967	291
82703549	310779044	2.1856383	938
82703549	170289208	2.14986483	938
82703549	225848723	1.32100816	462
82703549	108805460	1.82841831	598
82703549	70730344	1.1561615	255
82703549	479203990	2.43902238	938
82703549	339323464	1.10970889	291
82703549	120554816	0.97699728	255
82703549	333912731	1.16522268	291
82703549	330823465	1.15902082	291
82703549	340780792	1.39877497	109
82703549	77359656	1.27484269	255
82703549	479147164	2.50362511	938
82703549	82702855	0.94730667	255
82703549	186476590	1.3003011	291
82703549	171056713	1.16198196	291
82703549	226310146	1.98841255	938
222100056	336063929	1.98456525	359
222100056	294011753	2.05927333	938
222100056	507380852	1.73875055	359
222100056	347532034	1.86256894	359
222100056	91782855	2.16964176	938
222100056	224373450	2.0445994	938
222100056	310820926	1.92199919	938
222100056	557829279	1.88579181	359
222100056	229916937	1.81333572	359
222100056	383784057	1.84894217	938
222100056	326315826	2.03322672	938
222100056	94313087	1.9597714	938
222100056	564912578	2.21080595	938
222100056	310779044	1.78388644	359
222100056	170289208	0.21774587	424
222100056	225848723	1.82717826	938
222100056	108805460	1.72157369	938
222100056	70730344	2.17689058	938
222100056	479203990	2.03727052	359
222100056	339323464	1.97066517	938
222100056	120554816	1.99772636	938
222100056	333912731	2.02617896	938
222100056	330823465	2.0199771	938
222100056	340780792	2.08652831	938
222100056	77359656	2.29557177	938
222100056	479147164	2.10187325	359
222100056	82702855	1.96803575	938
222100056	186476590	2.16125738	938
222100056	171056713	2.02293824	938
222100056	226310146	1.58666069	359
336063929	294011753	2.3226376	938
336063929	507380852	1.68207982	439
336063929	347532034	1.34537699	680
336063929	91782855	2.43300603	938
336063929	224373450	2.30796367	938
336063929	310820926	2.18536346	938
336063929	557829279	1.9457581	789
336063929	229916937	1.87330201	789
336063929	383784057	2.11230644	938
336063929	326315826	2.29659099	938
336063929	94313087	2.22313567	938
336063929	564912578	2.47417022	938
336063929	310779044	1.72721571	439
336063929	170289208	2.01147724	359
336063929	225848723	2.09054253	938
336063929	108805460	1.98493796	938
336063929	70730344	2.44025485	938
336063929	479203990	1.52007857	680
336063929	339323464	2.23402944	938
336063929	120554816	2.26109063	938
336063929	333912731	2.28954323	938
336063929	330823465	2.28334137	938
336063929	340780792	2.34989258	938
336063929	77359656	2.55893604	938
336063929	479147164	1.5846813	680
336063929	82702855	2.23140002	938
336063929	186476590	2.42462165	938
336063929	171056713	2.28630251	938
336063929	226310146	1.3399245	661
294011753	507380852	2.0768229	938
294011753	347532034	2.20064129	938
294011753	91782855	2.21280687	598
294011753	224373450	2.08776451	598
294011753	310820926	1.9651643	598
294011753	557829279	2.22386416	938
294011753	229916937	2.15140807	938
294011753	383784057	1.69952926	627
294011753	326315826	2.07639183	598
294011753	94313087	2.00293651	598
294011753	564912578	2.25397106	598
294011753	310779044	2.12195879	938
294011753	170289208	2.08618532	938
294011753	225848723	1.87034337	598
294011753	108805460	1.57216078	627
294011753	70730344	2.22005569	598
294011753	479203990	2.37534287	938
294011753	339323464	2.01383028	598
294011753	120554816	2.04089147	598
294011753	333912731	2.06934407	598
294011753	330823465	2.06314221	598
294011753	340780792	2.12969342	598
294011753	77359656	2.33873688	598
294011753	479147164	2.4399456	938
294011753	82702855	2.01120086	598
294011753	186476590	2.20442249	598
294011753	171056713	2.06610335	598
294011753	226310146	1.92473304	938
507380852	347532034	1.56008351	439
507380852	91782855	2.18719133	938
507380852	224373450	2.06214897	938
507380852	310820926	1.93954876	938
507380852	557829279	1.6999434	789
507380852	229916937	1.62748731	789
507380852	383784057	1.86649174	938
507380852	326315826	2.05077629	938
507380852	94313087	1.97732097	938
507380852	564912578	2.22835552	938
507380852	310779044	0.63354267	1024
507380852	170289208	1.76566254	359
507380852	225848723	1.84472783	938
507380852	108805460	1.73912326	938
507380852	70730344	2.19444015	938
507380852	479203990	1.73478509	439
507380852	339323464	1.98821474	938
507380852	120554816	2.01527593	938
507380852	333912731	2.04372853	938
507380852	330823465	2.03752667	938
507380852	340780792	2.10407788	938
507380852	77359656	2.31312134	938
507380852	479147164	1.79938782	439
507380852	82702855	1.98558532	938
507380852	186476590	2.17880695	938
507380852	171056713	2.04048781	938
507380852	226310146	1.28417526	439
347532034	91782855	2.31100972	938
347532034	224373450	2.18596736	938
347532034	310820926	2.06336715	938
347532034	557829279	1.82376179	789
347532034	229916937	1.7513057	789
347532034	383784057	1.99031013	938
347532034	326315826	2.17459468	938
347532034	94313087	2.10113936	938
347532034	564912578	2.35217391	938
347532034	310779044	1.6052194	439
347532034	170289208	1.88948093	359
347532034	225848723	1.96854622	938
347532034	108805460	1.86294165	938
347532034	70730344	2.31825854	938
347532034	479203990	0.5201137	1024
347532034	339323464	2.11203313	938
347532034	120554816	2.13909432	938
347532034	333912731	2.16754692	938
347532034	330823465	2.16134506	938
347532034	340780792	2.22789627	938
347532034	77359656	2.43693973	938
347532034	479147164	0.58471643	1024
347532034	82702855	2.10940371	938
347532034	186476590	2.30262534	938
347532034	171056713	2.1643062	938
347532034	226310146	1.21792819	661
91782855	224373450	1.58511822	462
91782855	310820926	1.10773183	291
91782855	557829279	2.33423259	938
91782855	229916937	2.2617765	938
91782855	383784057	2.00247571	598
91782855	326315826	0.92294278	638
91782855	94313087	0.45687634	667
91782855	564912578	0.44513749	1006
91782855	310779044	2.23232722	938
91782855	170289208	2.19655375	938
91782855	225848723	1.36769708	462
91782855	108805460	1.87510723	598
91782855	70730344	1.36262322	291
91782855	479203990	2.4857113	938
91782855	339323464	0.46777011	667
91782855	120554816	1.183459	291
91782855	333912731	0.91589502	638
91782855	330823465	0.90969316	638
91782855	340780792	1.44546389	109
91782855	77359656	1.48130441	291
91782855	479147164	2.55031403	938
91782855	82702855	1.15376839	291
91782855	186476590	0.17605442	1022
91782855	171056713	0.9126543	638
91782855	226310146	2.03510147	938
224373450	310820926	1.33747565	462
224373450	557829279	2.20919023	938
224373450	229916937	2.13673414	938
224373450	383784057	1.87743335	598
224373450	326315826	1.44870318	462
224373450	94313087	1.37524786	462
224373450	564912578	1.62628241	462
224373450	310779044	2.10728486	938
224373450	170289208	2.07151139	938
224373450	225848723	0.67865974	318
224373450	108805460	1.75006487	598
224373450	70730344	1.59236704	462
224373450	479203990	2.36066894	938
224373450	339323464	1.38614163	462
224373450	120554816	1.41320282	462
224373450	333912731	1.44165542	462
224373450	330823465	1.43545356	462
224373450	340780792	1.50200477	462
224373450	77359656	1.71104823	462
224373450	479147164	2.42527167	938
224373450	82702855	1.38351221	462
224373450	186476590	1.57673384	462
224373450	171056713	1.4384147	462
224373450	226310146	1.91005911	938
310820926	557829279	2.08659002	938
310820926	229916937	2.01413393	938
310820926	383784057	1.75483314	598
310820926	326315826	0.97131679	291
310820926	94313087	0.89786147	291
310820926	564912578	1.14889602	291
310820926	310779044	1.98468465	938
310820926	170289208	1.94891118	938
310820926	225848723	1.12005451	462
310820926	108805460	1.62746466	598
310820926	70730344	0.95520785	255
310820926	479203990	2.23806873	938
310820926	339323464	0.90875524	291
310820926	120554816	0.77604363	255
310820926	333912731	0.96426903	291
310820926	330823465	0.95806717	291
310820926	340780792	1.19782132	109
310820926	77359656	1.07388904	255
310820926	479147164	2.30267146	938
310820926	82702855	0.74635302	255
310820926	186476590	1.09934745	291
310820926	171056713	0.96102831	291
310820926	226310146	1.7874589	938
557829279	229916937	0.36398777	1000
557829279	383784057	2.013533	938
557829279	326315826	2.19781755	938
557829279	94313087	2.12436223	938
557829279	564912578	2.37539678	938
557829279	310779044	1.74507929	789
557829279	170289208	1.9127038	359
557829279	225848723	1.99176909	938
557829279	108805460	1.88616452	938
557829279	70730344	2.34148141	938
557829279	479203990	1.99846337	789
557829279	339323464	2.135256	938
557829279	120554816	2.16231719	938
557829279	333912731	2.19076979	938
557829279	330823465	2.18456793	938
557829279	340780792	2.25111914	938
557829279	77359656	2.4601626	938
557829279	479147164	2.0630661	789
557829279	82702855	2.13262658	938
557829279	186476590	2.32584821	938
557829279	171056713	2.18752907	938
557829279	226310146	1.54785354	789
229916937	383784057	1.94107691	938
229916937	326315826	2.12536146	938
229916937	94313087	2.05190614	938
229916937	564912578	2.30294069	938
229916937	310779044	1.6726232	789
229916937	170289208	1.84024771	359
229916937	225848723	1.919313	938
229916937	108805460	1.81370843	938
229916937	70730344	2.26902532	938
229916937	479203990	1.92600728	789
229916937	339323464	2.06279991	938
229916937	120554816	2.0898611	938
229916937	333912731	2.1183137	938
229916937	330823465	2.11211184	938
229916937	340780792	2.17866305	938
229916937	77359656	2.38770651	938
229916937	479147164	1.99061001	789
229916937	82702855	2.06017049	938
229916937	186476590	2.25339212	938
229916937	171056713	2.11507298	938
229916937	226310146	1.47539745	789
383784057	326315826	1.86606067	598
383784057	94313087	1.79260535	598
383784057	564912578	2.0436399	598
383784057	310779044	1.91162763	938
383784057	170289208	1.87585416	938
383784057	225848723	1.66001221	598
383784057	108805460	1.21610448	405
383784057	70730344	2.00972453	598
383784057	479203990	2.16501171	938
383784057	339323464	1.80349912	598
383784057	120554816	1.83056031	598
383784057	333912731	1.85901291	598
383784057	330823465	1.85281105	598
383784057	340780792	1.91936226	598
383784057	77359656	2.12840572	598
383784057	479147164	2.22961444	938
383784057	82702855	1.8008697	598
383784057	186476590	1.99409133	598
383784057	171056713	1.85577219	598
383784057	226310146	1.71440188	938
326315826	94313087	0.71307242	638
326315826	564912578	0.96410697	638
326315826	310779044	2.09591218	938
326315826	170289208	2.06013871	938
326315826	225848723	1.23128204	462
326315826	108805460	1.73869219	598
326315826	70730344	1.22620818	291
326315826	479203990	2.34929626	938
326315826	339323464	0.72396619	638
326315826	120554816	1.04704396	291
326315826	333912731	0.37670248	1018
326315826	330823465	0.17817718	1009
326315826	340780792	1.30904885	109
326315826	77359656	1.34488937	291
326315826	479147164	2.41389899	938
326315826	82702855	1.01735335	291
326315826	186476590	0.9145584	638
326315826	171056713	0.7002434	324
326315826	226310146	1.89868643	938
94313087	564912578	0.49804053	667
94313087	310779044	2.02245686	938
94313087	170289208	1.98668339	938
94313087	225848723	1.15782672	462
94313087	108805460	1.66523687	598
94313087	70730344	1.15275286	291
94313087	479203990	2.27584094	938
94313087	339323464	0.15961921	868
94313087	120554816	0.97358864	291
94313087	333912731	0.70602466	638
94313087	330823465	0.6998228	638
94313087	340780792	1.23559353	109
94313087	77359656	1.27143405	291
94313087	479147164	2.34044367	938
94313087	82702855	0.94389803	291
94313087	186476590	0.44849196	667
94313087	171056713	0.70278394	638
94313087	226310146	1.82523111	938
564912578	310779044	2.27349141	938
564912578	170289208	2.23771794	938
564912578	225848723	1.40886127	462
564912578	108805460	1.91627142	598
564912578	70730344	1.40378741	291
564912578	479203990	2.52687549	938
564912578	339323464	0.5089343	667
564912578	120554816	1.22462319	291
564912578	333912731	0.95705921	638
564912578	330823465	0.95085735	638
564912578	340780792	1.48662808	109
564912578	77359656	1.5224686	291
564912578	479147164	2.59147822	938
564912578	82702855	1.19493258	291
564912578	186476590	0.43675311	1006
564912578	171056713	0.95381849	638
564912578	226310146	2.07626566	938
310779044	170289208	1.81079843	359
310779044	225848723	1.88986372	938
310779044	108805460	1.78425915	938
310779044	70730344	2.23957604	938
310779044	479203990	1.77992098	439
310779044	339323464	2.03335063	938
310779044	120554816	2.06041182	938
310779044	333912731	2.08886442	938
310779044	330823465	2.08266256	938
310779044	340780792	2.14921377	938
310779044	77359656	2.35825723	938
310779044	479147164	1.84452371	439
310779044	82702855	2.03072121	938
310779044	186476590	2.22394284	938
310779044	171056713	2.0856237	938
310779044	226310146	1.32931115	439
170289208	225848723	1.85409025	938
170289208	108805460	1.74848568	938
170289208	70730344	2.20380257	938
170289208	479203990	2.06418251	359
170289208	339323464	1.99757716	938
170289208	120554816	2.02463835	938
170289208	333912731	2.05309095	938
170289208	330823465	2.04688909	938
170289208	340780792	2.1134403	938
170289208	77359656	2.32248376	938
170289208	479147164	2.12878524	359
170289208	82702855	1.99494774	938
170289208	186476590	2.18816937	938
170289208	171056713	2.04985023	938
170289208	226310146	1.61357268	359
225848723	108805460	1.53264373	598
225848723	70730344	1.3749459	462
225848723	479203990	2.1432478	938
225848723	339323464	1.16872049	462
225848723	120554816	1.19578168	462
225848723	333912731	1.22423428	462
225848723	330823465	1.21803242	462
225848723	340780792	1.28458363	462
225848723	77359656	1.49362709	462
225848723	479147164	2.20785053	938
225848723	82702855	1.16609107	462
225848723	186476590	1.3593127	462
225848723	171056713	1.22099356	462
225848723	226310146	1.69263797	938
108805460	70730344	1.88235605	598
108805460	479203990	2.03764323	938
108805460	339323464	1.67613064	598
108805460	120554816	1.70319183	598
108805460	333912731	1.73164443	598
108805460	330823465	1.72544257	598
108805460	340780792	1.79199378	598
108805460	77359656	2.00103724	598
108805460	479147164	2.10224596	938
108805460	82702855	1.67350122	598
108805460	186476590	1.86672285	598
108805460	171056713	1.72840371	598
108805460	226310146	1.5870334	938
70730344	479203990	2.49296012	938
70730344	339323464	1.16364663	291
70730344	120554816	0.7131844	282
70730344	333912731	1.21916042	291
70730344	330823465	1.21295856	291
70730344	340780792	1.45271271	109
70730344	77359656	0.87974327	349
70730344	479147164	2.55756285	938
70730344	82702855	0.78027563	578
70730344	186476590	1.35423884	291
70730344	171056713	1.2159197	291
70730344	226310146	2.04235029	938
479203990	339323464	2.28673471	938
479203990	120554816	2.3137959	938
479203990	333912731	2.3422485	938
479203990	330823465	2.33604664	938
479203990	340780792	2.40259785	938
479203990	77359656	2.61164131	938
479203990	479147164	0.29624523	1017
479203990	82702855	2.28410529	938
479203990	186476590	2.47732692	938
479203990	171056713	2.33900778	938
479203990	226310146	1.39262977	661
339323464	120554816	0.98448241	291
339323464	333912731	0.71691843	638
339323464	330823465	0.71071657	638
339323464	340780792	1.2464873	109
339323464	77359656	1.28232782	291
339323464	479147164	2.35133744	938
339323464	82702855	0.9547918	291
339323464	186476590	0.45938573	667
339323464	171056713	0.71367771	638
339323464	226310146	1.83612488	938
120554816	333912731	1.0399962	291
120554816	330823465	1.03379434	291
120554816	340780792	1.27354849	109
120554816	77359656	0.83186559	282
120554816	479147164	2.37839863	938
120554816	82702855	0.60111141	578
120554816	186476590	1.17507462	291
120554816	171056713	1.03675548	291
120554816	226310146	1.86318607	938
333912731	330823465	0.36345286	1018
333912731	340780792	1.30200109	109
333912731	77359656	1.33784161	291
333912731	479147164	2.40685123	938
333912731	82702855	1.01030559	291
333912731	186476590	0.90751064	638
333912731	171056713	0.69319564	324
333912731	226310146	1.89163867	938
330823465	340780792	1.29579923	109
330823465	77359656	1.33163975	291
330823465	479147164	2.40064937	938
330823465	82702855	1.00410373	291
330823465	186476590	0.90130878	638
330823465	171056713	0.68699378	324
330823465	226310146	1.88543681	938
340780792	77359656	1.5713939	109
340780792	479147164	2.46720058	938
340780792	82702855	1.24385788	109
340780792	186476590	1.43707951	109
340780792	171056713	1.29876037	109
340780792	226310146	1.95198802	938
77359656	479147164	2.67624404	938
77359656	82702855	0.89895682	578
77359656	186476590	1.47292003	291
77359656	171056713	1.33460089	291
77359656	226310146	2.16103148	938
479147164	82702855	2.34870802	938
479147164	186476590	2.54192965	938
479147164	171056713	2.40361051	938
479147164	226310146	1.4572325	661
82702855	186476590	1.14538401	291
82702855	171056713	1.00706487	291
82702855	226310146	1.83349546	938
186476590	171056713	0.90426992	638
186476590	226310146	2.02671709	938
171056713	226310146	1.88839795	938
