188996477	374298131	4.16838455	872
188996477	310779043	3.63799046	872
188996477	387813821	1.78574395	1024
188996477	222100059	4.25402431	872
188996477	217077333	4.07502046	872
188996477	296135489	2.27370616	1024
188996477	117926262	3.27069784	722
188996477	238028544	2.2940376	1024
188996477	225848724	0.40069273	1020
188996477	330839992	4.00181156	872
188996477	383784058	3.68160808	432
188996477	264676833	2.21479113	1024
188996477	121593191	2.10862968	1024
188996477	302671148	4.24672205	872
188996477	310820925	2.07332317	1024
188996477	479203989	4.33391068	872
188996477	347532033	4.39879593	872
188996477	300313527	1.98626766	1024
188996477	170289211	4.16368099	872
188996477	407474950	3.32547563	872
188996477	538359411	4.32170412	872
188996477	119025415	4.13310769	872
188996477	116696134	2.10176309	1024
188996477	120609730	2.02782807	1024
188996477	340780793	1.9540856	482
188996477	294011759	3.03166672	1024
188996477	386715402	3.44586772	872
188996477	150020885	4.10209439	872
188996477	226310147	3.39116712	872
188996477	241663666	1.98883184	1024
188996477	238024557	2.08844993	1024
188996477	70730345	1.91872219	1024
188996477	108805461	2.88725194	432
188996477	374998186	3.2438682	722
188996477	224373449	1.34068252	492
188996477	186476589	2.30389859	1024
188996477	338731239	4.27190488	872
188996477	42784632	3.81587994	872
188996477	229916936	3.39231233	872
188996477	110833757	2.04603986	1024
188996477	19703726	3.90185697	872
188996477	152989467	1.92836608	1024
188996477	94313088	2.08375996	1024
188996477	222100054	4.56766293	872
188996477	557829278	3.43075953	872
188996477	189426249	2.0992124	1024
188996477	319789783	1.07089515	1023
188996477	538380821	4.21709418	872
188996477	374332853	4.29763644	1024
188996477	171056714	1.99640877	1024
188996477	357385592	4.11932219	1024
188996477	186474066	2.04737105	1024
188996477	379723650	3.28484732	872
188996477	121604548	2.16071864	1024
188996477	404496827	2.27687096	1024
188996477	242280147	2.81495659	432
188996477	333912732	2.21187651	1024
188996477	225850894	1.2620097	1012
188996477	336063930	4.30876563	872
188996477	560141723	2.28569874	1024
188996477	77359655	1.80728582	1024
188996477	91782856	2.3471158	1024
188996477	300690818	2.04075439	1024
188996477	334344474	2.92965137	1024
188996477	82702854	1.97148093	1024
188996477	296454659	4.09375134	872
188996477	436841832	2.71649753	432
188996477	82703548	2.06962038	1024
188996477	146280077	4.93348794	1024
374298131	310779043	3.40499807	231
374298131	387813821	3.63830486	872
374298131	222100059	4.18935208	926
374298131	217077333	4.01034823	926
374298131	296135489	4.12626707	872
374298131	117926262	3.71892533	722
374298131	238028544	4.14659851	872
374298131	225848724	4.19819398	872
374298131	330839992	3.41090379	597
374298131	383784058	4.31182557	872
374298131	264676833	4.06735204	872
374298131	121593191	3.96119059	872
374298131	302671148	3.65581428	597
374298131	310820925	3.92588408	872
374298131	479203989	3.74300291	597
374298131	347532033	3.80788816	597
374298131	300313527	3.83882857	872
374298131	170289211	4.09900876	926
374298131	407474950	3.09248324	231
374298131	538359411	3.73079635	597
374298131	119025415	3.54219992	597
374298131	116696134	3.954324	872
374298131	120609730	3.88038898	872
374298131	340780793	3.98897651	872
374298131	294011759	3.47989421	1024
374298131	386715402	3.21287533	231
374298131	150020885	4.03742216	926
374298131	226310147	2.80025935	597
374298131	241663666	3.84139275	872
374298131	238024557	3.94101084	872
374298131	70730345	3.7712831	872
374298131	108805461	3.51746943	872
374298131	374998186	3.69209569	722
374298131	224373449	4.01748229	872
374298131	186476589	4.1564595	872
374298131	338731239	4.20723265	926
374298131	42784632	3.58288755	231
374298131	229916936	3.15931994	231
374298131	110833757	3.89860077	872
374298131	19703726	3.66886458	231
374298131	152989467	3.78092699	872
374298131	94313088	3.93632087	872
374298131	222100054	4.5029907	926
374298131	557829278	3.19776714	231
374298131	189426249	3.95177331	872
374298131	319789783	4.34027206	872
374298131	538380821	3.62618641	597
374298131	374332853	4.74586393	1024
374298131	171056714	3.84896968	872
374298131	357385592	4.56754968	1024
374298131	186474066	3.89993196	872
374298131	379723650	3.05185493	231
374298131	121604548	4.01327955	872
374298131	404496827	4.12943187	872
374298131	242280147	3.44517408	872
374298131	333912732	4.06443742	872
374298131	225850894	3.74556611	872
374298131	336063930	3.71785786	597
374298131	560141723	4.13825965	872
374298131	77359655	3.65984673	872
374298131	91782856	4.19967671	872
374298131	300690818	3.8933153	872
374298131	334344474	3.37787886	1024
374298131	82702854	3.82404184	872
374298131	296454659	3.50284357	597
374298131	436841832	3.34671502	872
374298131	82703548	3.92218129	872
374298131	146280077	5.38171543	1024
310779043	387813821	3.10791077	872
310779043	222100059	3.65895799	926
310779043	217077333	3.47995414	926
310779043	296135489	3.59587298	872
310779043	117926262	3.18853124	722
310779043	238028544	3.61620442	872
310779043	225848724	3.66779989	872
310779043	330839992	3.23842508	231
310779043	383784058	3.78143148	872
310779043	264676833	3.53695795	872
310779043	121593191	3.4307965	872
310779043	302671148	3.48333557	231
310779043	310820925	3.39548999	872
310779043	479203989	3.5705242	231
310779043	347532033	3.63540945	231
310779043	300313527	3.30843448	872
310779043	170289211	3.56861467	926
310779043	407474950	1.71021413	931
310779043	538359411	3.55831764	231
310779043	119025415	3.36972121	231
310779043	116696134	3.42392991	872
310779043	120609730	3.34999489	872
310779043	340780793	3.45858242	872
310779043	294011759	2.94950012	1024
310779043	386715402	2.42810922	336
310779043	150020885	3.50702807	926
310779043	226310147	2.62778064	231
310779043	241663666	3.31099866	872
310779043	238024557	3.41061675	872
310779043	70730345	3.24088901	872
310779043	108805461	2.98707534	872
310779043	374998186	3.1617016	722
310779043	224373449	3.4870882	872
310779043	186476589	3.62606541	872
310779043	338731239	3.67683856	926
310779043	42784632	2.79812144	336
310779043	229916936	2.37455383	336
310779043	110833757	3.36820668	872
310779043	19703726	1.05905321	1024
310779043	152989467	3.2505329	872
310779043	94313088	3.40592678	872
310779043	222100054	3.97259661	926
310779043	557829278	2.41300103	336
310779043	189426249	3.42137922	872
310779043	319789783	3.80987797	872
310779043	538380821	3.4537077	231
310779043	374332853	4.21546984	1024
310779043	171056714	3.31857559	872
310779043	357385592	4.03715559	1024
310779043	186474066	3.36953787	872
310779043	379723650	2.26708882	336
310779043	121604548	3.48288546	872
310779043	404496827	3.59903778	872
310779043	242280147	2.91477999	872
310779043	333912732	3.53404333	872
310779043	225850894	3.21517202	872
310779043	336063930	3.54537915	231
310779043	560141723	3.60786556	872
310779043	77359655	3.12945264	872
310779043	91782856	3.66928262	872
310779043	300690818	3.36292121	872
310779043	334344474	2.84748477	1024
310779043	82702854	3.29364775	872
310779043	296454659	3.33036486	231
310779043	436841832	2.81632093	872
310779043	82703548	3.3917872	872
310779043	146280077	4.85132134	1024
387813821	222100059	3.72394462	872
387813821	217077333	3.54494077	872
387813821	296135489	1.37367441	252
387813821	117926262	2.74061815	722
387813821	238028544	1.39400585	252
387813821	225848724	1.81555338	1024
387813821	330839992	3.47173187	872
387813821	383784058	3.15152839	432
387813821	264676833	1.31475938	252
387813821	121593191	1.20859793	252
387813821	302671148	3.71664236	872
387813821	310820925	1.17329142	252
387813821	479203989	3.80383099	872
387813821	347532033	3.86871624	872
387813821	300313527	1.08623591	252
387813821	170289211	3.6336013	872
387813821	407474950	2.79539594	872
387813821	538359411	3.79162443	872
387813821	119025415	3.603028	872
387813821	116696134	1.20173134	252
387813821	120609730	1.12779632	252
387813821	340780793	1.60633591	1024
387813821	294011759	2.50158703	1024
387813821	386715402	2.91578803	872
387813821	150020885	3.5720147	872
387813821	226310147	2.86108743	872
387813821	241663666	1.08880009	252
387813821	238024557	1.18841818	252
387813821	70730345	0.88887014	318
387813821	108805461	2.35717225	432
387813821	374998186	2.71378851	722
387813821	224373449	1.63484169	1024
387813821	186476589	1.40386684	252
387813821	338731239	3.74182519	872
387813821	42784632	3.28580025	872
387813821	229916936	2.86223264	872
387813821	110833757	1.14600811	252
387813821	19703726	3.37177728	872
387813821	152989467	0.89851403	318
387813821	94313088	1.18372821	252
387813821	222100054	4.03758324	872
387813821	557829278	2.90067984	872
387813821	189426249	1.19918065	252
387813821	319789783	1.95763146	1024
387813821	538380821	3.68701449	872
387813821	374332853	3.76755675	1024
387813821	171056714	1.09637702	252
387813821	357385592	3.5892425	1024
387813821	186474066	1.1473393	252
387813821	379723650	2.75476763	872
387813821	121604548	1.26068689	252
387813821	404496827	1.37683921	252
387813821	242280147	2.2848769	432
387813821	333912732	1.31184476	252
387813821	225850894	1.36292551	1024
387813821	336063930	3.77868594	872
387813821	560141723	1.38566699	252
387813821	77359655	1.10465347	737
387813821	91782856	1.44708405	252
387813821	300690818	1.14072264	252
387813821	334344474	2.39957168	1024
387813821	82702854	0.94162888	318
387813821	296454659	3.56367165	872
387813821	436841832	2.18641784	432
387813821	82703548	1.16958863	252
387813821	146280077	4.40340825	1024
222100059	217077333	3.15331307	944
222100059	296135489	4.21190683	872
222100059	117926262	3.80456509	722
222100059	238028544	4.23223827	872
222100059	225848724	4.28383374	872
222100059	330839992	4.02277909	926
222100059	383784058	4.39746533	872
222100059	264676833	4.1529918	872
222100059	121593191	4.04683035	872
222100059	302671148	4.26768958	926
222100059	310820925	4.01152384	872
222100059	479203989	4.35487821	926
222100059	347532033	4.41976346	926
222100059	300313527	3.92446833	872
222100059	170289211	0.43121256	1024
222100059	407474950	3.34644316	926
222100059	538359411	4.34267165	926
222100059	119025415	4.15407522	926
222100059	116696134	4.03996376	872
222100059	120609730	3.96602874	872
222100059	340780793	4.07461627	872
222100059	294011759	3.56553397	1024
222100059	386715402	3.46683525	926
222100059	150020885	3.180387	944
222100059	226310147	3.41213465	926
222100059	241663666	3.92703251	872
222100059	238024557	4.0266506	872
222100059	70730345	3.85692286	872
222100059	108805461	3.60310919	872
222100059	374998186	3.77773545	722
222100059	224373449	4.10312205	872
222100059	186476589	4.24209926	872
222100059	338731239	3.35019749	944
222100059	42784632	3.83684747	926
222100059	229916936	3.41327986	926
222100059	110833757	3.98424053	872
222100059	19703726	3.9228245	926
222100059	152989467	3.86656675	872
222100059	94313088	4.02196063	872
222100059	222100054	2.19905714	1024
222100059	557829278	3.45172706	926
222100059	189426249	4.03741307	872
222100059	319789783	4.42591182	872
222100059	538380821	4.23806171	926
222100059	374332853	4.83150369	1024
222100059	171056714	3.93460944	872
222100059	357385592	4.65318944	1024
222100059	186474066	3.98557172	872
222100059	379723650	3.30581485	926
222100059	121604548	4.09891931	872
222100059	404496827	4.21507163	872
222100059	242280147	3.53081384	872
222100059	333912732	4.15007718	872
222100059	225850894	3.83120587	872
222100059	336063930	4.32973316	926
222100059	560141723	4.22389941	872
222100059	77359655	3.74548649	872
222100059	91782856	4.28531647	872
222100059	300690818	3.97895506	872
222100059	334344474	3.46351862	1024
222100059	82702854	3.9096816	872
222100059	296454659	4.11471887	926
222100059	436841832	3.43235478	872
222100059	82703548	4.00782105	872
222100059	146280077	5.46735519	1024
217077333	296135489	4.03290298	872
217077333	117926262	3.62556124	722
217077333	238028544	4.05323442	872
217077333	225848724	4.10482989	872
217077333	330839992	3.84377524	926
217077333	383784058	4.21846148	872
217077333	264676833	3.97398795	872
217077333	121593191	3.8678265	872
217077333	302671148	4.08868573	926
217077333	310820925	3.83251999	872
217077333	479203989	4.17587436	926
217077333	347532033	4.24075961	926
217077333	300313527	3.74546448	872
217077333	170289211	3.06296975	944
217077333	407474950	3.16743931	926
217077333	538359411	4.1636678	926
217077333	119025415	3.97507137	926
217077333	116696134	3.86095991	872
217077333	120609730	3.78702489	872
217077333	340780793	3.89561242	872
217077333	294011759	3.38653012	1024
217077333	386715402	3.2878314	926
217077333	150020885	0.39939595	626
217077333	226310147	3.2331308	926
217077333	241663666	3.74802866	872
217077333	238024557	3.84764675	872
217077333	70730345	3.67791901	872
217077333	108805461	3.42410534	872
217077333	374998186	3.5987316	722
217077333	224373449	3.9241182	872
217077333	186476589	4.06309541	872
217077333	338731239	1.07770432	1024
217077333	42784632	3.65784362	926
217077333	229916936	3.23427601	926
217077333	110833757	3.80523668	872
217077333	19703726	3.74382065	926
217077333	152989467	3.6875629	872
217077333	94313088	3.84295678	872
217077333	222100054	3.46695169	944
217077333	557829278	3.27272321	926
217077333	189426249	3.85840922	872
217077333	319789783	4.24690797	872
217077333	538380821	4.05905786	926
217077333	374332853	4.65249984	1024
217077333	171056714	3.75560559	872
217077333	357385592	4.47418559	1024
217077333	186474066	3.80656787	872
217077333	379723650	3.126811	926
217077333	121604548	3.91991546	872
217077333	404496827	4.03606778	872
217077333	242280147	3.35180999	872
217077333	333912732	3.97107333	872
217077333	225850894	3.65220202	872
217077333	336063930	4.15072931	926
217077333	560141723	4.04489556	872
217077333	77359655	3.56648264	872
217077333	91782856	4.10631262	872
217077333	300690818	3.79995121	872
217077333	334344474	3.28451477	1024
217077333	82702854	3.73067775	872
217077333	296454659	3.93571502	926
217077333	436841832	3.25335093	872
217077333	82703548	3.8288172	872
217077333	146280077	5.28835134	1024
296135489	117926262	3.22858036	722
296135489	238028544	1.40246414	916
296135489	225848724	2.30351559	1024
296135489	330839992	3.95969408	872
296135489	383784058	3.6394906	432
296135489	264676833	1.32321767	916
296135489	121593191	1.21705622	916
296135489	302671148	4.20460457	872
296135489	310820925	1.53805089	230
296135489	479203989	4.2917932	872
296135489	347532033	4.35667845	872
296135489	300313527	1.0946942	916
296135489	170289211	4.12156351	872
296135489	407474950	3.28335815	872
296135489	538359411	4.27958664	872
296135489	119025415	4.09099021	872
296135489	116696134	1.21018963	916
296135489	120609730	1.13625461	916
296135489	340780793	2.09429812	1024
296135489	294011759	2.98954924	1024
296135489	386715402	3.40375024	872
296135489	150020885	4.05997691	872
296135489	226310147	3.34904964	872
296135489	241663666	1.09725838	916
296135489	238024557	1.19687647	916
296135489	70730345	1.50665265	252
296135489	108805461	2.84513446	432
296135489	374998186	3.20175072	722
296135489	224373449	2.1228039	1024
296135489	186476589	1.41232513	916
296135489	338731239	4.2297874	872
296135489	42784632	3.77376246	872
296135489	229916936	3.35019485	872
296135489	110833757	1.0823627	297
296135489	19703726	3.85973949	872
296135489	152989467	1.51629654	252
296135489	94313088	1.1921865	916
296135489	222100054	4.52554545	872
296135489	557829278	3.38864205	872
296135489	189426249	1.13553524	297
296135489	319789783	2.44559367	1024
296135489	538380821	4.1749767	872
296135489	374332853	4.25551896	1024
296135489	171056714	0.88539907	657
296135489	357385592	4.07720471	1024
296135489	186474066	1.15579759	916
296135489	379723650	3.24272984	872
296135489	121604548	1.62544636	230
296135489	404496827	1.3131938	297
296135489	242280147	2.77283911	432
296135489	333912732	1.32030305	916
296135489	225850894	1.85088772	1024
296135489	336063930	4.26664815	872
296135489	560141723	1.39412528	916
296135489	77359655	1.59261568	737
296135489	91782856	1.45554234	916
296135489	300690818	1.14918093	916
296135489	334344474	2.88753389	1024
296135489	82702854	1.55941139	252
296135489	296454659	4.05163386	872
296135489	436841832	2.67438005	432
296135489	82703548	1.5343481	230
296135489	146280077	4.89137046	1024
117926262	238028544	3.2489118	722
117926262	225848724	3.30050727	722
117926262	330839992	3.55235234	722
117926262	383784058	3.41413886	722
117926262	264676833	3.16966533	722
117926262	121593191	3.06350388	722
117926262	302671148	3.79726283	722
117926262	310820925	3.02819737	722
117926262	479203989	3.88445146	722
117926262	347532033	3.94933671	722
117926262	300313527	2.94114186	722
117926262	170289211	3.71422177	722
117926262	407474950	2.87601641	722
117926262	538359411	3.8722449	722
117926262	119025415	3.68364847	722
117926262	116696134	3.05663729	722
117926262	120609730	2.98270227	722
117926262	340780793	3.0912898	722
117926262	294011759	1.88432648	1024
117926262	386715402	2.9964085	722
117926262	150020885	3.65263517	722
117926262	226310147	2.9417079	722
117926262	241663666	2.94370604	722
117926262	238024557	3.04332413	722
117926262	70730345	2.87359639	722
117926262	108805461	2.61978272	722
117926262	374998186	1.20851602	963
117926262	224373449	3.11979558	722
117926262	186476589	3.25877279	722
117926262	338731239	3.82244566	722
117926262	42784632	3.36642072	722
117926262	229916936	2.94285311	722
117926262	110833757	3.00091406	722
117926262	19703726	3.45239775	722
117926262	152989467	2.88324028	722
117926262	94313088	3.03863416	722
117926262	222100054	4.11820371	722
117926262	557829278	2.98130031	722
117926262	189426249	3.0540866	722
117926262	319789783	3.44258535	722
117926262	538380821	3.76763496	722
117926262	374332853	3.1502962	1024
117926262	171056714	2.95128297	722
117926262	357385592	2.97198195	1024
117926262	186474066	3.00224525	722
117926262	379723650	2.8353881	722
117926262	121604548	3.11559284	722
117926262	404496827	3.23174516	722
117926262	242280147	2.54748737	722
117926262	333912732	3.16675071	722
117926262	225850894	2.8478794	722
117926262	336063930	3.85930641	722
117926262	560141723	3.24057294	722
117926262	77359655	2.76216002	722
117926262	91782856	3.30199	722
117926262	300690818	2.99562859	722
117926262	334344474	1.78231113	1024
117926262	82702854	2.92635513	722
117926262	296454659	3.64429212	722
117926262	436841832	2.44902831	722
117926262	82703548	3.02449458	722
117926262	146280077	3.7861477	1024
238028544	225848724	2.32384703	1024
238028544	330839992	3.98002552	872
238028544	383784058	3.65982204	432
238028544	264676833	1.23381621	431
238028544	121593191	1.12765476	431
238028544	302671148	4.22493601	872
238028544	310820925	1.55838233	230
238028544	479203989	4.31212464	872
238028544	347532033	4.37700989	872
238028544	300313527	0.82645794	915
238028544	170289211	4.14189495	872
238028544	407474950	3.30368959	872
238028544	538359411	4.29991808	872
238028544	119025415	4.11132165	872
238028544	116696134	0.69591617	936
238028544	120609730	1.04685315	431
238028544	340780793	2.11462956	1024
238028544	294011759	3.00988068	1024
238028544	386715402	3.42408168	872
238028544	150020885	4.08030835	872
238028544	226310147	3.36938108	872
238028544	241663666	0.58298492	936
238028544	238024557	0.80561537	850
238028544	70730345	1.52698409	252
238028544	108805461	2.8654659	432
238028544	374998186	3.22208216	722
238028544	224373449	2.14313534	1024
238028544	186476589	0.24647045	1024
238028544	338731239	4.25011884	872
238028544	42784632	3.7940939	872
238028544	229916936	3.37052629	872
238028544	110833757	1.17479784	916
238028544	19703726	3.88007093	872
238028544	152989467	1.53662798	252
238028544	94313088	0.67791304	936
238028544	222100054	4.54587689	872
238028544	557829278	3.40897349	872
238028544	189426249	1.22797038	916
238028544	319789783	2.46592511	1024
238028544	538380821	4.19530814	872
238028544	374332853	4.2758504	1024
238028544	171056714	1.12516675	916
238028544	357385592	4.09753615	1024
238028544	186474066	0.76453649	850
238028544	379723650	3.26306128	872
238028544	121604548	1.6457778	230
238028544	404496827	1.40562894	916
238028544	242280147	2.79317055	432
238028544	333912732	1.23090159	431
238028544	225850894	1.87121916	1024
238028544	336063930	4.28697959	872
238028544	560141723	0.54109104	1024
238028544	77359655	1.61294712	737
238028544	91782856	0.28968766	1024
238028544	300690818	0.63490747	936
238028544	334344474	2.90786533	1024
238028544	82702854	1.57974283	252
238028544	296454659	4.0719653	872
238028544	436841832	2.69471149	432
238028544	82703548	1.55467954	230
238028544	146280077	4.9117019	1024
225848724	330839992	4.03162099	872
225848724	383784058	3.71141751	432
225848724	264676833	2.24460056	1024
225848724	121593191	2.13843911	1024
225848724	302671148	4.27653148	872
225848724	310820925	2.1031326	1024
225848724	479203989	4.36372011	872
225848724	347532033	4.42860536	872
225848724	300313527	2.01607709	1024
225848724	170289211	4.19349042	872
225848724	407474950	3.35528506	872
225848724	538359411	4.35151355	872
225848724	119025415	4.16291712	872
225848724	116696134	2.13157252	1024
225848724	120609730	2.0576375	1024
225848724	340780793	1.98389503	482
225848724	294011759	3.06147615	1024
225848724	386715402	3.47567715	872
225848724	150020885	4.13190382	872
225848724	226310147	3.42097655	872
225848724	241663666	2.01864127	1024
225848724	238024557	2.11825936	1024
225848724	70730345	1.94853162	1024
225848724	108805461	2.91706137	432
225848724	374998186	3.27367763	722
225848724	224373449	1.37049195	492
225848724	186476589	2.33370802	1024
225848724	338731239	4.30171431	872
225848724	42784632	3.84568937	872
225848724	229916936	3.42212176	872
225848724	110833757	2.07584929	1024
225848724	19703726	3.9316664	872
225848724	152989467	1.95817551	1024
225848724	94313088	2.11356939	1024
225848724	222100054	4.59747236	872
225848724	557829278	3.46056896	872
225848724	189426249	2.12902183	1024
225848724	319789783	1.10070458	1023
225848724	538380821	4.24690361	872
225848724	374332853	4.32744587	1024
225848724	171056714	2.0262182	1024
225848724	357385592	4.14913162	1024
225848724	186474066	2.07718048	1024
225848724	379723650	3.31465675	872
225848724	121604548	2.19052807	1024
225848724	404496827	2.30668039	1024
225848724	242280147	2.84476602	432
225848724	333912732	2.24168594	1024
225848724	225850894	1.29181913	1012
225848724	336063930	4.33857506	872
225848724	560141723	2.31550817	1024
225848724	77359655	1.83709525	1024
225848724	91782856	2.37692523	1024
225848724	300690818	2.07056382	1024
225848724	334344474	2.9594608	1024
225848724	82702854	2.00129036	1024
225848724	296454659	4.12356077	872
225848724	436841832	2.74630696	432
225848724	82703548	2.09942981	1024
225848724	146280077	4.96329737	1024
330839992	383784058	4.14525258	872
330839992	264676833	3.90077905	872
330839992	121593191	3.7946176	872
330839992	302671148	3.04196179	868
330839992	310820925	3.75931109	872
330839992	479203989	2.99140756	332
330839992	347532033	3.05629281	332
330839992	300313527	3.67225558	872
330839992	170289211	3.93243577	926
330839992	407474950	2.92591025	231
330839992	538359411	3.11694386	868
330839992	119025415	2.92834743	868
330839992	116696134	3.78775101	872
330839992	120609730	3.71381599	872
330839992	340780793	3.82240352	872
330839992	294011759	3.31332122	1024
330839992	386715402	3.04630234	231
330839992	150020885	3.87084917	926
330839992	226310147	1.61754218	749
330839992	241663666	3.67481976	872
330839992	238024557	3.77443785	872
330839992	70730345	3.60471011	872
330839992	108805461	3.35089644	872
330839992	374998186	3.5255227	722
330839992	224373449	3.8509093	872
330839992	186476589	3.98988651	872
330839992	338731239	4.04065966	926
330839992	42784632	3.41631456	231
330839992	229916936	2.99274695	231
330839992	110833757	3.73202778	872
330839992	19703726	3.50229159	231
330839992	152989467	3.614354	872
330839992	94313088	3.76974788	872
330839992	222100054	4.33641771	926
330839992	557829278	3.03119415	231
330839992	189426249	3.78520032	872
330839992	319789783	4.17369907	872
330839992	538380821	3.01233392	868
330839992	374332853	4.57929094	1024
330839992	171056714	3.68239669	872
330839992	357385592	4.40097669	1024
330839992	186474066	3.73335897	872
330839992	379723650	2.88528194	231
330839992	121604548	3.84670656	872
330839992	404496827	3.96285888	872
330839992	242280147	3.27860109	872
330839992	333912732	3.89786443	872
330839992	225850894	3.57899312	872
330839992	336063930	3.10400537	868
330839992	560141723	3.97168666	872
330839992	77359655	3.49327374	872
330839992	91782856	4.03310372	872
330839992	300690818	3.72674231	872
330839992	334344474	3.21130587	1024
330839992	82702854	3.65746885	872
330839992	296454659	2.88899108	868
330839992	436841832	3.18014203	872
330839992	82703548	3.7556083	872
330839992	146280077	5.21514244	1024
383784058	264676833	3.58057557	432
383784058	121593191	3.47441412	432
383784058	302671148	4.39016307	872
383784058	310820925	3.43910761	432
383784058	479203989	4.4773517	872
383784058	347532033	4.54223695	872
383784058	300313527	3.3520521	432
383784058	170289211	4.30712201	872
383784058	407474950	3.46891665	872
383784058	538359411	4.46514514	872
383784058	119025415	4.27654871	872
383784058	116696134	3.46754753	432
383784058	120609730	3.39361251	432
383784058	340780793	3.50220004	432
383784058	294011759	3.17510774	1024
383784058	386715402	3.58930874	872
383784058	150020885	4.24553541	872
383784058	226310147	3.53460814	872
383784058	241663666	3.35461628	432
383784058	238024557	3.45423437	432
383784058	70730345	3.28450663	432
383784058	108805461	2.77849548	280
383784058	374998186	3.38730922	722
383784058	224373449	3.53070582	432
383784058	186476589	3.66968303	432
383784058	338731239	4.4153459	872
383784058	42784632	3.95932096	872
383784058	229916936	3.53575335	872
383784058	110833757	3.4118243	432
383784058	19703726	4.04529799	872
383784058	152989467	3.29415052	432
383784058	94313088	3.4495444	432
383784058	222100054	4.71110395	872
383784058	557829278	3.57420055	872
383784058	189426249	3.46499684	432
383784058	319789783	3.85349559	432
383784058	538380821	4.3605352	872
383784058	374332853	4.44107746	1024
383784058	171056714	3.36219321	432
383784058	357385592	4.26276321	1024
383784058	186474066	3.41315549	432
383784058	379723650	3.42828834	872
383784058	121604548	3.52650308	432
383784058	404496827	3.6426554	432
383784058	242280147	2.28365917	600
383784058	333912732	3.57766095	432
383784058	225850894	3.25878964	432
383784058	336063930	4.45220665	872
383784058	560141723	3.65148318	432
383784058	77359655	3.17307026	432
383784058	91782856	3.71290024	432
383784058	300690818	3.40653883	432
383784058	334344474	3.07309239	1024
383784058	82702854	3.33726537	432
383784058	296454659	4.23719236	872
383784058	436841832	2.18520011	600
383784058	82703548	3.43540482	432
383784058	146280077	5.07692896	1024
264676833	121593191	0.36471639	681
264676833	302671148	4.14568954	872
264676833	310820925	1.47913586	230
264676833	479203989	4.23287817	872
264676833	347532033	4.29776342	872
264676833	300313527	0.92604627	431
264676833	170289211	4.06264848	872
264676833	407474950	3.22444312	872
264676833	538359411	4.22067161	872
264676833	119025415	4.03207518	872
264676833	116696134	1.0415417	431
264676833	120609730	0.3724824	1024
264676833	340780793	2.03538309	1024
264676833	294011759	2.93063421	1024
264676833	386715402	3.34483521	872
264676833	150020885	4.00106188	872
264676833	226310147	3.29013461	872
264676833	241663666	0.92861045	431
264676833	238024557	1.02822854	431
264676833	70730345	1.44773762	252
264676833	108805461	2.78621943	432
264676833	374998186	3.14283569	722
264676833	224373449	2.06388887	1024
264676833	186476589	1.2436772	431
264676833	338731239	4.17087237	872
264676833	42784632	3.71484743	872
264676833	229916936	3.29127982	872
264676833	110833757	1.09555137	916
264676833	19703726	3.80082446	872
264676833	152989467	1.45738151	252
264676833	94313088	1.02353857	431
264676833	222100054	4.46663042	872
264676833	557829278	3.32972702	872
264676833	189426249	1.14872391	916
264676833	319789783	2.38667864	1024
264676833	538380821	4.11606167	872
264676833	374332853	4.19660393	1024
264676833	171056714	1.04592028	916
264676833	357385592	4.01828968	1024
264676833	186474066	0.98714966	431
264676833	379723650	3.18381481	872
264676833	121604548	1.56653133	230
264676833	404496827	1.32638247	916
264676833	242280147	2.71392408	432
264676833	333912732	0.1605865	1024
264676833	225850894	1.79197269	1024
264676833	336063930	4.20773312	872
264676833	560141723	1.22547735	431
264676833	77359655	1.53370065	737
264676833	91782856	1.28689441	431
264676833	300690818	0.980533	431
264676833	334344474	2.82861886	1024
264676833	82702854	1.50049636	252
264676833	296454659	3.99271883	872
264676833	436841832	2.61546502	432
264676833	82703548	1.47543307	230
264676833	146280077	4.83245543	1024
121593191	302671148	4.03952809	872
121593191	310820925	1.37297441	230
121593191	479203989	4.12671672	872
121593191	347532033	4.19160197	872
121593191	300313527	0.81988482	431
121593191	170289211	3.95648703	872
121593191	407474950	3.11828167	872
121593191	538359411	4.11451016	872
121593191	119025415	3.92591373	872
121593191	116696134	0.93538025	431
121593191	120609730	0.26632095	1024
121593191	340780793	1.92922164	1024
121593191	294011759	2.82447276	1024
121593191	386715402	3.23867376	872
121593191	150020885	3.89490043	872
121593191	226310147	3.18397316	872
121593191	241663666	0.822449	431
121593191	238024557	0.92206709	431
121593191	70730345	1.34157617	252
121593191	108805461	2.68005798	432
121593191	374998186	3.03667424	722
121593191	224373449	1.95772742	1024
121593191	186476589	1.13751575	431
121593191	338731239	4.06471092	872
121593191	42784632	3.60868598	872
121593191	229916936	3.18511837	872
121593191	110833757	0.98938992	916
121593191	19703726	3.69466301	872
121593191	152989467	1.35122006	252
121593191	94313088	0.91737712	431
121593191	222100054	4.36046897	872
121593191	557829278	3.22356557	872
121593191	189426249	1.04256246	916
121593191	319789783	2.28051719	1024
121593191	538380821	4.00990022	872
121593191	374332853	4.09044248	1024
121593191	171056714	0.93975883	916
121593191	357385592	3.91212823	1024
121593191	186474066	0.88098821	431
121593191	379723650	3.07765336	872
121593191	121604548	1.46036988	230
121593191	404496827	1.22022102	916
121593191	242280147	2.60776263	432
121593191	333912732	0.36180177	681
121593191	225850894	1.68581124	1024
121593191	336063930	4.10157167	872
121593191	560141723	1.1193159	431
121593191	77359655	1.4275392	737
121593191	91782856	1.18073296	431
121593191	300690818	0.87437155	431
121593191	334344474	2.72245741	1024
121593191	82702854	1.39433491	252
121593191	296454659	3.88655738	872
121593191	436841832	2.50930357	432
121593191	82703548	1.36927162	230
121593191	146280077	4.72629398	1024
302671148	310820925	4.00422158	872
302671148	479203989	3.37406091	868
302671148	347532033	3.43894616	868
302671148	300313527	3.91716607	872
302671148	170289211	4.17734626	926
302671148	407474950	3.17082074	231
302671148	538359411	1.58686133	930
302671148	119025415	1.16176222	750
302671148	116696134	4.0326615	872
302671148	120609730	3.95872648	872
302671148	340780793	4.06731401	872
302671148	294011759	3.55823171	1024
302671148	386715402	3.29121283	231
302671148	150020885	4.11575966	926
302671148	226310147	2.43131735	868
302671148	241663666	3.91973025	872
302671148	238024557	4.01934834	872
302671148	70730345	3.8496206	872
302671148	108805461	3.59580693	872
302671148	374998186	3.77043319	722
302671148	224373449	4.09581979	872
302671148	186476589	4.234797	872
302671148	338731239	4.28557015	926
302671148	42784632	3.66122505	231
302671148	229916936	3.23765744	231
302671148	110833757	3.97693827	872
302671148	19703726	3.74720208	231
302671148	152989467	3.85926449	872
302671148	94313088	4.01465837	872
302671148	222100054	4.5813282	926
302671148	557829278	3.27610464	231
302671148	189426249	4.03011081	872
302671148	319789783	4.41860956	872
302671148	538380821	1.48225139	930
302671148	374332853	4.82420143	1024
302671148	171056714	3.92730718	872
302671148	357385592	4.64588718	1024
302671148	186474066	3.97826946	872
302671148	379723650	3.13019243	231
302671148	121604548	4.09161705	872
302671148	404496827	4.20776937	872
302671148	242280147	3.52351158	872
302671148	333912732	4.14277492	872
302671148	225850894	3.82390361	872
302671148	336063930	1.89101134	1024
302671148	560141723	4.21659715	872
302671148	77359655	3.73818423	872
302671148	91782856	4.27801421	872
302671148	300690818	3.9716528	872
302671148	334344474	3.45621636	1024
302671148	82702854	3.90237934	872
302671148	296454659	1.12240587	750
302671148	436841832	3.42505252	872
302671148	82703548	4.00051879	872
302671148	146280077	5.46005293	1024
310820925	479203989	4.09141021	872
310820925	347532033	4.15629546	872
310820925	300313527	1.25061239	230
310820925	170289211	3.92118052	872
310820925	407474950	3.08297516	872
310820925	538359411	4.07920365	872
310820925	119025415	3.89060722	872
310820925	116696134	1.36610782	230
310820925	120609730	1.2921728	230
310820925	340780793	1.89391513	1024
310820925	294011759	2.78916625	1024
310820925	386715402	3.20336725	872
310820925	150020885	3.85959392	872
310820925	226310147	3.14866665	872
310820925	241663666	1.25317657	230
310820925	238024557	1.35279466	230
310820925	70730345	1.30626966	252
310820925	108805461	2.64475147	432
310820925	374998186	3.00136773	722
310820925	224373449	1.92242091	1024
310820925	186476589	1.56824332	230
310820925	338731239	4.02940441	872
310820925	42784632	3.57337947	872
310820925	229916936	3.14981186	872
310820925	110833757	1.31038459	230
310820925	19703726	3.6593565	872
310820925	152989467	1.31591355	252
310820925	94313088	1.34810469	230
310820925	222100054	4.32516246	872
310820925	557829278	3.18825906	872
310820925	189426249	1.36355713	230
310820925	319789783	2.24521068	1024
310820925	538380821	3.97459371	872
310820925	374332853	4.05513597	1024
310820925	171056714	1.2607535	230
310820925	357385592	3.87682172	1024
310820925	186474066	1.31171578	230
310820925	379723650	3.04234685	872
310820925	121604548	1.17848101	723
310820925	404496827	1.54121569	230
310820925	242280147	2.57245612	432
310820925	333912732	1.47622124	230
310820925	225850894	1.65050473	1024
310820925	336063930	4.06626516	872
310820925	560141723	1.55004347	230
310820925	77359655	1.39223269	737
310820925	91782856	1.61146053	230
310820925	300690818	1.30509912	230
310820925	334344474	2.6871509	1024
310820925	82702854	1.3590284	252
310820925	296454659	3.85125087	872
310820925	436841832	2.47399706	432
310820925	82703548	1.08738275	723
310820925	146280077	4.69098747	1024
479203989	347532033	0.30717141	1024
479203989	300313527	4.0043547	872
479203989	170289211	4.26453489	926
479203989	407474950	3.25800937	231
479203989	538359411	3.44904298	868
479203989	119025415	3.26044655	868
479203989	116696134	4.11985013	872
479203989	120609730	4.04591511	872
479203989	340780793	4.15450264	872
479203989	294011759	3.64542034	1024
479203989	386715402	3.37840146	231
479203989	150020885	4.20294829	926
479203989	226310147	2.38076312	332
479203989	241663666	4.00691888	872
479203989	238024557	4.10653697	872
479203989	70730345	3.93680923	872
479203989	108805461	3.68299556	872
479203989	374998186	3.85762182	722
479203989	224373449	4.18300842	872
479203989	186476589	4.32198563	872
479203989	338731239	4.37275878	926
479203989	42784632	3.74841368	231
479203989	229916936	3.32484607	231
479203989	110833757	4.0641269	872
479203989	19703726	3.83439071	231
479203989	152989467	3.94645312	872
479203989	94313088	4.101847	872
479203989	222100054	4.66851683	926
479203989	557829278	3.36329327	231
479203989	189426249	4.11729944	872
479203989	319789783	4.50579819	872
479203989	538380821	3.34443304	868
479203989	374332853	4.91139006	1024
479203989	171056714	4.01449581	872
479203989	357385592	4.73307581	1024
479203989	186474066	4.06545809	872
479203989	379723650	3.21738106	231
479203989	121604548	4.17880568	872
479203989	404496827	4.294958	872
479203989	242280147	3.61070021	872
479203989	333912732	4.22996355	872
479203989	225850894	3.91109224	872
479203989	336063930	3.43610449	868
479203989	560141723	4.30378578	872
479203989	77359655	3.82537286	872
479203989	91782856	4.36520284	872
479203989	300690818	4.05884143	872
479203989	334344474	3.54340499	1024
479203989	82702854	3.98956797	872
479203989	296454659	3.2210902	868
479203989	436841832	3.51224115	872
479203989	82703548	4.08770742	872
479203989	146280077	5.54724156	1024
347532033	300313527	4.06923995	872
347532033	170289211	4.32942014	926
347532033	407474950	3.32289462	231
347532033	538359411	3.51392823	868
347532033	119025415	3.3253318	868
347532033	116696134	4.18473538	872
347532033	120609730	4.11080036	872
347532033	340780793	4.21938789	872
347532033	294011759	3.71030559	1024
347532033	386715402	3.44328671	231
347532033	150020885	4.26783354	926
347532033	226310147	2.44564837	332
347532033	241663666	4.07180413	872
347532033	238024557	4.17142222	872
347532033	70730345	4.00169448	872
347532033	108805461	3.74788081	872
347532033	374998186	3.92250707	722
347532033	224373449	4.24789367	872
347532033	186476589	4.38687088	872
347532033	338731239	4.43764403	926
347532033	42784632	3.81329893	231
347532033	229916936	3.38973132	231
347532033	110833757	4.12901215	872
347532033	19703726	3.89927596	231
347532033	152989467	4.01133837	872
347532033	94313088	4.16673225	872
347532033	222100054	4.73340208	926
347532033	557829278	3.42817852	231
347532033	189426249	4.18218469	872
347532033	319789783	4.57068344	872
347532033	538380821	3.40931829	868
347532033	374332853	4.97627531	1024
347532033	171056714	4.07938106	872
347532033	357385592	4.79796106	1024
347532033	186474066	4.13034334	872
347532033	379723650	3.28226631	231
347532033	121604548	4.24369093	872
347532033	404496827	4.35984325	872
347532033	242280147	3.67558546	872
347532033	333912732	4.2948488	872
347532033	225850894	3.97597749	872
347532033	336063930	3.50098974	868
347532033	560141723	4.36867103	872
347532033	77359655	3.89025811	872
347532033	91782856	4.43008809	872
347532033	300690818	4.12372668	872
347532033	334344474	3.60829024	1024
347532033	82702854	4.05445322	872
347532033	296454659	3.28597545	868
347532033	436841832	3.5771264	872
347532033	82703548	4.15259267	872
347532033	146280077	5.61212681	1024
300313527	170289211	3.83412501	872
300313527	407474950	2.99591965	872
300313527	538359411	3.99214814	872
300313527	119025415	3.80355171	872
300313527	116696134	0.63418343	915
300313527	120609730	0.73908321	431
300313527	340780793	1.80685962	1024
300313527	294011759	2.70211074	1024
300313527	386715402	3.11631174	872
300313527	150020885	3.77253841	872
300313527	226310147	3.06161114	872
300313527	241663666	0.52125218	915
300313527	238024557	0.62087027	915
300313527	70730345	1.21921415	252
300313527	108805461	2.55769596	432
300313527	374998186	2.91431222	722
300313527	224373449	1.8353654	1024
300313527	186476589	0.83631893	915
300313527	338731239	3.9423489	872
300313527	42784632	3.48632396	872
300313527	229916936	3.06275635	872
300313527	110833757	0.8670279	916
300313527	19703726	3.57230099	872
300313527	152989467	1.22885804	252
300313527	94313088	0.6161803	915
300313527	222100054	4.23810695	872
300313527	557829278	3.10120355	872
300313527	189426249	0.92020044	916
300313527	319789783	2.15815517	1024
300313527	538380821	3.8875382	872
300313527	374332853	3.96808046	1024
300313527	171056714	0.81739681	916
300313527	357385592	3.78976621	1024
300313527	186474066	0.57979139	915
300313527	379723650	2.95529134	872
300313527	121604548	1.33800786	230
300313527	404496827	1.097859	916
300313527	242280147	2.48540061	432
300313527	333912732	0.92313165	431
300313527	225850894	1.56344922	1024
300313527	336063930	3.97920965	872
300313527	560141723	0.81811908	915
300313527	77359655	1.30517718	737
300313527	91782856	0.87953614	915
300313527	300690818	0.57317473	915
300313527	334344474	2.60009539	1024
300313527	82702854	1.27197289	252
300313527	296454659	3.76419536	872
300313527	436841832	2.38694155	432
300313527	82703548	1.2469096	230
300313527	146280077	4.60393196	1024
170289211	407474950	3.25609984	926
170289211	538359411	4.25232833	926
170289211	119025415	4.0637319	926
170289211	116696134	3.94962044	872
170289211	120609730	3.87568542	872
170289211	340780793	3.98427295	872
170289211	294011759	3.47519065	1024
170289211	386715402	3.37649193	926
170289211	150020885	3.09004368	944
170289211	226310147	3.32179133	926
170289211	241663666	3.83668919	872
170289211	238024557	3.93630728	872
170289211	70730345	3.76657954	872
170289211	108805461	3.51276587	872
170289211	374998186	3.68739213	722
170289211	224373449	4.01277873	872
170289211	186476589	4.15175594	872
170289211	338731239	3.25985417	944
170289211	42784632	3.74650415	926
170289211	229916936	3.32293654	926
170289211	110833757	3.89389721	872
170289211	19703726	3.83248118	926
170289211	152989467	3.77622343	872
170289211	94313088	3.93161731	872
170289211	222100054	2.10871382	1024
170289211	557829278	3.36138374	926
170289211	189426249	3.94706975	872
170289211	319789783	4.3355685	872
170289211	538380821	4.14771839	926
170289211	374332853	4.74116037	1024
170289211	171056714	3.84426612	872
170289211	357385592	4.56284612	1024
170289211	186474066	3.8952284	872
170289211	379723650	3.21547153	926
170289211	121604548	4.00857599	872
170289211	404496827	4.12472831	872
170289211	242280147	3.44047052	872
170289211	333912732	4.05973386	872
170289211	225850894	3.74086255	872
170289211	336063930	4.23938984	926
170289211	560141723	4.13355609	872
170289211	77359655	3.65514317	872
170289211	91782856	4.19497315	872
170289211	300690818	3.88861174	872
170289211	334344474	3.3731753	1024
170289211	82702854	3.81933828	872
170289211	296454659	4.02437555	926
170289211	436841832	3.34201146	872
170289211	82703548	3.91747773	872
170289211	146280077	5.37701187	1024
407474950	538359411	3.24580281	231
407474950	119025415	3.05720638	231
407474950	116696134	3.11141508	872
407474950	120609730	3.03748006	872
407474950	340780793	3.14606759	872
407474950	294011759	2.63698529	1024
407474950	386715402	2.11559439	336
407474950	150020885	3.19451324	926
407474950	226310147	2.31526581	231
407474950	241663666	2.99848383	872
407474950	238024557	3.09810192	872
407474950	70730345	2.92837418	872
407474950	108805461	2.67456051	872
407474950	374998186	2.84918677	722
407474950	224373449	3.17457337	872
407474950	186476589	3.31355058	872
407474950	338731239	3.36432373	926
407474950	42784632	2.48560661	336
407474950	229916936	2.062039	336
407474950	110833757	3.05569185	872
407474950	19703726	1.97408064	931
407474950	152989467	2.93801807	872
407474950	94313088	3.09341195	872
407474950	222100054	3.66008178	926
407474950	557829278	2.1004862	336
407474950	189426249	3.10886439	872
407474950	319789783	3.49736314	872
407474950	538380821	3.14119287	231
407474950	374332853	3.90295501	1024
407474950	171056714	3.00606076	872
407474950	357385592	3.72464076	1024
407474950	186474066	3.05702304	872
407474950	379723650	1.95457399	336
407474950	121604548	3.17037063	872
407474950	404496827	3.28652295	872
407474950	242280147	2.60226516	872
407474950	333912732	3.2215285	872
407474950	225850894	2.90265719	872
407474950	336063930	3.23286432	231
407474950	560141723	3.29535073	872
407474950	77359655	2.81693781	872
407474950	91782856	3.35676779	872
407474950	300690818	3.05040638	872
407474950	334344474	2.53496994	1024
407474950	82702854	2.98113292	872
407474950	296454659	3.01785003	231
407474950	436841832	2.5038061	872
407474950	82703548	3.07927237	872
407474950	146280077	4.53880651	1024
538359411	119025415	1.47324697	930
538359411	116696134	4.10764357	872
538359411	120609730	4.03370855	872
538359411	340780793	4.14229608	872
538359411	294011759	3.63321378	1024
538359411	386715402	3.3661949	231
538359411	150020885	4.19074173	926
538359411	226310147	2.50629942	868
538359411	241663666	3.99471232	872
538359411	238024557	4.09433041	872
538359411	70730345	3.92460267	872
538359411	108805461	3.670789	872
538359411	374998186	3.84541526	722
538359411	224373449	4.17080186	872
538359411	186476589	4.30977907	872
538359411	338731239	4.36055222	926
538359411	42784632	3.73620712	231
538359411	229916936	3.31263951	231
538359411	110833757	4.05192034	872
538359411	19703726	3.82218415	231
538359411	152989467	3.93424656	872
538359411	94313088	4.08964044	872
538359411	222100054	4.65631027	926
538359411	557829278	3.35108671	231
538359411	189426249	4.10509288	872
538359411	319789783	4.49359163	872
538359411	538380821	0.14601722	1024
538359411	374332853	4.8991835	1024
538359411	171056714	4.00228925	872
538359411	357385592	4.72086925	1024
538359411	186474066	4.05325153	872
538359411	379723650	3.2051745	231
538359411	121604548	4.16659912	872
538359411	404496827	4.28275144	872
538359411	242280147	3.59849365	872
538359411	333912732	4.21775699	872
538359411	225850894	3.89888568	872
538359411	336063930	1.96599341	1024
538359411	560141723	4.29157922	872
538359411	77359655	3.8131663	872
538359411	91782856	4.35299628	872
538359411	300690818	4.04663487	872
538359411	334344474	3.53119843	1024
538359411	82702854	3.97736141	872
538359411	296454659	1.43389062	930
538359411	436841832	3.50003459	872
538359411	82703548	4.07550086	872
538359411	146280077	5.535035	1024
119025415	116696134	3.91904714	872
119025415	120609730	3.84511212	872
119025415	340780793	3.95369965	872
119025415	294011759	3.44461735	1024
119025415	386715402	3.17759847	231
119025415	150020885	4.0021453	926
119025415	226310147	2.31770299	868
119025415	241663666	3.80611589	872
119025415	238024557	3.90573398	872
119025415	70730345	3.73600624	872
119025415	108805461	3.48219257	872
119025415	374998186	3.65681883	722
119025415	224373449	3.98220543	872
119025415	186476589	4.12118264	872
119025415	338731239	4.17195579	926
119025415	42784632	3.54761069	231
119025415	229916936	3.12404308	231
119025415	110833757	3.86332391	872
119025415	19703726	3.63358772	231
119025415	152989467	3.74565013	872
119025415	94313088	3.90104401	872
119025415	222100054	4.46771384	926
119025415	557829278	3.16249028	231
119025415	189426249	3.91649645	872
119025415	319789783	4.3049952	872
119025415	538380821	1.36863703	930
119025415	374332853	4.71058707	1024
119025415	171056714	3.81369282	872
119025415	357385592	4.53227282	1024
119025415	186474066	3.8646551	872
119025415	379723650	3.01657807	231
119025415	121604548	3.97800269	872
119025415	404496827	4.09415501	872
119025415	242280147	3.40989722	872
119025415	333912732	4.02916056	872
119025415	225850894	3.71028925	872
119025415	336063930	1.77739698	1024
119025415	560141723	4.10298279	872
119025415	77359655	3.62456987	872
119025415	91782856	4.16439985	872
119025415	300690818	3.85803844	872
119025415	334344474	3.342602	1024
119025415	82702854	3.78876498	872
119025415	296454659	0.24743569	1024
119025415	436841832	3.31143816	872
119025415	82703548	3.88690443	872
119025415	146280077	5.34643857	1024
116696134	120609730	0.85457864	431
116696134	340780793	1.92235505	1024
116696134	294011759	2.81760617	1024
116696134	386715402	3.23180717	872
116696134	150020885	3.88803384	872
116696134	226310147	3.17710657	872
116696134	241663666	0.29935233	522
116696134	238024557	0.61334086	850
116696134	70730345	1.33470958	252
116696134	108805461	2.67319139	432
116696134	374998186	3.02980765	722
116696134	224373449	1.95086083	1024
116696134	186476589	0.70577716	936
116696134	338731239	4.05784433	872
116696134	42784632	3.60181939	872
116696134	229916936	3.17825178	872
116696134	110833757	0.98252333	916
116696134	19703726	3.68779642	872
116696134	152989467	1.34435347	252
116696134	94313088	0.12719887	1024
116696134	222100054	4.35360238	872
116696134	557829278	3.21669898	872
116696134	189426249	1.03569587	916
116696134	319789783	2.2736506	1024
116696134	538380821	4.00303363	872
116696134	374332853	4.08357589	1024
116696134	171056714	0.93289224	916
116696134	357385592	3.90526164	1024
116696134	186474066	0.57226198	850
116696134	379723650	3.07078677	872
116696134	121604548	1.45350329	230
116696134	404496827	1.21335443	916
116696134	242280147	2.60089604	432
116696134	333912732	1.03862708	431
116696134	225850894	1.67894465	1024
116696134	336063930	4.09470508	872
116696134	560141723	0.68757731	936
116696134	77359655	1.42067261	737
116696134	91782856	0.74899437	936
116696134	300690818	0.35127488	522
116696134	334344474	2.71559082	1024
116696134	82702854	1.38746832	252
116696134	296454659	3.87969079	872
116696134	436841832	2.50243698	432
116696134	82703548	1.36240503	230
116696134	146280077	4.71942739	1024
120609730	340780793	1.84842003	1024
120609730	294011759	2.74367115	1024
120609730	386715402	3.15787215	872
120609730	150020885	3.81409882	872
120609730	226310147	3.10317155	872
120609730	241663666	0.74164739	431
120609730	238024557	0.84126548	431
120609730	70730345	1.26077456	252
120609730	108805461	2.59925637	432
120609730	374998186	2.95587263	722
120609730	224373449	1.87692581	1024
120609730	186476589	1.05671414	431
120609730	338731239	3.98390931	872
120609730	42784632	3.52788437	872
120609730	229916936	3.10431676	872
120609730	110833757	0.90858831	916
120609730	19703726	3.6138614	872
120609730	152989467	1.27041845	252
120609730	94313088	0.83657551	431
120609730	222100054	4.27966736	872
120609730	557829278	3.14276396	872
120609730	189426249	0.96176085	916
120609730	319789783	2.19971558	1024
120609730	538380821	3.92909861	872
120609730	374332853	4.00964087	1024
120609730	171056714	0.85895722	916
120609730	357385592	3.83132662	1024
120609730	186474066	0.8001866	431
120609730	379723650	2.99685175	872
120609730	121604548	1.37956827	230
120609730	404496827	1.13941941	916
120609730	242280147	2.52696102	432
120609730	333912732	0.36956778	1024
120609730	225850894	1.60500963	1024
120609730	336063930	4.02077006	872
120609730	560141723	1.03851429	431
120609730	77359655	1.34673759	737
120609730	91782856	1.09993135	431
120609730	300690818	0.79356994	431
120609730	334344474	2.6416558	1024
120609730	82702854	1.3135333	252
120609730	296454659	3.80575577	872
120609730	436841832	2.42850196	432
120609730	82703548	1.28847001	230
120609730	146280077	4.64549237	1024
340780793	294011759	2.85225868	1024
340780793	386715402	3.26645968	872
340780793	150020885	3.92268635	872
340780793	226310147	3.21175908	872
340780793	241663666	1.8094238	1024
340780793	238024557	1.90904189	1024
340780793	70730345	1.73931415	1024
340780793	108805461	2.7078439	432
340780793	374998186	3.06446016	722
340780793	224373449	1.80318334	482
340780793	186476589	2.12449055	1024
340780793	338731239	4.09249684	872
340780793	42784632	3.6364719	872
340780793	229916936	3.21290429	872
340780793	110833757	1.86663182	1024
340780793	19703726	3.72244893	872
340780793	152989467	1.74895804	1024
340780793	94313088	1.90435192	1024
340780793	222100054	4.38825489	872
340780793	557829278	3.25135149	872
340780793	189426249	1.91980436	1024
340780793	319789783	2.12597311	482
340780793	538380821	4.03768614	872
340780793	374332853	4.1182284	1024
340780793	171056714	1.81700073	1024
340780793	357385592	3.93991415	1024
340780793	186474066	1.86796301	1024
340780793	379723650	3.10543928	872
340780793	121604548	1.9813106	1024
340780793	404496827	2.09746292	1024
340780793	242280147	2.63554855	432
340780793	333912732	2.03246847	1024
340780793	225850894	1.53126716	482
340780793	336063930	4.12935759	872
340780793	560141723	2.1062907	1024
340780793	77359655	1.62787778	1024
340780793	91782856	2.16770776	1024
340780793	300690818	1.86134635	1024
340780793	334344474	2.75024333	1024
340780793	82702854	1.79207289	1024
340780793	296454659	3.9143433	872
340780793	436841832	2.53708949	432
340780793	82703548	1.89021234	1024
340780793	146280077	4.7540799	1024
294011759	386715402	2.75737738	1024
294011759	150020885	3.41360405	1024
294011759	226310147	2.70267678	1024
294011759	241663666	2.70467492	1024
294011759	238024557	2.80429301	1024
294011759	70730345	2.63456527	1024
294011759	108805461	2.3807516	1024
294011759	374998186	1.85749684	1024
294011759	224373449	2.88076446	1024
294011759	186476589	3.01974167	1024
294011759	338731239	3.58341454	1024
294011759	42784632	3.1273896	1024
294011759	229916936	2.70382199	1024
294011759	110833757	2.76188294	1024
294011759	19703726	3.21336663	1024
294011759	152989467	2.64420916	1024
294011759	94313088	2.79960304	1024
294011759	222100054	3.87917259	1024
294011759	557829278	2.74226919	1024
294011759	189426249	2.81505548	1024
294011759	319789783	3.20355423	1024
294011759	538380821	3.52860384	1024
294011759	374332853	1.50062332	534
294011759	171056714	2.71225185	1024
294011759	357385592	1.32230907	534
294011759	186474066	2.76321413	1024
294011759	379723650	2.59635698	1024
294011759	121604548	2.87656172	1024
294011759	404496827	2.99271404	1024
294011759	242280147	2.30845625	1024
294011759	333912732	2.92771959	1024
294011759	225850894	2.60884828	1024
294011759	336063930	3.62027529	1024
294011759	560141723	3.00154182	1024
294011759	77359655	2.5231289	1024
294011759	91782856	3.06295888	1024
294011759	300690818	2.75659747	1024
294011759	334344474	0.13263825	534
294011759	82702854	2.68732401	1024
294011759	296454659	3.405261	1024
294011759	436841832	2.20999719	1024
294011759	82703548	2.78546346	1024
294011759	146280077	2.59630958	595
386715402	150020885	3.31490533	926
386715402	226310147	2.4356579	231
386715402	241663666	3.11887592	872
386715402	238024557	3.21849401	872
386715402	70730345	3.04876627	872
386715402	108805461	2.7949526	872
386715402	374998186	2.96957886	722
386715402	224373449	3.29496546	872
386715402	186476589	3.43394267	872
386715402	338731239	3.48471582	926
386715402	42784632	0.75677962	590
386715402	229916936	0.64199975	1024
386715402	110833757	3.17608394	872
386715402	19703726	2.69197573	336
386715402	152989467	3.05841016	872
386715402	94313088	3.21380404	872
386715402	222100054	3.78047387	926
386715402	557829278	0.68044695	1024
386715402	189426249	3.22925648	872
386715402	319789783	3.61775523	872
386715402	538380821	3.26158496	231
386715402	374332853	4.0233471	1024
386715402	171056714	3.12645285	872
386715402	357385592	3.84503285	1024
386715402	186474066	3.17741513	872
386715402	379723650	1.46635952	1016
386715402	121604548	3.29076272	872
386715402	404496827	3.40691504	872
386715402	242280147	2.72265725	872
386715402	333912732	3.34192059	872
386715402	225850894	3.02304928	872
386715402	336063930	3.35325641	231
386715402	560141723	3.41574282	872
386715402	77359655	2.9373299	872
386715402	91782856	3.47715988	872
386715402	300690818	3.17079847	872
386715402	334344474	2.65536203	1024
386715402	82702854	3.10152501	872
386715402	296454659	3.13824212	231
386715402	436841832	2.62419819	872
386715402	82703548	3.19966446	872
386715402	146280077	4.6591986	1024
150020885	226310147	3.26020473	926
150020885	241663666	3.77510259	872
150020885	238024557	3.87472068	872
150020885	70730345	3.70499294	872
150020885	108805461	3.45117927	872
150020885	374998186	3.62580553	722
150020885	224373449	3.95119213	872
150020885	186476589	4.09016934	872
150020885	338731239	1.10477825	1024
150020885	42784632	3.68491755	926
150020885	229916936	3.26134994	926
150020885	110833757	3.83231061	872
150020885	19703726	3.77089458	926
150020885	152989467	3.71463683	872
150020885	94313088	3.87003071	872
150020885	222100054	3.49402562	944
150020885	557829278	3.29979714	926
150020885	189426249	3.88548315	872
150020885	319789783	4.2739819	872
150020885	538380821	4.08613179	926
150020885	374332853	4.67957377	1024
150020885	171056714	3.78267952	872
150020885	357385592	4.50125952	1024
150020885	186474066	3.8336418	872
150020885	379723650	3.15388493	926
150020885	121604548	3.94698939	872
150020885	404496827	4.06314171	872
150020885	242280147	3.37888392	872
150020885	333912732	3.99814726	872
150020885	225850894	3.67927595	872
150020885	336063930	4.17780324	926
150020885	560141723	4.07196949	872
150020885	77359655	3.59355657	872
150020885	91782856	4.13338655	872
150020885	300690818	3.82702514	872
150020885	334344474	3.3115887	1024
150020885	82702854	3.75775168	872
150020885	296454659	3.96278895	926
150020885	436841832	3.28042486	872
150020885	82703548	3.85589113	872
150020885	146280077	5.31542527	1024
226310147	241663666	3.06417532	872
226310147	238024557	3.16379341	872
226310147	70730345	2.99406567	872
226310147	108805461	2.740252	872
226310147	374998186	2.91487826	722
226310147	224373449	3.24026486	872
226310147	186476589	3.37924207	872
226310147	338731239	3.43001522	926
226310147	42784632	2.80567012	231
226310147	229916936	2.38210251	231
226310147	110833757	3.12138334	872
226310147	19703726	2.89164715	231
226310147	152989467	3.00370956	872
226310147	94313088	3.15910344	872
226310147	222100054	3.72577327	926
226310147	557829278	2.42054971	231
226310147	189426249	3.17455588	872
226310147	319789783	3.56305463	872
226310147	538380821	2.40168948	868
226310147	374332853	3.9686465	1024
226310147	171056714	3.07175225	872
226310147	357385592	3.79033225	1024
226310147	186474066	3.12271453	872
226310147	379723650	2.2746375	231
226310147	121604548	3.23606212	872
226310147	404496827	3.35221444	872
226310147	242280147	2.66795665	872
226310147	333912732	3.28721999	872
226310147	225850894	2.96834868	872
226310147	336063930	2.49336093	868
226310147	560141723	3.36104222	872
226310147	77359655	2.8826293	872
226310147	91782856	3.42245928	872
226310147	300690818	3.11609787	872
226310147	334344474	2.60066143	1024
226310147	82702854	3.04682441	872
226310147	296454659	2.27834664	868
226310147	436841832	2.56949759	872
226310147	82703548	3.14496386	872
226310147	146280077	4.604498	1024
241663666	238024557	0.50040961	850
241663666	70730345	1.22177833	252
241663666	108805461	2.56026014	432
241663666	374998186	2.9168764	722
241663666	224373449	1.83792958	1024
241663666	186476589	0.59284591	936
241663666	338731239	3.94491308	872
241663666	42784632	3.48888814	872
241663666	229916936	3.06532053	872
241663666	110833757	0.86959208	916
241663666	19703726	3.57486517	872
241663666	152989467	1.23142222	252
241663666	94313088	0.2813492	522
241663666	222100054	4.24067113	872
241663666	557829278	3.10376773	872
241663666	189426249	0.92276462	916
241663666	319789783	2.16071935	1024
241663666	538380821	3.89010238	872
241663666	374332853	3.97064464	1024
241663666	171056714	0.81996099	916
241663666	357385592	3.79233039	1024
241663666	186474066	0.45933073	850
241663666	379723650	2.95785552	872
241663666	121604548	1.34057204	230
241663666	404496827	1.10042318	916
241663666	242280147	2.48796479	432
241663666	333912732	0.92569583	431
241663666	225850894	1.5660134	1024
241663666	336063930	3.98177383	872
241663666	560141723	0.57464606	936
241663666	77359655	1.30774136	737
241663666	91782856	0.63606312	936
241663666	300690818	0.11607849	992
241663666	334344474	2.60265957	1024
241663666	82702854	1.27453707	252
241663666	296454659	3.76675954	872
241663666	436841832	2.38950573	432
241663666	82703548	1.24947378	230
241663666	146280077	4.60649614	1024
238024557	70730345	1.32139642	252
238024557	108805461	2.65987823	432
238024557	374998186	3.01649449	722
238024557	224373449	1.93754767	1024
238024557	186476589	0.81547636	850
238024557	338731239	4.04453117	872
238024557	42784632	3.58850623	872
238024557	229916936	3.16493862	872
238024557	110833757	0.96921017	916
238024557	19703726	3.67448326	872
238024557	152989467	1.33104031	252
238024557	94313088	0.59533773	850
238024557	222100054	4.34028922	872
238024557	557829278	3.20338582	872
238024557	189426249	1.02238271	916
238024557	319789783	2.26033744	1024
238024557	538380821	3.98972047	872
238024557	374332853	4.07026273	1024
238024557	171056714	0.91957908	916
238024557	357385592	3.89194848	1024
238024557	186474066	0.21316194	1024
238024557	379723650	3.05747361	872
238024557	121604548	1.44019013	230
238024557	404496827	1.20004127	916
238024557	242280147	2.58758288	432
238024557	333912732	1.02531392	431
238024557	225850894	1.66563149	1024
238024557	336063930	4.08139192	872
238024557	560141723	0.79727651	850
238024557	77359655	1.40735945	737
238024557	91782856	0.85869357	850
238024557	300690818	0.55233216	850
238024557	334344474	2.70227766	1024
238024557	82702854	1.37415516	252
238024557	296454659	3.86637763	872
238024557	436841832	2.48912382	432
238024557	82703548	1.34909187	230
238024557	146280077	4.70611423	1024
70730345	108805461	2.49015049	432
70730345	374998186	2.84676675	722
70730345	224373449	1.76781993	1024
70730345	186476589	1.53684508	252
70730345	338731239	3.87480343	872
70730345	42784632	3.41877849	872
70730345	229916936	2.99521088	872
70730345	110833757	1.27898635	252
70730345	19703726	3.50475552	872
70730345	152989467	0.24900847	1024
70730345	94313088	1.31670645	252
70730345	222100054	4.17056148	872
70730345	557829278	3.03365808	872
70730345	189426249	1.33215889	252
70730345	319789783	2.0906097	1024
70730345	538380821	3.81999273	872
70730345	374332853	3.90053499	1024
70730345	171056714	1.22935526	252
70730345	357385592	3.72222074	1024
70730345	186474066	1.28031754	252
70730345	379723650	2.88774587	872
70730345	121604548	1.39366513	252
70730345	404496827	1.50981745	252
70730345	242280147	2.41785514	432
70730345	333912732	1.444823	252
70730345	225850894	1.49590375	1024
70730345	336063930	3.91166418	872
70730345	560141723	1.51864523	252
70730345	77359655	1.23763171	737
70730345	91782856	1.58006229	252
70730345	300690818	1.27370088	252
70730345	334344474	2.53254992	1024
70730345	82702854	0.93355476	165
70730345	296454659	3.69664989	872
70730345	436841832	2.31939608	432
70730345	82703548	1.30256687	252
70730345	146280077	4.53638649	1024
108805461	374998186	2.59295308	722
108805461	224373449	2.73634968	432
108805461	186476589	2.87532689	432
108805461	338731239	3.62098976	872
108805461	42784632	3.16496482	872
108805461	229916936	2.74139721	872
108805461	110833757	2.61746816	432
108805461	19703726	3.25094185	872
108805461	152989467	2.49979438	432
108805461	94313088	2.65518826	432
108805461	222100054	3.91674781	872
108805461	557829278	2.77984441	872
108805461	189426249	2.6706407	432
108805461	319789783	3.05913945	432
108805461	538380821	3.56617906	872
108805461	374332853	3.64672132	1024
108805461	171056714	2.56783707	432
108805461	357385592	3.46840707	1024
108805461	186474066	2.61879935	432
108805461	379723650	2.6339322	872
108805461	121604548	2.73214694	432
108805461	404496827	2.84829926	432
108805461	242280147	1.91184399	280
108805461	333912732	2.78330481	432
108805461	225850894	2.4644335	432
108805461	336063930	3.65785051	872
108805461	560141723	2.85712704	432
108805461	77359655	2.37871412	432
108805461	91782856	2.9185441	432
108805461	300690818	2.61218269	432
108805461	334344474	2.27873625	1024
108805461	82702854	2.54290923	432
108805461	296454659	3.44283622	872
108805461	436841832	1.81338493	280
108805461	82703548	2.64104868	432
108805461	146280077	4.28257282	1024
374998186	224373449	3.09296594	722
374998186	186476589	3.23194315	722
374998186	338731239	3.79561602	722
374998186	42784632	3.33959108	722
374998186	229916936	2.91602347	722
374998186	110833757	2.97408442	722
374998186	19703726	3.42556811	722
374998186	152989467	2.85641064	722
374998186	94313088	3.01180452	722
374998186	222100054	4.09137407	722
374998186	557829278	2.95447067	722
374998186	189426249	3.02725696	722
374998186	319789783	3.41575571	722
374998186	538380821	3.74080532	722
374998186	374332853	3.12346656	1024
374998186	171056714	2.92445333	722
374998186	357385592	2.94515231	1024
374998186	186474066	2.97541561	722
374998186	379723650	2.80855846	722
374998186	121604548	3.0887632	722
374998186	404496827	3.20491552	722
374998186	242280147	2.52065773	722
374998186	333912732	3.13992107	722
374998186	225850894	2.82104976	722
374998186	336063930	3.83247677	722
374998186	560141723	3.2137433	722
374998186	77359655	2.73533038	722
374998186	91782856	3.27516036	722
374998186	300690818	2.96879895	722
374998186	334344474	1.75548149	1024
374998186	82702854	2.89952549	722
374998186	296454659	3.61746248	722
374998186	436841832	2.42219867	722
374998186	82703548	2.99766494	722
374998186	146280077	3.75931806	1024
224373449	186476589	2.15299633	1024
224373449	338731239	4.12100262	872
224373449	42784632	3.66497768	872
224373449	229916936	3.24141007	872
224373449	110833757	1.8951376	1024
224373449	19703726	3.75095471	872
224373449	152989467	1.77746382	1024
224373449	94313088	1.9328577	1024
224373449	222100054	4.41676067	872
224373449	557829278	3.27985727	872
224373449	189426249	1.94831014	1024
224373449	319789783	1.51257003	492
224373449	538380821	4.06619192	872
224373449	374332853	4.14673418	1024
224373449	171056714	1.84550651	1024
224373449	357385592	3.96841993	1024
224373449	186474066	1.89646879	1024
224373449	379723650	3.13394506	872
224373449	121604548	2.00981638	1024
224373449	404496827	2.1259687	1024
224373449	242280147	2.66405433	432
224373449	333912732	2.06097425	1024
224373449	225850894	1.11110744	1012
224373449	336063930	4.15786337	872
224373449	560141723	2.13479648	1024
224373449	77359655	1.65638356	1024
224373449	91782856	2.19621354	1024
224373449	300690818	1.88985213	1024
224373449	334344474	2.77874911	1024
224373449	82702854	1.82057867	1024
224373449	296454659	3.94284908	872
224373449	436841832	2.56559527	432
224373449	82703548	1.91871812	1024
224373449	146280077	4.78258568	1024
186476589	338731239	4.25997983	872
186476589	42784632	3.80395489	872
186476589	229916936	3.38038728	872
186476589	110833757	1.18465883	916
186476589	19703726	3.88993192	872
186476589	152989467	1.54648897	252
186476589	94313088	0.68777403	936
186476589	222100054	4.55573788	872
186476589	557829278	3.41883448	872
186476589	189426249	1.23783137	916
186476589	319789783	2.4757861	1024
186476589	538380821	4.20516913	872
186476589	374332853	4.28571139	1024
186476589	171056714	1.13502774	916
186476589	357385592	4.10739714	1024
186476589	186474066	0.77439748	850
186476589	379723650	3.27292227	872
186476589	121604548	1.65563879	230
186476589	404496827	1.41548993	916
186476589	242280147	2.80303154	432
186476589	333912732	1.24076258	431
186476589	225850894	1.88108015	1024
186476589	336063930	4.29684058	872
186476589	560141723	0.55095203	1024
186476589	77359655	1.62280811	737
186476589	91782856	0.21692525	684
186476589	300690818	0.64476846	936
186476589	334344474	2.91772632	1024
186476589	82702854	1.58960382	252
186476589	296454659	4.08182629	872
186476589	436841832	2.70457248	432
186476589	82703548	1.56454053	230
186476589	146280077	4.92156289	1024
338731239	42784632	3.85472804	926
338731239	229916936	3.43116043	926
338731239	110833757	4.0021211	872
338731239	19703726	3.94070507	926
338731239	152989467	3.88444732	872
338731239	94313088	4.0398412	872
338731239	222100054	3.66383611	944
338731239	557829278	3.46960763	926
338731239	189426249	4.05529364	872
338731239	319789783	4.44379239	872
338731239	538380821	4.25594228	926
338731239	374332853	4.84938426	1024
338731239	171056714	3.95249001	872
338731239	357385592	4.67107001	1024
338731239	186474066	4.00345229	872
338731239	379723650	3.32369542	926
338731239	121604548	4.11679988	872
338731239	404496827	4.2329522	872
338731239	242280147	3.54869441	872
338731239	333912732	4.16795775	872
338731239	225850894	3.84908644	872
338731239	336063930	4.34761373	926
338731239	560141723	4.24177998	872
338731239	77359655	3.76336706	872
338731239	91782856	4.30319704	872
338731239	300690818	3.99683563	872
338731239	334344474	3.48139919	1024
338731239	82702854	3.92756217	872
338731239	296454659	4.13259944	926
338731239	436841832	3.45023535	872
338731239	82703548	4.02570162	872
338731239	146280077	5.48523576	1024
42784632	229916936	1.01201197	1024
42784632	110833757	3.54609616	872
42784632	19703726	3.06198795	336
42784632	152989467	3.42842238	872
42784632	94313088	3.58381626	872
42784632	222100054	4.15048609	926
42784632	557829278	1.05045917	1024
42784632	189426249	3.5992687	872
42784632	319789783	3.98776745	872
42784632	538380821	3.63159718	231
42784632	374332853	4.39335932	1024
42784632	171056714	3.49646507	872
42784632	357385592	4.21504507	1024
42784632	186474066	3.54742735	872
42784632	379723650	1.83637174	1016
42784632	121604548	3.66077494	872
42784632	404496827	3.77692726	872
42784632	242280147	3.09266947	872
42784632	333912732	3.71193281	872
42784632	225850894	3.3930615	872
42784632	336063930	3.72326863	231
42784632	560141723	3.78575504	872
42784632	77359655	3.30734212	872
42784632	91782856	3.8471721	872
42784632	300690818	3.54081069	872
42784632	334344474	3.02537425	1024
42784632	82702854	3.47153723	872
42784632	296454659	3.50825434	231
42784632	436841832	2.99421041	872
42784632	82703548	3.56967668	872
42784632	146280077	5.02921082	1024
229916936	110833757	3.12252855	872
229916936	19703726	2.63842034	336
229916936	152989467	3.00485477	872
229916936	94313088	3.16024865	872
229916936	222100054	3.72691848	926
229916936	557829278	0.31847242	1018
229916936	189426249	3.17570109	872
229916936	319789783	3.56419984	872
229916936	538380821	3.20802957	231
229916936	374332853	3.96979171	1024
229916936	171056714	3.07289746	872
229916936	357385592	3.79147746	1024
229916936	186474066	3.12385974	872
229916936	379723650	1.41280413	1016
229916936	121604548	3.23720733	872
229916936	404496827	3.35335965	872
229916936	242280147	2.66910186	872
229916936	333912732	3.2883652	872
229916936	225850894	2.96949389	872
229916936	336063930	3.29970102	231
229916936	560141723	3.36218743	872
229916936	77359655	2.88377451	872
229916936	91782856	3.42360449	872
229916936	300690818	3.11724308	872
229916936	334344474	2.60180664	1024
229916936	82702854	3.04796962	872
229916936	296454659	3.08468673	231
229916936	436841832	2.5706428	872
229916936	82703548	3.14610907	872
229916936	146280077	4.60564321	1024
110833757	19703726	3.63207319	872
110833757	152989467	1.28863024	252
110833757	94313088	0.9645202	916
110833757	222100054	4.29787915	872
110833757	557829278	3.16097575	872
110833757	189426249	0.76598562	385
110833757	319789783	2.21792737	1024
110833757	538380821	3.9473104	872
110833757	374332853	4.02785266	1024
110833757	171056714	0.80506531	297
110833757	357385592	3.84953841	1024
110833757	186474066	0.92813129	916
110833757	379723650	3.01506354	872
110833757	121604548	1.39778006	230
110833757	404496827	0.94364418	385
110833757	242280147	2.54517281	432
110833757	333912732	1.09263675	916
110833757	225850894	1.62322142	1024
110833757	336063930	4.03898185	872
110833757	560141723	1.16645898	916
110833757	77359655	1.36494938	737
110833757	91782856	1.22787604	916
110833757	300690818	0.92151463	916
110833757	334344474	2.65986759	1024
110833757	82702854	1.33174509	252
110833757	296454659	3.82396756	872
110833757	436841832	2.44671375	432
110833757	82703548	1.3066818	230
110833757	146280077	4.66370416	1024
19703726	152989467	3.51439941	872
19703726	94313088	3.66979329	872
19703726	222100054	4.23646312	926
19703726	557829278	2.67686754	336
19703726	189426249	3.68524573	872
19703726	319789783	4.07374448	872
19703726	538380821	3.71757421	231
19703726	374332853	4.47933635	1024
19703726	171056714	3.5824421	872
19703726	357385592	4.3010221	1024
19703726	186474066	3.63340438	872
19703726	379723650	2.53095533	336
19703726	121604548	3.74675197	872
19703726	404496827	3.86290429	872
19703726	242280147	3.1786465	872
19703726	333912732	3.79790984	872
19703726	225850894	3.47903853	872
19703726	336063930	3.80924566	231
19703726	560141723	3.87173207	872
19703726	77359655	3.39331915	872
19703726	91782856	3.93314913	872
19703726	300690818	3.62678772	872
19703726	334344474	3.11135128	1024
19703726	82702854	3.55751426	872
19703726	296454659	3.59423137	231
19703726	436841832	3.08018744	872
19703726	82703548	3.65565371	872
19703726	146280077	5.11518785	1024
152989467	94313088	1.32635034	252
152989467	222100054	4.18020537	872
152989467	557829278	3.04330197	872
152989467	189426249	1.34180278	252
152989467	319789783	2.10025359	1024
152989467	538380821	3.82963662	872
152989467	374332853	3.91017888	1024
152989467	171056714	1.23899915	252
152989467	357385592	3.73186463	1024
152989467	186474066	1.28996143	252
152989467	379723650	2.89738976	872
152989467	121604548	1.40330902	252
152989467	404496827	1.51946134	252
152989467	242280147	2.42749903	432
152989467	333912732	1.45446689	252
152989467	225850894	1.50554764	1024
152989467	336063930	3.92130807	872
152989467	560141723	1.52828912	252
152989467	77359655	1.2472756	737
152989467	91782856	1.58970618	252
152989467	300690818	1.28334477	252
152989467	334344474	2.54219381	1024
152989467	82702854	0.94319865	165
152989467	296454659	3.70629378	872
152989467	436841832	2.32903997	432
152989467	82703548	1.31221076	252
152989467	146280077	4.54603038	1024
94313088	222100054	4.33559925	872
94313088	557829278	3.19869585	872
94313088	189426249	1.01769274	916
94313088	319789783	2.25564747	1024
94313088	538380821	3.9850305	872
94313088	374332853	4.06557276	1024
94313088	171056714	0.91488911	916
94313088	357385592	3.88725851	1024
94313088	186474066	0.55425885	850
94313088	379723650	3.05278364	872
94313088	121604548	1.43550016	230
94313088	404496827	1.1953513	916
94313088	242280147	2.58289291	432
94313088	333912732	1.02062395	431
94313088	225850894	1.66094152	1024
94313088	336063930	4.07670195	872
94313088	560141723	0.66957418	936
94313088	77359655	1.40266948	737
94313088	91782856	0.73099124	936
94313088	300690818	0.33327175	522
94313088	334344474	2.69758769	1024
94313088	82702854	1.36946519	252
94313088	296454659	3.86168766	872
94313088	436841832	2.48443385	432
94313088	82703548	1.3444019	230
94313088	146280077	4.70142426	1024
222100054	557829278	3.76536568	926
222100054	189426249	4.35105169	872
222100054	319789783	4.73955044	872
222100054	538380821	4.55170033	926
222100054	374332853	5.14514231	1024
222100054	171056714	4.24824806	872
222100054	357385592	4.96682806	1024
222100054	186474066	4.29921034	872
222100054	379723650	3.61945347	926
222100054	121604548	4.41255793	872
222100054	404496827	4.52871025	872
222100054	242280147	3.84445246	872
222100054	333912732	4.4637158	872
222100054	225850894	4.14484449	872
222100054	336063930	4.64337178	926
222100054	560141723	4.53753803	872
222100054	77359655	4.05912511	872
222100054	91782856	4.59895509	872
222100054	300690818	4.29259368	872
222100054	334344474	3.77715724	1024
222100054	82702854	4.22332022	872
222100054	296454659	4.42835749	926
222100054	436841832	3.7459934	872
222100054	82703548	4.32145967	872
222100054	146280077	5.78099381	1024
557829278	189426249	3.21414829	872
557829278	319789783	3.60264704	872
557829278	538380821	3.24647677	231
557829278	374332853	4.00823891	1024
557829278	171056714	3.11134466	872
557829278	357385592	3.82992466	1024
557829278	186474066	3.16230694	872
557829278	379723650	1.45125133	1016
557829278	121604548	3.27565453	872
557829278	404496827	3.39180685	872
557829278	242280147	2.70754906	872
557829278	333912732	3.3268124	872
557829278	225850894	3.00794109	872
557829278	336063930	3.33814822	231
557829278	560141723	3.40063463	872
557829278	77359655	2.92222171	872
557829278	91782856	3.46205169	872
557829278	300690818	3.15569028	872
557829278	334344474	2.64025384	1024
557829278	82702854	3.08641682	872
557829278	296454659	3.12313393	231
557829278	436841832	2.60909	872
557829278	82703548	3.18455627	872
557829278	146280077	4.64409041	1024
189426249	319789783	2.27109991	1024
189426249	538380821	4.00048294	872
189426249	374332853	4.0810252	1024
189426249	171056714	0.85823785	297
189426249	357385592	3.90271095	1024
189426249	186474066	0.98130383	916
189426249	379723650	3.06823608	872
189426249	121604548	1.4509526	230
189426249	404496827	0.4034488	1021
189426249	242280147	2.59834535	432
189426249	333912732	1.14580929	916
189426249	225850894	1.67639396	1024
189426249	336063930	4.09215439	872
189426249	560141723	1.21963152	916
189426249	77359655	1.41812192	737
189426249	91782856	1.28104858	916
189426249	300690818	0.97468717	916
189426249	334344474	2.71304013	1024
189426249	82702854	1.38491763	252
189426249	296454659	3.8771401	872
189426249	436841832	2.49988629	432
189426249	82703548	1.35985434	230
189426249	146280077	4.7168767	1024
319789783	538380821	4.38898169	872
319789783	374332853	4.46952395	1024
319789783	171056714	2.16829628	1024
319789783	357385592	4.2912097	1024
319789783	186474066	2.21925856	1024
319789783	379723650	3.45673483	872
319789783	121604548	2.33260615	1024
319789783	404496827	2.44875847	1024
319789783	242280147	2.9868441	432
319789783	333912732	2.38376402	1024
319789783	225850894	1.43389721	1012
319789783	336063930	4.48065314	872
319789783	560141723	2.45758625	1024
319789783	77359655	1.97917333	1024
319789783	91782856	2.51900331	1024
319789783	300690818	2.2126419	1024
319789783	334344474	3.10153888	1024
319789783	82702854	2.14336844	1024
319789783	296454659	4.26563885	872
319789783	436841832	2.88838504	432
319789783	82703548	2.24150789	1024
319789783	146280077	5.10537545	1024
538380821	374332853	4.79457356	1024
538380821	171056714	3.89767931	872
538380821	357385592	4.61625931	1024
538380821	186474066	3.94864159	872
538380821	379723650	3.10056456	231
538380821	121604548	4.06198918	872
538380821	404496827	4.1781415	872
538380821	242280147	3.49388371	872
538380821	333912732	4.11314705	872
538380821	225850894	3.79427574	872
538380821	336063930	1.86138347	1024
538380821	560141723	4.18696928	872
538380821	77359655	3.70855636	872
538380821	91782856	4.24838634	872
538380821	300690818	3.94202493	872
538380821	334344474	3.42658849	1024
538380821	82702854	3.87275147	872
538380821	296454659	1.32928068	930
538380821	436841832	3.39542465	872
538380821	82703548	3.97089092	872
538380821	146280077	5.43042506	1024
374332853	171056714	3.97822157	1024
374332853	357385592	2.58827879	534
374332853	186474066	4.02918385	1024
374332853	379723650	3.8623267	1024
374332853	121604548	4.14253144	1024
374332853	404496827	4.25868376	1024
374332853	242280147	3.57442597	1024
374332853	333912732	4.19368931	1024
374332853	225850894	3.874818	1024
374332853	336063930	4.88624501	1024
374332853	560141723	4.26751154	1024
374332853	77359655	3.78909862	1024
374332853	91782856	4.3289286	1024
374332853	300690818	4.02256719	1024
374332853	334344474	1.39860797	534
374332853	82702854	3.95329373	1024
374332853	296454659	4.67123072	1024
374332853	436841832	3.47596691	1024
374332853	82703548	4.05143318	1024
374332853	146280077	3.8622793	595
171056714	357385592	3.79990732	1024
171056714	186474066	0.8785002	916
171056714	379723650	2.96543245	872
171056714	121604548	1.34814897	230
171056714	404496827	1.03589641	297
171056714	242280147	2.49554172	432
171056714	333912732	1.04300566	916
171056714	225850894	1.57359033	1024
171056714	336063930	3.98935076	872
171056714	560141723	1.11682789	916
171056714	77359655	1.31531829	737
171056714	91782856	1.17824495	916
171056714	300690818	0.87188354	916
171056714	334344474	2.6102365	1024
171056714	82702854	1.282114	252
171056714	296454659	3.77433647	872
171056714	436841832	2.39708266	432
171056714	82703548	1.25705071	230
171056714	146280077	4.61407307	1024
357385592	186474066	3.8508696	1024
357385592	379723650	3.68401245	1024
357385592	121604548	3.96421719	1024
357385592	404496827	4.08036951	1024
357385592	242280147	3.39611172	1024
357385592	333912732	4.01537506	1024
357385592	225850894	3.69650375	1024
357385592	336063930	4.70793076	1024
357385592	560141723	4.08919729	1024
357385592	77359655	3.61078437	1024
357385592	91782856	4.15061435	1024
357385592	300690818	3.84425294	1024
357385592	334344474	1.22029372	534
357385592	82702854	3.77497948	1024
357385592	296454659	4.49291647	1024
357385592	436841832	3.29765266	1024
357385592	82703548	3.87311893	1024
357385592	146280077	3.68396505	595
186474066	379723650	3.01639473	872
186474066	121604548	1.39911125	230
186474066	404496827	1.15896239	916
186474066	242280147	2.546504	432
186474066	333912732	0.98423504	431
186474066	225850894	1.62455261	1024
186474066	336063930	4.04031304	872
186474066	560141723	0.75619763	850
186474066	77359655	1.36628057	737
186474066	91782856	0.81761469	850
186474066	300690818	0.51125328	850
186474066	334344474	2.66119878	1024
186474066	82702854	1.33307628	252
186474066	296454659	3.82529875	872
186474066	436841832	2.44804494	432
186474066	82703548	1.30801299	230
186474066	146280077	4.66503535	1024
379723650	121604548	3.12974232	872
379723650	404496827	3.24589464	872
379723650	242280147	2.56163685	872
379723650	333912732	3.18090019	872
379723650	225850894	2.86202888	872
379723650	336063930	3.19223601	231
379723650	560141723	3.25472242	872
379723650	77359655	2.7763095	872
379723650	91782856	3.31613948	872
379723650	300690818	3.00977807	872
379723650	334344474	2.49434163	1024
379723650	82702854	2.94050461	872
379723650	296454659	2.97722172	231
379723650	436841832	2.46317779	872
379723650	82703548	3.03864406	872
379723650	146280077	4.4981782	1024
121604548	404496827	1.62861116	230
121604548	242280147	2.65985159	432
121604548	333912732	1.56361671	230
121604548	225850894	1.7379002	1024
121604548	336063930	4.15366063	872
121604548	560141723	1.63743894	230
121604548	77359655	1.47962816	737
121604548	91782856	1.698856	230
121604548	300690818	1.39249459	230
121604548	334344474	2.77454637	1024
121604548	82702854	1.44642387	252
121604548	296454659	3.93864634	872
121604548	436841832	2.56139253	432
121604548	82703548	0.95246356	922
121604548	146280077	4.77838294	1024
404496827	242280147	2.77600391	432
404496827	333912732	1.32346785	916
404496827	225850894	1.85405252	1024
404496827	336063930	4.26981295	872
404496827	560141723	1.39729008	916
404496827	77359655	1.59578048	737
404496827	91782856	1.45870714	916
404496827	300690818	1.15234573	916
404496827	334344474	2.89069869	1024
404496827	82702854	1.56257619	252
404496827	296454659	4.05479866	872
404496827	436841832	2.67754485	432
404496827	82703548	1.5375129	230
404496827	146280077	4.89453526	1024
242280147	333912732	2.71100946	432
242280147	225850894	2.39213815	432
242280147	336063930	3.58555516	872
242280147	560141723	2.78483169	432
242280147	77359655	2.30641877	432
242280147	91782856	2.84624875	432
242280147	300690818	2.53988734	432
242280147	334344474	2.2064409	1024
242280147	82702854	2.47061388	432
242280147	296454659	3.37054087	872
242280147	436841832	0.16790232	1024
242280147	82703548	2.56875333	432
242280147	146280077	4.21027747	1024
333912732	225850894	1.78905807	1024
333912732	336063930	4.2048185	872
333912732	560141723	1.22256273	431
333912732	77359655	1.53078603	737
333912732	91782856	1.28397979	431
333912732	300690818	0.97761838	431
333912732	334344474	2.82570424	1024
333912732	82702854	1.49758174	252
333912732	296454659	3.98980421	872
333912732	436841832	2.6125504	432
333912732	82703548	1.47251845	230
333912732	146280077	4.82954081	1024
225850894	336063930	3.88594719	872
225850894	560141723	1.8628803	1024
225850894	77359655	1.38446738	1024
225850894	91782856	1.92429736	1024
225850894	300690818	1.61793595	1024
225850894	334344474	2.50683293	1024
225850894	82702854	1.54866249	1024
225850894	296454659	3.6709329	872
225850894	436841832	2.29367909	432
225850894	82703548	1.64680194	1024
225850894	146280077	4.5106695	1024
336063930	560141723	4.27864073	872
336063930	77359655	3.80022781	872
336063930	91782856	4.34005779	872
336063930	300690818	4.03369638	872
336063930	334344474	3.51825994	1024
336063930	82702854	3.96442292	872
336063930	296454659	1.73804063	1024
336063930	436841832	3.4870961	872
336063930	82703548	4.06256237	872
336063930	146280077	5.52209651	1024
560141723	77359655	1.60460826	737
560141723	91782856	0.59416924	1024
560141723	300690818	0.62656861	936
560141723	334344474	2.89952647	1024
560141723	82702854	1.57140397	252
560141723	296454659	4.06362644	872
560141723	436841832	2.68637263	432
560141723	82703548	1.54634068	230
560141723	146280077	4.90336304	1024
77359655	91782856	1.66602532	737
77359655	300690818	1.35966391	737
77359655	334344474	2.42111355	1024
77359655	82702854	1.29039045	737
77359655	296454659	3.58521352	872
77359655	436841832	2.20795971	432
77359655	82703548	1.3885299	737
77359655	146280077	4.42495012	1024
91782856	300690818	0.68798567	936
91782856	334344474	2.96094353	1024
91782856	82702854	1.63282103	252
91782856	296454659	4.1250435	872
91782856	436841832	2.74778969	432
91782856	82703548	1.60775774	230
91782856	146280077	4.9647801	1024
300690818	334344474	2.65458212	1024
300690818	82702854	1.32645962	252
300690818	296454659	3.81868209	872
300690818	436841832	2.44142828	432
300690818	82703548	1.30139633	230
300690818	146280077	4.65841869	1024
334344474	82702854	2.58530866	1024
334344474	296454659	3.30324565	1024
334344474	436841832	2.10798184	1024
334344474	82703548	2.68344811	1024
334344474	146280077	2.49429423	595
82702854	296454659	3.74940863	872
82702854	436841832	2.37215482	432
82702854	82703548	1.35532561	252
82702854	146280077	4.58914523	1024
296454659	436841832	3.27208181	872
296454659	82703548	3.84754808	872
296454659	146280077	5.30708222	1024
436841832	82703548	2.47029427	432
436841832	146280077	4.11181841	1024
82703548	146280077	4.68728468	1024
