#dist_cut	num_seqs	num_clusters	num_clusters(recip_simpson_index)	avg_intra_clust_phylo_dist_phylum(norm_shannon_index)	avg_inter_clust_phylo_dist_phylum(norm_shannon_index)	avg_intra_clust_phylo_dist_order(norm_shannon_index)	avg_inter_clust_phylo_dist_order(norm_shannon_index)	avg_silhouette_width	avg_inter_clust_dist	avg_intra_clust_dist	dunn_index
0	61	61	61	0	0	0	0.276737453941162	1	2.82016268703825	0	0.03367801
0.01	61	61	61	0	0	0	0.276737453941162	1	2.82016268703825	0	0.03367801
0.02	61	61	61	0	0	0	0.276737453941162	1	2.82016268703826	0	0.03367801
0.03	61	61	61	0	0	0	0.276737453941162	1	2.82016268703825	0	0.03367801
0.04	61	60	59.0634920634921	0	0	0	0.277327035495743	0.966666666666667	2.81591443892373	0.000561300166666667	3.44539389352281
0.05	61	60	59.0634920634921	0	0	0	0.277327035495743	0.966666666666667	2.81591443892373	0.000561300166666667	3.44539389352281
0.06	61	60	59.0634920634921	0	0	0	0.277327035495743	0.966666666666667	2.81591443892373	0.000561300166666667	3.44539389352281
0.07	61	60	59.0634920634921	0	0	0	0.277327035495743	0.966666666666667	2.81591443892373	0.000561300166666667	3.44539389352281
0.08	61	60	59.0634920634921	0	0	0	0.277327035495743	0.966666666666667	2.81591443892373	0.000561300166666667	3.44539389352281
0.09	61	60	59.0634920634921	0	0	0	0.277327035495743	0.966666666666667	2.81591443892373	0.000561300166666667	3.44539389352281
0.1	61	60	59.0634920634921	0	0	0	0.277327035495743	0.966666666666667	2.81591443892373	0.000561300166666667	3.44539389352281
0.11	61	60	59.0634920634921	0	0	0	0.277327035495743	0.966666666666667	2.81591443892373	0.000561300166666667	3.44539389352281
0.12	61	58	55.5373134328358	0	0	0	0.276728485826868	0.963711281245236	2.83102548455838	0.0046390274137931	1.06816801823386
0.13	61	57	53.9275362318841	0	0	0	0.277012475050483	0.961472012443358	2.84271036050125	0.00695703719298246	1.03195614504415
0.14	61	54	47.1012658227848	0	0	0	0.275271602642215	0.957932003005777	2.88874274769858	0.0102539830864198	1.20129303145259
0.15	61	54	47.1012658227848	0	0	0	0.275271602642215	0.959501244095446	2.88874274769858	0.0102539830864198	1.20129303145259
0.16	61	54	47.1012658227848	0	0	0	0.275271602642215	0.959654780589936	2.88874274769858	0.0102539830864198	1.20129303145259
0.17	61	53	44.8313253012048	0	0	0	0.275807726775638	0.957080702807053	2.88402959656507	0.0121588391823899	1.3285411535449
0.18	61	51	38.360824742268	0	0	0	0.276783514138486	0.958997528163648	2.865113342617	0.0139959456601307	1.01479244901602
0.19	61	51	38.360824742268	0	0	0	0.276783514138486	0.958457810310595	2.86511334261699	0.0139959456601307	1.01479244901602
0.2	61	49	34.1376146788991	0	0	0	0.277407684025601	0.953636152708774	2.86051243018708	0.0189144049115646	1.0149991374588
0.21	61	49	34.1376146788991	0	0	0	0.277407684025601	0.953084331809824	2.86051243018707	0.0189144049115646	1.0149991374588
0.22	61	48	32.929203539823	0	0	0	0.277019600318505	0.953823389268588	2.86584837290041	0.0195400691805556	1.06254283083794
0.23	61	46	29.2992125984252	0	0	0	0.276533602993213	0.9476713766342	2.87252969604348	0.025674344378882	1.01266563436074
0.24	61	45	28.8449612403101	0	0	0	0.276440525921798	0.943058189294588	2.87769788288215	0.0314196824761905	1.12599214303066
0.25	61	45	28.8449612403101	0	0	0	0.276440525921798	0.940513938405627	2.87769788288216	0.0314196824761905	1.12599214303066
0.26	61	45	28.8449612403101	0	0	0	0.276440525921798	0.943058189294588	2.87769788288215	0.0314196824761905	1.12599214303066
0.27	61	44	28.4045801526718	0	0	0	0.275158308135374	0.934768316004816	2.90199389397111	0.0380929738961039	1.10871962693027
0.28	61	44	28.4045801526718	0	0	0	0.275158308135374	0.935196185147947	2.90199389397111	0.0380929738961039	1.10871962693027
0.29	61	44	28.4045801526718	0	0	0	0.275158308135374	0.938142484447751	2.90199389397111	0.0380929738961039	1.10871962693027
0.3	61	42	27.1605839416058	0	0	0	0.275169798081928	0.933021997622175	2.87512855074913	0.0496272035260771	1.0893630594349
0.31	61	41	26.3900709219858	0	0	0.00732261785696953	0.282619607945695	0.928283941337995	2.89320563964228	0.0524147863763066	1.18640265742059
0.32	61	39	23.4025157232704	0	0	0.00769813672142951	0.281217960253587	0.92384295575568	2.90887270397435	0.0575345536385836	1.1312720180614
0.33	61	39	23.4025157232704	0	0	0.00769813672142951	0.281217960253588	0.924404601589529	2.90887270397435	0.0575345536385836	1.1312720180614
0.34	61	39	23.4025157232704	0	0	0.00769813672142951	0.281217960253588	0.92545744991547	2.90887270397435	0.0575345536385836	1.1312720180614
0.35	61	39	23.4025157232704	0	0	0.00769813672142951	0.281217960253588	0.92545744991547	2.90887270397436	0.0575345536385836	1.1312720180614
0.36	61	39	23.4025157232704	0	0	0.00769813672142951	0.281217960253587	0.913722279506372	2.90887270397436	0.0575345536385836	1.1312720180614
0.37	61	37	22.8282208588957	0	0	0.00811425221988515	0.282057407058673	0.889745694988242	2.92728210872372	0.0802849238352638	1.05508862107672
0.38	61	37	22.8282208588957	0	0	0.00811425221988515	0.282057407058673	0.915643040816541	2.92728210872372	0.0802849238352638	1.05508862107672
0.39	61	36	22.5515151515152	0	0	0.00833964811488196	0.281917272797844	0.891835893801289	2.91642578071825	0.0932051308862434	1.07399882925275
0.4	61	35	21.7602339181287	0	0	0.00934113327884069	0.281283151270696	0.90112474261696	2.93374798108964	0.0976590931020408	1.07754413214153
0.41	61	35	21.7602339181287	0	0	0.00934113327884069	0.281283151270696	0.885693337184333	2.93374798108964	0.0976590931020408	1.07754413214153
0.42	61	33	19.4816753926702	0	0	0.0099072625684674	0.279822637563293	0.891407715478616	2.98607640185606	0.113171763512266	1.08781073992076
0.43	61	33	19.4816753926702	0	0	0.0099072625684674	0.279822637563293	0.888280374065635	2.98607640185606	0.113171763512266	1.08781073992076
0.44	61	33	19.4816753926702	0	0	0.0099072625684674	0.279822637563293	0.886751287349644	2.98607640185606	0.113171763512266	1.08781073992076
0.45	61	33	19.4816753926702	0	0	0.0099072625684674	0.279822637563293	0.891407715478616	2.98607640185606	0.113171763512266	1.08781073992076
0.46	61	31	18.1512195121951	0	0	0.0105464407986911	0.278929056638751	0.871431048742969	3.0037995869785	0.127433029674347	1.53027017885381
0.47	61	31	18.1512195121951	0	0	0.0105464407986911	0.278929056638751	0.889680777011584	3.0037995869785	0.127433029674347	1.53027017885381
0.48	61	31	18.1512195121951	0	0	0.0105464407986911	0.278929056638751	0.876159913065515	3.0037995869785	0.127433029674347	1.53027017885381
0.49	61	31	18.1512195121951	0	0	0.0105464407986911	0.278929056638751	0.871431048742969	3.0037995869785	0.127433029674347	1.53027017885381
0.5	61	31	18.1512195121951	0	0	0.0105464407986911	0.278929056638751	0.890129695269996	3.0037995869785	0.127433029674347	1.53027017885381
0.51	61	31	18.1512195121951	0	0	0.0105464407986911	0.278929056638751	0.879090410735166	3.0037995869785	0.127433029674347	1.53027017885381
0.52	61	31	18.1512195121951	0	0	0.0105464407986911	0.278929056638751	0.88242753133644	3.0037995869785	0.127433029674347	1.53027017885381
0.53	61	31	18.1512195121951	0	0	0.0105464407986911	0.278929056638751	0.893655982934669	3.0037995869785	0.127433029674347	1.53027017885381
0.54	61	31	18.1512195121951	0	0	0.0105464407986911	0.278929056638751	0.886841313252736	3.0037995869785	0.127433029674347	1.53027017885381
0.55	61	31	18.1512195121951	0	0	0.0105464407986911	0.278929056638751	0.88814333668897	3.0037995869785	0.127433029674347	1.53027017885381
0.56	61	31	18.1512195121951	0	0	0.0105464407986911	0.278929056638751	0.881992975401718	3.0037995869785	0.127433029674347	1.53027017885381
0.57	61	31	18.1512195121951	0	0	0.0105464407986911	0.278929056638751	0.893655982934669	3.0037995869785	0.127433029674347	1.53027017885381
0.58	61	31	18.1512195121951	0	0	0.0105464407986911	0.278929056638751	0.886841313252736	3.0037995869785	0.127433029674347	1.53027017885381
0.59	61	31	18.1512195121951	0	0	0.0105464407986911	0.278929056638751	0.886841313252736	3.0037995869785	0.127433029674347	1.53027017885381
0.6	61	31	18.1512195121951	0	0	0.0105464407986911	0.278929056638751	0.893655982934669	3.0037995869785	0.127433029674347	1.53027017885381
0.61	61	31	18.1512195121951	0	0	0.0105464407986911	0.278929056638751	0.882431191204578	3.0037995869785	0.127433029674347	1.53027017885381
0.62	61	31	18.1512195121951	0	0	0.0105464407986911	0.278929056638751	0.890129695269996	3.0037995869785	0.127433029674347	1.53027017885381
0.63	61	31	18.1512195121951	0	0	0.0105464407986911	0.278929056638751	0.881998274256815	3.0037995869785	0.127433029674347	1.53027017885381
0.64	61	31	18.1512195121951	0	0	0.0105464407986911	0.278929056638751	0.887373431104799	3.0037995869785	0.127433029674347	1.53027017885381
0.65	61	31	18.1512195121951	0	0	0.0105464407986911	0.278929056638751	0.88132037805572	3.0037995869785	0.127433029674347	1.53027017885381
0.66	61	31	18.1512195121951	0	0	0.0105464407986911	0.278929056638751	0.882496751893528	3.0037995869785	0.127433029674347	1.53027017885381
0.67	61	31	18.1512195121951	0	0	0.0105464407986911	0.278929056638751	0.890396169262436	3.0037995869785	0.127433029674347	1.53027017885381
0.68	61	31	18.1512195121951	0	0	0.0105464407986911	0.278929056638751	0.88132037805572	3.0037995869785	0.127433029674347	1.53027017885381
0.69	61	31	18.1512195121951	0	0	0.0105464407986911	0.278929056638751	0.876159913065515	3.0037995869785	0.127433029674347	1.53027017885381
0.7	61	30	17.975845410628	0	0	0.0108979888253141	0.279934049513962	0.868933732587421	3.03664092768468	0.154690887996825	1.2170773280453
0.71	61	30	17.975845410628	0	0	0.0108979888253141	0.279934049513962	0.876668300439637	3.03664092768468	0.154690887996825	1.2170773280453
0.72	61	30	17.975845410628	0	0	0.0108979888253141	0.279934049513962	0.876835865438291	3.03664092768467	0.154690887996825	1.2170773280453
0.73	61	30	17.975845410628	0	0	0.0108979888253141	0.279934049513962	0.858969612576126	3.03664092768467	0.154690887996825	1.2170773280453
0.74	61	30	17.975845410628	0	0	0.0108979888253141	0.279934049513962	0.870808367690882	3.03664092768467	0.154690887996825	1.2170773280453
0.75	61	30	17.975845410628	0	0	0.0108979888253141	0.279934049513962	0.86916636702028	3.03664092768467	0.154690887996825	1.2170773280453
0.76	61	30	17.975845410628	0	0	0.0108979888253141	0.279934049513962	0.879683537646265	3.03664092768467	0.154690887996825	1.2170773280453
0.77	61	30	17.975845410628	0	0	0.0108979888253141	0.279934049513962	0.867552568564121	3.03664092768468	0.154690887996825	1.2170773280453
0.78	61	29	17.6350710900474	0	0	0.0112737815434284	0.281173425540293	0.861008686408159	3.07405226588013	0.171018302755337	1.33647913193794
0.79	61	29	17.6350710900474	0	0	0.0112737815434284	0.281173425540293	0.862807474145034	3.07405226588013	0.171018302755337	1.33647913193794
0.8	61	29	17.6350710900474	0	0	0.0112737815434284	0.281173425540293	0.862605681041371	3.07405226588013	0.171018302755337	1.33647913193794
0.81	61	29	17.6350710900474	0	0	0.0112737815434284	0.281173425540293	0.869869114580797	3.07405226588013	0.171018302755337	1.33647913193794
0.820000000000001	61	29	17.6350710900474	0	0	0.0112737815434284	0.281173425540293	0.860583615492318	3.07405226588013	0.171018302755337	1.33647913193794
0.830000000000001	61	29	17.6350710900474	0	0	0.0112737815434284	0.281173425540293	0.850949182222443	3.07405226588013	0.171018302755337	1.33647913193794
0.840000000000001	61	29	17.6350710900474	0	0	0.0112737815434284	0.281173425540293	0.862807474145034	3.07405226588013	0.171018302755337	1.33647913193794
0.850000000000001	61	29	17.6350710900474	0	0	0.0112737815434284	0.281173425540293	0.872351939451584	3.07405226588013	0.171018302755337	1.33647913193794
0.860000000000001	61	29	17.6350710900474	0	0	0.0112737815434284	0.281173425540293	0.857958238536077	3.07405226588013	0.171018302755337	1.33647913193794
0.870000000000001	61	29	17.6350710900474	0	0	0.0112737815434284	0.281173425540293	0.872441166523372	3.07405226588013	0.171018302755337	1.33647913193794
0.880000000000001	61	29	17.6350710900474	0	0	0.0112737815434284	0.281173425540293	0.854048148295222	3.07405226588013	0.171018302755337	1.33647913193794
0.890000000000001	61	29	17.6350710900474	0	0	0.0112737815434284	0.281173425540293	0.862807474145034	3.07405226588013	0.171018302755337	1.33647913193794
0.900000000000001	61	29	17.6350710900474	0	0	0.0112737815434284	0.281173425540293	0.857800267390539	3.07405226588013	0.171018302755337	1.33647913193794
0.910000000000001	61	29	17.6350710900474	0	0	0.0112737815434284	0.281173425540293	0.864510435689306	3.07405226588013	0.171018302755337	1.33647913193794
0.920000000000001	61	28	16.9908675799087	0	0	0.0116764165985509	0.279679923387127	0.842184300871105	3.10523636761508	0.174631929163265	1.25260310184846
0.930000000000001	61	28	16.9908675799087	0	0	0.0116764165985509	0.279679923387127	0.858207814943123	3.10523636761508	0.174631929163265	1.25260310184846
0.940000000000001	61	28	16.9908675799087	0	0	0.0116764165985509	0.279679923387127	0.851737781422225	3.10523636761508	0.174631929163265	1.25260310184846
0.950000000000001	61	28	16.9908675799087	0	0	0.0116764165985509	0.279679923387127	0.84305232130992	3.10523636761508	0.174631929163265	1.25260310184846
0.960000000000001	61	28	16.9908675799087	0	0	0.0116764165985509	0.279679923387127	0.862989455096512	3.10523636761508	0.174631929163265	1.25260310184846
0.970000000000001	61	27	16.6860986547085	0	0	0.0121088764725713	0.279427542349488	0.851937854721565	3.09224904119564	0.195352691107584	1.33035507934818
0.980000000000001	61	26	15.8340425531915	0	0	0.0125746024907471	0.276474987322386	0.848064084437871	3.06683486469487	0.195595622483517	1.27292769637101
0.990000000000001	61	26	15.8340425531915	0	0	0.0125746024907471	0.276474987322386	0.859102481161881	3.06683486469487	0.195595622483517	1.27292769637101
1	61	26	15.8340425531915	0	0	0.0125746024907471	0.276474987322386	0.856675816137501	3.06683486469487	0.195595622483517	1.27292769637101
1.01	61	26	15.8340425531915	0	0	0.0125746024907471	0.276474987322386	0.859102481161881	3.06683486469487	0.195595622483516	1.27292769637101
1.02	61	26	15.8340425531915	0	0	0.0125746024907471	0.276474987322386	0.842944784495633	3.06683486469487	0.195595622483517	1.27292769637101
1.03	61	26	15.8340425531915	0	0	0.0125746024907471	0.276474987322386	0.848675090878145	3.06683486469487	0.195595622483517	1.27292769637101
1.04	61	26	15.8340425531915	0	0	0.0125746024907471	0.276474987322386	0.859102481161881	3.06683486469487	0.195595622483516	1.27292769637101
1.05	61	26	15.3127572016461	0	0	0.0125746024907471	0.274966999688453	0.838804912099082	3.06432924840769	0.184410358611722	1.07256168173327
1.06	61	25	13.936329588015	0	0	0.013077586590377	0.273383549383987	0.847438146995023	3.08998456733048	0.190319602651429	1.07256168173327
1.07	61	25	13.936329588015	0	0	0.013077586590377	0.273383549383987	0.846264844912395	3.08998456733048	0.190319602651429	1.07256168173327
1.08	61	25	13.6300366300366	0	0	0.013077586590377	0.273793883067308	0.840931483046389	3.09405563635833	0.191380277510476	1.07256168173327
1.09	61	24	13.0561403508772	0	0	0.0136224860316427	0.271291746531882	0.861022506625374	3.0750759751652	0.200173865672619	1.19779028672159
1.1	61	24	13.0561403508772	0	0	0.0136224860316427	0.271291746531882	0.865229218297619	3.0750759751652	0.200173865672619	1.19779028672159
1.11	61	24	13.0561403508772	0	0	0.0136224860316427	0.271291746531882	0.843423338084027	3.0750759751652	0.200173865672619	1.19779028672159
1.12	61	23	12.3621262458472	0	0	0.0142147680330184	0.267876752579051	0.848025199616665	3.07748073910032	0.220918955962733	1.19779028672159
1.13	61	23	12.3621262458472	0	0	0.0142147680330184	0.267876752579051	0.834577733549835	3.07748073910032	0.220918955962733	1.19779028672159
1.14	61	23	12.3621262458472	0	0	0.0142147680330184	0.267876752579051	0.834577733549835	3.07748073910032	0.220918955962733	1.19779028672159
1.15	61	23	12.3621262458472	0	0	0.0142147680330184	0.267876752579051	0.83656688096956	3.07748073910032	0.220918955962733	1.19779028672159
1.16	61	22	9.18765432098765	0	0	0.0236536802107458	0.278902531046634	0.847854462068391	3.08161042157854	0.214172967450882	0.992269078530628
1.17	61	22	9.18765432098765	0	0	0.0236536802107458	0.278902531046634	0.847854462068391	3.08161042157854	0.214172967450882	0.992269078530628
1.18	61	22	9.18765432098765	0	0	0.0236536802107458	0.278902531046634	0.847310489891023	3.08161042157854	0.214172967450882	0.992269078530628
1.19	61	22	9.18765432098765	0	0	0.0236536802107458	0.278902531046634	0.847854462068391	3.08161042157854	0.214172967450882	0.992269078530628
1.2	61	22	9.18765432098765	0	0	0.0236536802107458	0.278902531046634	0.847310489891023	3.08161042157854	0.214172967450882	0.992269078530628
1.21	61	21	8.59353348729792	0	0	0.0298650950902464	0.289677084043311	0.847732619695102	3.1272216997997	0.196462742835921	1.18195061935386
1.22	61	21	8.59353348729792	0	0	0.0298650950902464	0.289677084043311	0.847732619695101	3.1272216997997	0.196462742835921	1.18195061935386
1.23	61	21	8.59353348729792	0	0	0.0298650950902464	0.289677084043311	0.847732619695102	3.1272216997997	0.196462742835921	1.18195061935386
1.24	61	20	8.47608200455581	0	0	0.0313583498447587	0.292210468848551	0.832266266491876	3.13847899035109	0.232145433144383	1.19290834368498
1.25	61	20	7.96788008565311	0	0	0.0413854124511655	0.308201668604702	0.847382139743775	3.13244820815931	0.235012525681548	1.0774687260297
1.26	61	20	7.96788008565311	0	0	0.0413854124511655	0.308201668604702	0.847733936916777	3.13244820815931	0.235012525681548	1.0774687260297
1.27	61	20	7.96788008565311	0	0	0.0413854124511655	0.308201668604702	0.847912126994007	3.13244820815931	0.235012525681548	1.0774687260297
1.28	61	19	7.93390191897655	0	0	0.0607709428306702	0.325799266229145	0.819513583351241	3.13012085338033	0.314735774927945	1.08974452640258
1.29	61	19	7.93390191897655	0	0	0.0607709428306702	0.325799266229145	0.821459703687165	3.13012085338033	0.314735774927945	1.08974452640258
1.3	61	19	7.93390191897655	0	0	0.0607709428306702	0.325799266229145	0.819513583351241	3.13012085338033	0.314735774927945	1.08974452640258
1.31	61	19	7.93390191897655	0	0	0.0607709428306702	0.325799266229145	0.819513583351241	3.13012085338033	0.314735774927945	1.08974452640258
1.32	61	19	7.93390191897655	0	0	0.0607709428306702	0.325799266229145	0.821459703687164	3.13012085338033	0.314735774927945	1.08974452640258
1.33	61	19	7.93390191897655	0	0	0.0607709428306702	0.325799266229145	0.819513583351241	3.13012085338033	0.314735774927945	1.08974452640258
1.34	61	19	7.93390191897655	0	0	0.0607709428306702	0.325799266229145	0.819513583351241	3.13012085338033	0.314735774927945	1.08974452640258
1.35	61	19	7.93390191897655	0	0	0.0607709428306702	0.325799266229145	0.819326014848894	3.13012085338033	0.314735774927945	1.08974452640258
1.36	61	19	7.93390191897655	0	0	0.0607709428306702	0.325799266229145	0.821459703687164	3.13012085338033	0.314735774927945	1.08974452640258
1.37	61	19	7.93390191897655	0	0	0.0607709428306702	0.325799266229145	0.819326014848894	3.13012085338033	0.314735774927945	1.08974452640258
1.38	61	19	7.93390191897655	0	0	0.0607709428306702	0.325799266229145	0.819326014848894	3.13012085338033	0.314735774927945	1.08974452640258
1.39	61	19	7.93390191897655	0	0	0.0607709428306702	0.325799266229145	0.819326014848894	3.13012085338033	0.314735774927945	1.08974452640258
1.4	61	19	7.93390191897655	0	0	0.0607709428306702	0.325799266229145	0.819326014848894	3.13012085338033	0.314735774927945	1.08974452640258
1.41	61	19	7.93390191897655	0	0	0.0607709428306702	0.325799266229145	0.821459703687165	3.13012085338033	0.314735774927945	1.08974452640258
1.42	61	19	7.93390191897655	0	0	0.0607709428306702	0.325799266229145	0.821459703687164	3.13012085338033	0.314735774927945	1.08974452640258
1.43	61	19	7.93390191897655	0	0	0.0607709428306702	0.325799266229145	0.819513583351241	3.13012085338033	0.314735774927945	1.08974452640258
1.44	61	19	7.93390191897655	0	0	0.0607211717294873	0.325713975830437	0.817225101005295	3.13020252941103	0.320228824552005	1.09070565132905
1.45	61	19	7.93390191897655	0	0	0.0607211717294873	0.325713975830437	0.819169841522568	3.13020252941103	0.320228824552005	1.09070565132905
1.46	61	19	7.93390191897655	0	0	0.0607211717294873	0.325713975830437	0.817225101005295	3.13020252941103	0.320228824552005	1.09070565132905
1.47	61	19	7.93390191897655	0	0	0.0607211717294873	0.325713975830437	0.817436946428622	3.13020252941103	0.320228824552005	1.09070565132905
1.48	61	18	5.36940836940837	0	0	0.0603924635357538	0.334340754201736	0.822004256844458	3.16858081946769	0.294911516386536	1.22101195533389
1.49	61	18	5.36940836940837	0	0	0.0603924635357538	0.334340754201736	0.82138065087462	3.16858081946769	0.294911516386536	1.22101195533389
1.5	61	18	5.36940836940837	0	0	0.0603924635357538	0.334340754201736	0.822004256844459	3.16858081946769	0.294911516386536	1.22101195533389
1.51	61	18	5.36940836940837	0	0	0.0603924635357538	0.334340754201736	0.822004256844458	3.16858081946769	0.294911516386536	1.22101195533389
1.52	61	18	5.36940836940837	0	0	0.0603924635357538	0.334340754201736	0.821380650874619	3.16858081946769	0.294911516386536	1.22101195533389
1.53	61	18	5.36940836940837	0	0	0.0603924635357538	0.334340754201736	0.82138065087462	3.16858081946769	0.294911516386536	1.22101195533389
1.54	61	18	5.36940836940837	0	0	0.0603924635357538	0.334340754201736	0.82138065087462	3.16858081946769	0.294911516386536	1.22101195533389
1.55	61	18	5.36940836940837	0	0	0.0603924635357538	0.334340754201736	0.82138065087462	3.16858081946769	0.294911516386536	1.22101195533389
1.56	61	18	5.36940836940837	0	0	0.0603924635357538	0.334340754201736	0.821380650874619	3.16858081946769	0.294911516386536	1.22101195533389
1.57	61	17	5.33859397417504	0	0	0.0639449613907981	0.334668522235453	0.795129869259095	3.18061259838966	0.355846157546528	1.2803272068784
1.58	61	17	5.33859397417504	0	0	0.0639449613907982	0.334668522235453	0.795129869259096	3.18061259838966	0.355846157546528	1.2803272068784
1.59	61	17	5.33859397417504	0	0	0.0639449613907982	0.334668522235453	0.795129869259096	3.18061259838966	0.355846157546528	1.2803272068784
1.6	61	17	5.33859397417504	0	0	0.0639449613907981	0.334668522235453	0.794200033449778	3.18061259838966	0.355846157546529	1.2803272068784
1.61	61	17	5.33859397417504	0	0	0.0639449613907982	0.334668522235453	0.795129869259094	3.18061259838966	0.355846157546528	1.2803272068784
1.62	61	16	5.30813124108417	0	0	0.0798944867203861	0.351346566689171	0.776695640456185	3.1862417070286	0.39303416385152	1.16500332733959
1.63	61	16	5.30813124108417	0	0	0.0798944867203861	0.351346566689171	0.776695640456184	3.1862417070286	0.39303416385152	1.16500332733959
1.64	61	16	5.30813124108417	0	0	0.0798944867203861	0.351346566689171	0.781204706903236	3.1862417070286	0.39303416385152	1.16500332733959
1.65	61	16	5.30813124108417	0	0	0.0798944867203861	0.351346566689171	0.777305189419378	3.1862417070286	0.39303416385152	1.16500332733959
1.66	61	16	5.30813124108417	0	0	0.0798944867203861	0.351346566689171	0.776695640456184	3.1862417070286	0.39303416385152	1.16500332733959
1.67	61	16	5.00807537012113	0	0	0.0798944867203861	0.352794786070127	0.75657450120065	3.18345609045473	0.388945571940805	0.971016920911263
1.68	61	16	5.00807537012113	0	0	0.0798944867203861	0.352794786070127	0.756196099616444	3.18345609045473	0.388945571940806	0.971016920911263
1.69	61	16	5.00807537012113	0	0	0.0798944867203861	0.352794786070127	0.75657450120065	3.18345609045473	0.388945571940806	0.971016920911263
1.7	61	16	5.00807537012113	0	0	0.0798944867203861	0.352794786070127	0.756574501200651	3.18345609045473	0.388945571940806	0.971016920911263
1.71	61	16	5.00807537012113	0	0	0.0798944867203861	0.352794786070127	0.75657450120065	3.18345609045473	0.388945571940806	0.971016920911263
1.72	61	16	5.00807537012113	0	0	0.0798944867203861	0.352794786070127	0.756574501200651	3.18345609045473	0.388945571940806	0.971016920911263
1.73	61	16	5.00807537012113	0	0	0.0798944867203861	0.352794786070127	0.756196099616444	3.18345609045473	0.388945571940806	0.971016920911263
1.74	61	16	5.00807537012113	0	0	0.0798944867203861	0.352794786070127	0.756196099616444	3.18345609045473	0.388945571940806	0.971016920911263
1.75	61	16	5.00807537012113	0	0	0.0798944867203861	0.352794786070127	0.756196099616444	3.18345609045473	0.388945571940806	0.971016920911263
1.76	61	16	5.00807537012113	0	0	0.0798944867203861	0.352794786070127	0.75657450120065	3.18345609045473	0.388945571940806	0.971016920911263
1.77	61	16	5.23347398030942	0	0	0.0798944867203861	0.352251455898082	0.758388369552103	3.18167200944295	0.42617404619775	1.06788064788533
1.78	61	15	4.8640522875817	0	0	0.0852207858350785	0.360969474805438	0.758826115251287	3.18643781899241	0.420680269880294	1.23585129578278
1.79	61	15	4.8640522875817	0	0	0.0852207858350785	0.360969474805438	0.759229743607773	3.18643781899241	0.420680269880294	1.23585129578278
1.8	61	15	4.8640522875817	0	0	0.0852207858350785	0.360969474805438	0.759229743607774	3.18643781899241	0.420680269880294	1.23585129578278
1.81	61	15	4.8640522875817	0	0	0.0852207858350785	0.360969474805438	0.759229743607773	3.18643781899241	0.420680269880294	1.23585129578278
1.82	61	15	4.8640522875817	0	0	0.0852207858350785	0.360969474805438	0.759229743607773	3.18643781899241	0.420680269880294	1.23585129578278
1.83	61	15	4.8640522875817	0	0	0.0852207858350785	0.360969474805438	0.758826115251287	3.18643781899241	0.420680269880294	1.23585129578278
1.84	61	15	4.8640522875817	0	0	0.0852207858350785	0.360969474805438	0.758826115251287	3.18643781899241	0.420680269880294	1.23585129578278
1.85	61	15	4.8640522875817	0	0	0.0852207858350785	0.360969474805438	0.758826115251287	3.18643781899241	0.420680269880294	1.23585129578278
1.86	61	15	4.8640522875817	0	0	0.0852207858350785	0.360969474805438	0.759229743607773	3.18643781899241	0.420680269880294	1.23585129578278
1.87	61	15	4.8640522875817	0	0	0.0852207858350785	0.360969474805438	0.759229743607773	3.18643781899241	0.420680269880294	1.23585129578278
1.88	61	14	4.85136897001304	0	0	0.1146608180204	0.387471680307365	0.693130350979992	3.23945014634587	0.584809117728886	1.07948759474336
1.89	61	13	4.57687576875769	0	0	0.128376808441944	0.400388831445043	0.678472900548436	3.33717745638126	0.636247625911082	1.2152089558727
1.9	61	13	4.57687576875769	0	0	0.128376808441944	0.400388831445043	0.67253520412502	3.33717745638126	0.636247625911082	1.2152089558727
1.91	61	13	4.57687576875769	0	0	0.128376808441944	0.400388831445043	0.67253520412502	3.33717745638126	0.636247625911082	1.2152089558727
1.92	61	13	4.57687576875769	0	0	0.128376808441944	0.400388831445043	0.678472900548436	3.33717745638126	0.636247625911082	1.2152089558727
1.93	61	13	4.57687576875769	0	0	0.128376808441944	0.400388831445043	0.678472900548437	3.33717745638126	0.636247625911082	1.2152089558727
1.94	61	13	4.57687576875769	0	0	0.128376808441944	0.400388831445043	0.67253520412502	3.33717745638126	0.636247625911082	1.2152089558727
1.95	61	13	4.57687576875769	0	0	0.128376808441944	0.400388831445043	0.678472900548437	3.33717745638126	0.636247625911082	1.2152089558727
1.96	61	13	4.57687576875769	0	0	0.128376808441944	0.400388831445043	0.678472900548436	3.33717745638126	0.636247625911082	1.2152089558727
1.97	61	13	4.57687576875769	0	0	0.128376808441944	0.400388831445043	0.67253520412502	3.33717745638126	0.636247625911082	1.2152089558727
1.98	61	13	4.57687576875769	0	0	0.128376808441944	0.400388831445043	0.678472900548437	3.33717745638126	0.636247625911082	1.2152089558727
1.99	61	13	4.57687576875769	0	0	0.128376808441944	0.400388831445043	0.67253520412502	3.33717745638126	0.636247625911082	1.2152089558727
2	61	13	4.57687576875769	0	0	0.128376808441944	0.400388831445043	0.678472900548436	3.33717745638126	0.636247625911082	1.2152089558727
2.01	61	13	4.57687576875769	0	0	0.128376808441944	0.400388831445043	0.67253520412502	3.33717745638126	0.636247625911082	1.2152089558727
2.02	61	13	4.57687576875769	0	0	0.128376808441944	0.400388831445043	0.67253520412502	3.33717745638126	0.636247625911082	1.2152089558727
2.03	61	13	4.57687576875769	0	0	0.128376808441944	0.400388831445043	0.672535204125021	3.33717745638126	0.636247625911082	1.2152089558727
2.04	61	13	4.33178114086147	0	0	0.107792345322685	0.382882311563539	0.72746226296591	3.33088820587399	0.498415470415318	1.49633654459848
2.05	61	13	4.33178114086147	0	0	0.107792345322685	0.382882311563539	0.726781110107268	3.33088820587399	0.498415470415318	1.49633654459848
2.06	61	13	4.33178114086147	0	0	0.107792345322685	0.382882311563539	0.72746226296591	3.33088820587399	0.498415470415318	1.49633654459848
2.07	61	13	4.33178114086147	0	0	0.107792345322685	0.382882311563539	0.727246835133983	3.33088820587399	0.498415470415318	1.49633654459848
2.08	61	13	4.33178114086147	0	0	0.107792345322685	0.382882311563539	0.727246835133983	3.33088820587399	0.498415470415318	1.49633654459848
2.09	61	12	4.21404303510759	0	0	0.116775040766242	0.393740597432273	0.699311929931998	3.34542282902666	0.555868078653114	1.49633654459848
2.1	61	12	4.21404303510759	0	0	0.116775040766242	0.393740597432273	0.698807394486389	3.34542282902666	0.555868078653114	1.49633654459848
2.11	61	12	4.21404303510759	0	0	0.116775040766242	0.393740597432273	0.699311929931998	3.34542282902666	0.555868078653114	1.49633654459848
2.12	61	12	4.21404303510759	0	0	0.116775040766242	0.393740597432273	0.699545310083251	3.34542282902666	0.555868078653114	1.49633654459848
2.13	61	11	3.9882100750268	0	0	0.128727021649199	0.405287788553215	0.676086871868682	3.42315318008325	0.612639784019714	1.50384258607813
2.14	61	11	3.9882100750268	0	0	0.128727021649199	0.405287788553215	0.676086871868682	3.42315318008325	0.612639784019714	1.50384258607813
2.15	61	11	3.9882100750268	0	0	0.128727021649199	0.405287788553215	0.675536469564382	3.42315318008325	0.612639784019714	1.50384258607813
2.16	61	11	3.9882100750268	0	0	0.128727021649199	0.405287788553215	0.675536469564382	3.42315318008325	0.612639784019714	1.50384258607813
2.17	61	11	3.9882100750268	0	0	0.128727021649199	0.405287788553215	0.676086871868682	3.42315318008325	0.612639784019714	1.50384258607813
2.18	61	11	3.9882100750268	0	0	0.128727021649199	0.405287788553215	0.676086871868682	3.42315318008325	0.612639784019714	1.50384258607813
2.19	61	11	3.9882100750268	0	0	0.128727021649199	0.405287788553215	0.676086871868682	3.42315318008325	0.612639784019714	1.50384258607813
2.2	61	11	3.9882100750268	0	0	0.128727021649199	0.405287788553215	0.675536469564382	3.42315318008325	0.612639784019714	1.50384258607813
2.21	61	10	3.95430393198725	0	0	0.158663623451218	0.435334220237605	0.612631733156745	3.50149938479585	0.751245215221685	1.54937049124052
2.22	61	9	3.91272344900105	0	0	0.190691618919659	0.467398794700913	0.555902569612123	3.56401603811101	0.894213174912983	1.41807764269755
2.23	61	9	3.91272344900105	0	0	0.190691618919659	0.467398794700913	0.554554010907235	3.56401603811101	0.894213174912983	1.41807764269755
2.24	61	9	3.91272344900105	0	0	0.190691618919659	0.467398794700913	0.555902569612123	3.56401603811101	0.894213174912983	1.41807764269755
2.25	61	9	3.91272344900105	0	0	0.190691618919659	0.467398794700913	0.555902569612123	3.56401603811101	0.894213174912984	1.41807764269755
2.26	61	9	3.91272344900105	0	0	0.190691618919659	0.467398794700913	0.554554010907235	3.56401603811101	0.894213174912983	1.41807764269755
2.27	61	9	3.91272344900105	0	0	0.190691618919659	0.467398794700913	0.555902569612123	3.56401603811101	0.894213174912983	1.41807764269755
2.28	61	9	3.91272344900105	0	0	0.190691618919659	0.467398794700913	0.555902569612123	3.56401603811101	0.894213174912983	1.41807764269755
2.29	61	8	3.86396677050883	0	0	0.227508823110397	0.503758011523648	0.492644458992602	3.67939223598574	1.03712163421758	1.23302905317092
2.29999999999999	61	8	3.86396677050883	0	0	0.227508823110397	0.503758011523648	0.491176150367742	3.67939223598574	1.03712163421758	1.23302905317092
2.30999999999999	61	8	3.86396677050883	0	0	0.227508823110397	0.503758011523648	0.491176150367741	3.67939223598574	1.03712163421758	1.23302905317092
2.31999999999999	61	8	3.86396677050883	0	0	0.227508823110397	0.503758011523648	0.491176150367741	3.67939223598574	1.03712163421758	1.23302905317092
2.32999999999999	61	8	3.86396677050883	0	0	0.227508823110397	0.503758011523648	0.491176150367742	3.67939223598574	1.03712163421758	1.23302905317092
2.33999999999999	61	8	3.86396677050883	0	0	0.227508823110397	0.503758011523648	0.492644458992601	3.67939223598574	1.03712163421758	1.23302905317092
2.34999999999999	61	8	3.86396677050883	0	0	0.227508823110397	0.503758011523648	0.492644458992601	3.67939223598574	1.03712163421758	1.23302905317092
2.35999999999999	61	8	3.89633507853403	0	0	0.241279750409417	0.528778241814271	0.398713752770987	3.68885281737622	1.08763161333663	0.921107229795636
2.36999999999999	61	8	3.89633507853403	0	0	0.241279750409417	0.528778241814271	0.411339169543731	3.68885281737622	1.08763161333663	0.921107229795636
2.37999999999999	61	7	2.82107657316149	0	0	0.201804801906481	0.49384653616624	0.423800169079386	3.85508645296774	1.02797900992191	0.921107229795637
2.38999999999999	61	7	2.82107657316149	0	0	0.201804801906481	0.49384653616624	0.413717902044282	3.85508645296774	1.02797900992191	0.921107229795636
2.39999999999999	61	7	2.82107657316149	0	0	0.201804801906481	0.49384653616624	0.413717902044282	3.85508645296774	1.02797900992191	0.921107229795636
2.40999999999999	61	7	2.82107657316149	0	0	0.201804801906481	0.49384653616624	0.423800169079386	3.85508645296774	1.02797900992191	0.921107229795636
2.41999999999999	61	7	2.82107657316149	0	0	0.201804801906481	0.49384653616624	0.423800169079386	3.85508645296774	1.02797900992191	0.921107229795637
2.42999999999999	61	7	2.82107657316149	0	0	0.201804801906481	0.49384653616624	0.423800169079386	3.85508645296774	1.02797900992191	0.921107229795637
2.43999999999999	61	7	2.82107657316149	0	0	0.201804801906481	0.49384653616624	0.413717902044282	3.85508645296774	1.02797900992191	0.921107229795636
2.44999999999999	61	7	2.82107657316149	0	0	0.201804801906481	0.49384653616624	0.413717902044282	3.85508645296774	1.02797900992191	0.921107229795637
2.45999999999999	61	7	2.82107657316149	0	0	0.201804801906481	0.49384653616624	0.423800169079386	3.85508645296774	1.02797900992191	0.921107229795636
2.46999999999999	61	7	2.82107657316149	0	0	0.201804801906481	0.49384653616624	0.423800169079386	3.85508645296774	1.02797900992191	0.921107229795637
2.47999999999999	61	7	2.82107657316149	0	0	0.201804801906481	0.49384653616624	0.413717902044282	3.85508645296774	1.02797900992191	0.921107229795637
2.48999999999999	61	7	2.82107657316149	0	0	0.201804801906481	0.49384653616624	0.423800169079386	3.85508645296774	1.02797900992191	0.921107229795636
2.49999999999999	61	7	2.82107657316149	0	0	0.201804801906481	0.49384653616624	0.423800169079386	3.85508645296774	1.02797900992191	0.921107229795637
2.50999999999999	61	7	2.82107657316149	0	0	0.201804801906481	0.49384653616624	0.413717902044282	3.85508645296774	1.02797900992191	0.921107229795636
2.51999999999999	61	7	2.82107657316149	0	0	0.201804801906481	0.49384653616624	0.413717902044282	3.85508645296774	1.02797900992191	0.921107229795637
2.52999999999999	61	7	2.82107657316149	0	0	0.201804801906481	0.49384653616624	0.413717902044282	3.85508645296774	1.02797900992191	0.921107229795637
2.53999999999999	61	7	2.69442433019551	0	0	0.207450529363971	0.503272866536549	0.444766110733553	3.83809382526042	0.931069183253335	0.921107229795636
2.54999999999999	61	6	2.567977915804	0	0	0.248301988139124	0.551265649205378	0.364973003183951	3.91852834982608	1.09760864664871	0.902163126737369
2.55999999999999	61	4	2.27028676021965	0	0	0.333329932781966	0.662342559252309	0.294781789505133	4.38019044583022	1.24232935581786	1.52200059695887
2.56999999999999	61	4	2.27028676021965	0	0	0.333329932781966	0.662342559252309	0.294781789505133	4.38019044583022	1.24232935581786	1.52200059695887
2.57999999999999	61	4	2.27028676021965	0	0	0.333329932781966	0.662342559252309	0.294781789505133	4.38019044583021	1.24232935581786	1.52200059695887
2.58999999999999	61	4	2.27028676021965	0	0	0.333329932781966	0.662342559252309	0.294781789505133	4.38019044583021	1.24232935581786	1.52200059695887
2.59999999999999	61	4	2.27028676021965	0	0	0.333329932781966	0.662342559252309	0.294781789505133	4.38019044583022	1.24232935581786	1.52200059695887
2.60999999999999	61	4	2.27028676021965	0	0	0.333329932781966	0.662342559252309	0.294781789505133	4.38019044583021	1.24232935581786	1.52200059695887
2.61999999999999	61	4	2.27028676021965	0	0	0.333329932781966	0.662342559252309	0.294781789505133	4.38019044583021	1.24232935581786	1.52200059695887
2.62999999999999	61	4	2.27028676021965	0	0	0.333329932781966	0.662342559252309	0.294781789505133	4.38019044583022	1.24232935581786	1.52200059695887
2.63999999999999	61	4	2.27028676021965	0	0	0.333329932781966	0.662342559252309	0.294781789505133	4.38019044583022	1.24232935581786	1.52200059695887
2.64999999999999	61	4	2.27028676021965	0	0	0.333329932781966	0.662342559252309	0.294781789505133	4.38019044583021	1.24232935581786	1.52200059695887
2.65999999999999	61	4	2.27028676021965	0	0	0.333329932781966	0.662342559252309	0.294781789505133	4.38019044583022	1.24232935581786	1.52200059695887
2.66999999999999	61	4	2.27028676021965	0	0	0.333329932781966	0.662342559252309	0.294781789505133	4.38019044583022	1.24232935581786	1.52200059695887
2.67999999999999	61	4	2.27028676021965	0	0	0.333329932781966	0.662342559252309	0.294781789505133	4.38019044583021	1.24232935581786	1.52200059695887
2.68999999999999	61	4	2.27028676021965	0	0	0.333329932781966	0.662342559252309	0.294781789505133	4.38019044583022	1.24232935581786	1.52200059695887
2.69999999999999	61	4	2.27028676021965	0	0	0.333329932781966	0.662342559252309	0.294781789505133	4.38019044583022	1.24232935581786	1.52200059695887
2.70999999999999	61	4	2.27028676021965	0	0	0.333329932781966	0.662342559252309	0.294781789505133	4.38019044583022	1.24232935581786	1.52200059695887
2.71999999999999	61	4	2.27028676021965	0	0	0.333329932781966	0.662342559252309	0.294781789505133	4.38019044583022	1.24232935581786	1.52200059695887
2.72999999999999	61	4	2.27028676021965	0	0	0.333329932781966	0.662342559252309	0.294781789505133	4.38019044583022	1.24232935581786	1.52200059695887
2.73999999999999	61	4	2.27028676021965	0	0	0.333329932781966	0.662342559252309	0.294781789505133	4.38019044583021	1.24232935581786	1.52200059695887
2.74999999999999	61	4	2.27028676021965	0	0	0.333329932781966	0.662342559252309	0.294781789505133	4.38019044583022	1.24232935581786	1.52200059695887
2.75999999999999	61	4	2.27028676021965	0	0	0.333329932781966	0.662342559252309	0.294781789505133	4.38019044583021	1.24232935581786	1.52200059695887
2.76999999999998	61	4	2.27028676021965	0	0	0.333329932781966	0.662342559252309	0.294781789505133	4.38019044583021	1.24232935581786	1.52200059695887
2.77999999999998	61	4	2.27028676021965	0	0	0.333329932781966	0.662342559252309	0.294781789505133	4.38019044583022	1.24232935581786	1.52200059695887
2.78999999999998	61	4	2.27028676021965	0	0	0.333329932781966	0.662342559252309	0.294781789505133	4.38019044583021	1.24232935581786	1.52200059695887
2.79999999999998	61	4	2.27028676021965	0	0	0.333329932781966	0.662342559252309	0.294781789505133	4.38019044583022	1.24232935581786	1.52200059695887
2.80999999999998	61	4	2.27028676021965	0	0	0.333329932781966	0.662342559252309	0.294781789505133	4.38019044583022	1.24232935581786	1.52200059695887
2.81999999999998	61	4	2.27028676021965	0	0	0.333329932781966	0.662342559252309	0.294781789505133	4.38019044583022	1.24232935581786	1.52200059695887
2.82999999999998	61	4	2.27028676021965	0	0	0.333329932781966	0.662342559252309	0.294781789505133	4.38019044583022	1.24232935581786	1.52200059695887
2.83999999999998	61	4	2.20307874481942	0	0	0.334062164311564	0.665926677968965	0.290017051453254	4.37229534461111	1.27223815501651	1.44769147785334
2.84999999999998	61	4	2.20307874481942	0	0	0.334062164311564	0.665926677968965	0.290017051453254	4.37229534461111	1.27223815501651	1.44769147785334
2.85999999999998	61	4	2.20307874481942	0	0	0.334062164311564	0.665926677968965	0.290017051453254	4.37229534461111	1.27223815501651	1.44769147785334
2.86999999999998	61	4	1.99731615673645	0	0	0.333378265810883	0.674345861938129	0.295766523602151	4.34274781287895	1.34301278153455	1.28047478733728
2.87999999999998	61	4	1.99731615673645	0	0	0.333378265810883	0.674345861938129	0.295766523602152	4.34274781287895	1.34301278153455	1.28047478733728
2.88999999999998	61	4	1.99731615673645	0	0	0.333378265810883	0.674345861938129	0.295766523602152	4.34274781287895	1.34301278153455	1.28047478733728
2.89999999999998	61	4	1.99731615673645	0	0	0.333378265810883	0.674345861938129	0.295766523602151	4.34274781287895	1.34301278153455	1.28047478733728
2.90999999999998	61	4	1.99731615673645	0	0	0.333378265810883	0.674345861938129	0.295766523602152	4.34274781287895	1.34301278153455	1.28047478733728
2.91999999999998	61	4	1.99731615673645	0	0	0.333378265810883	0.674345861938129	0.295766523602151	4.34274781287895	1.34301278153455	1.28047478733728
2.92999999999998	61	4	1.99731615673645	0	0	0.333378265810883	0.674345861938129	0.295766523602152	4.34274781287895	1.34301278153455	1.28047478733728
2.93999999999998	61	4	1.99731615673645	0	0	0.333378265810883	0.674345861938129	0.295766523602152	4.34274781287895	1.34301278153455	1.28047478733728
2.94999999999998	61	4	1.99731615673645	0	0	0.333378265810883	0.674345861938129	0.295766523602151	4.34274781287895	1.34301278153455	1.28047478733728
2.95999999999998	61	4	1.99731615673645	0	0	0.333378265810883	0.674345861938129	0.295766523602152	4.34274781287895	1.34301278153455	1.28047478733728
2.96999999999998	61	4	1.99731615673645	0	0	0.333378265810883	0.674345861938129	0.295766523602152	4.34274781287895	1.34301278153455	1.28047478733728
2.97999999999998	61	4	1.99731615673645	0	0	0.333378265810883	0.674345861938129	0.295766523602151	4.34274781287895	1.34301278153455	1.28047478733728
2.98999999999998	61	4	1.99731615673645	0	0	0.333378265810883	0.674345861938129	0.295766523602152	4.34274781287895	1.34301278153456	1.28047478733728
2.99999999999998	61	4	1.99731615673645	0	0	0.333378265810883	0.674345861938129	0.295766523602152	4.34274781287895	1.34301278153455	1.28047478733728
3.00999999999998	61	4	1.99731615673645	0	0	0.333378265810883	0.674345861938129	0.295766523602152	4.34274781287895	1.34301278153455	1.28047478733728
3.01999999999998	61	4	1.99731615673645	0	0	0.333378265810883	0.674345861938129	0.295766523602151	4.34274781287895	1.34301278153455	1.28047478733728
3.02999999999998	61	4	1.99731615673645	0	0	0.333378265810883	0.674345861938129	0.295766523602152	4.34274781287895	1.34301278153455	1.28047478733728
3.03999999999998	61	4	1.99731615673645	0	0	0.333378265810883	0.674345861938129	0.295766523602152	4.34274781287895	1.34301278153455	1.28047478733728
3.04999999999998	61	4	1.99731615673645	0	0	0.333378265810883	0.674345861938129	0.295766523602151	4.34274781287895	1.34301278153455	1.28047478733728
3.05999999999998	61	4	1.99731615673645	0	0	0.333378265810883	0.674345861938129	0.295766523602152	4.34274781287895	1.34301278153455	1.28047478733728
3.06999999999998	61	4	2.06378258458125	0	0	0.361541817107052	0.70260936756169	0.267888303053314	4.30059997663931	1.43835493037092	1.26848265607029
3.07999999999998	61	4	2.06378258458125	0	0	0.361541817107052	0.70260936756169	0.267888303053314	4.30059997663931	1.43835493037092	1.26848265607029
3.08999999999998	61	4	2.06378258458125	0	0	0.361541817107052	0.70260936756169	0.267888303053315	4.30059997663931	1.43835493037092	1.26848265607029
3.09999999999998	61	4	2.06378258458125	0	0	0.361541817107052	0.70260936756169	0.267888303053315	4.30059997663931	1.43835493037092	1.26848265607029
3.10999999999998	61	4	2.06378258458125	0	0	0.361541817107052	0.70260936756169	0.267888303053315	4.30059997663931	1.43835493037092	1.26848265607029
3.11999999999998	61	4	2.06378258458125	0	0	0.361541817107052	0.70260936756169	0.267888303053314	4.30059997663931	1.43835493037092	1.26848265607029
3.12999999999998	61	4	2.06378258458125	0	0	0.361541817107052	0.70260936756169	0.267888303053314	4.30059997663931	1.43835493037092	1.26848265607029
3.13999999999998	61	4	2.06378258458125	0	0	0.361541817107052	0.70260936756169	0.267888303053314	4.30059997663931	1.43835493037092	1.26848265607029
3.14999999999998	61	4	2.13482501434309	0	0	0.397273999079461	0.731388621257422	0.252864131353854	4.28422849222922	1.5128030929668	1.27097392412304
3.15999999999998	61	4	2.13482501434309	0	0	0.397273999079461	0.731388621257421	0.252864131353854	4.28422849222922	1.51280309296679	1.27097392412304
3.16999999999998	61	4	2.13482501434309	0	0	0.397273999079461	0.731388621257422	0.252864131353854	4.28422849222922	1.51280309296679	1.27097392412305
3.17999999999998	61	4	2.13482501434309	0	0	0.397273999079461	0.731388621257422	0.252864131353854	4.28422849222922	1.51280309296679	1.27097392412304
3.18999999999998	61	4	2.13482501434309	0	0	0.397273999079461	0.731388621257422	0.252864131353854	4.28422849222922	1.51280309296679	1.27097392412305
3.19999999999998	61	4	2.13482501434309	0	0	0.397273999079461	0.731388621257422	0.252864131353854	4.28422849222922	1.51280309296679	1.27097392412305
3.20999999999998	61	4	2.13482501434309	0	0	0.397273999079461	0.731388621257422	0.252864131353854	4.28422849222922	1.5128030929668	1.27097392412304
3.21999999999998	61	4	2.13482501434309	0	0	0.397273999079461	0.731388621257421	0.252864131353854	4.28422849222922	1.5128030929668	1.27097392412304
3.22999999999998	61	4	2.13482501434309	0	0	0.397273999079461	0.731388621257422	0.252864131353854	4.28422849222922	1.51280309296679	1.27097392412305
3.23999999999997	61	4	2.13482501434309	0	0	0.397273999079461	0.731388621257422	0.252864131353854	4.28422849222922	1.51280309296679	1.27097392412305
3.24999999999997	61	4	2.13482501434309	0	0	0.397273999079461	0.731388621257422	0.252864131353854	4.28422849222922	1.51280309296679	1.27097392412305
3.25999999999997	61	4	2.13482501434309	0	0	0.397273999079461	0.731388621257422	0.252864131353854	4.28422849222922	1.5128030929668	1.27097392412304
3.26999999999997	61	4	2.13482501434309	0	0	0.397273999079461	0.731388621257422	0.252864131353854	4.28422849222921	1.51280309296679	1.27097392412304
3.27999999999997	61	4	2.13482501434309	0	0	0.397273999079461	0.731388621257422	0.252864131353854	4.28422849222922	1.5128030929668	1.27097392412304
3.28999999999997	61	4	2.13482501434309	0	0	0.397273999079461	0.731388621257422	0.252864131353854	4.28422849222922	1.51280309296679	1.27097392412305
3.29999999999997	61	4	2.13482501434309	0	0	0.397273999079461	0.731388621257422	0.252864131353854	4.28422849222922	1.5128030929668	1.27097392412304
3.30999999999997	61	4	2.13482501434309	0	0	0.397273999079461	0.731388621257422	0.252864131353854	4.28422849222922	1.5128030929668	1.27097392412304
3.31999999999997	61	4	2.13482501434309	0	0	0.397273999079461	0.731388621257422	0.252864131353854	4.28422849222922	1.51280309296679	1.27097392412305
3.32999999999997	61	4	2.20569057498518	0	0	0.410568346565623	0.740429904347229	0.220847724035184	4.27255661763955	1.55258495808406	1.28316971263281
3.33999999999997	61	4	2.20569057498518	0	0	0.410568346565623	0.740429904347229	0.220847724035185	4.27255661763955	1.55258495808406	1.28316971263281
3.34999999999997	61	4	2.20569057498518	0	0	0.410568346565623	0.740429904347229	0.24736786871098	4.27255661763955	1.55258495808406	1.28316971263281
3.35999999999997	61	4	2.20569057498518	0	0	0.410568346565623	0.740429904347229	0.220847724035185	4.27255661763955	1.55258495808406	1.28316971263281
3.36999999999997	61	4	2.20569057498518	0	0	0.410568346565623	0.740429904347229	0.220847724035185	4.27255661763955	1.55258495808406	1.28316971263281
3.37999999999997	61	4	2.20569057498518	0	0	0.410568346565623	0.740429904347229	0.24736786871098	4.27255661763955	1.55258495808406	1.28316971263281
3.38999999999997	61	4	2.20569057498518	0	0	0.410568346565623	0.740429904347229	0.220847724035184	4.27255661763955	1.55258495808406	1.28316971263281
3.39999999999997	61	4	2.20569057498518	0	0	0.410568346565623	0.740429904347229	0.220847724035185	4.27255661763955	1.55258495808406	1.28316971263281
3.40999999999997	61	4	2.20569057498518	0	0	0.410568346565623	0.740429904347229	0.24736786871098	4.27255661763955	1.55258495808406	1.28316971263281
3.41999999999997	61	4	2.20569057498518	0	0	0.410568346565623	0.740429904347229	0.220847724035185	4.27255661763955	1.55258495808406	1.28316971263281
3.42999999999997	61	4	2.20569057498518	0	0	0.410568346565623	0.740429904347229	0.247367868710979	4.27255661763955	1.55258495808406	1.28316971263281
3.43999999999997	61	4	2.20569057498518	0	0	0.410568346565623	0.740429904347229	0.220847724035184	4.27255661763955	1.55258495808406	1.28316971263281
3.44999999999997	61	3	1.51939567170274	0	0	0.496516590250243	0.858208790962909	0.0958043285405928	4.61591261287037	1.59868264717521	1.36062747030959
3.45999999999997	61	3	1.51939567170274	0	0	0.496516590250243	0.858208790962909	0.0958043285405928	4.61591261287037	1.59868264717521	1.36062747030959
3.46999999999997	61	3	1.51939567170274	0	0	0.496516590250243	0.858208790962909	0.0958043285405928	4.61591261287037	1.59868264717521	1.36062747030959
3.47999999999997	61	3	1.65304309195913	0	0	0.515893094110013	0.874254161240049	0.0427752353521373	4.54941356668642	1.72589328708322	1.16709832954248
3.48999999999997	61	3	1.65304309195913	0	0	0.515893094110013	0.874254161240049	0.0427752353521372	4.54941356668642	1.72589328708321	1.16709832954248
3.49999999999997	61	3	1.69676242590059	0	0	0.51608601038805	0.873902329484583	0.0353127522525342	4.53580627604167	1.73683412879005	1.13709193749949
3.50999999999997	61	3	1.69676242590059	0	0	0.51608601038805	0.873902329484583	0.0353127522525342	4.53580627604167	1.73683412879005	1.13709193749949
3.51999999999997	61	3	1.69676242590059	0	0	0.51608601038805	0.873902329484584	0.0353127522525342	4.53580627604167	1.73683412879005	1.13709193749949
3.52999999999997	61	2	1.03332407664538	0	0	0.488276833115592	1	-6.66133814775094e-16	5.0577305805	1.37215646396893	1.84298610009483
3.53999999999997	61	2	1.03332407664538	0	0	0.488276833115592	1	-6.97358837342676e-16	5.0577305805	1.37215646396892	1.84298610009483
3.54999999999997	61	2	1.03332407664538	0	0	0.488276833115592	1	-6.66133814775094e-16	5.0577305805	1.37215646396893	1.84298610009483
3.55999999999997	61	2	1.03332407664538	0	0	0.488276833115592	1	-6.97358837342676e-16	5.0577305805	1.37215646396893	1.84298610009482
3.56999999999997	61	2	1.03332407664538	0	0	0.488276833115592	1	-6.66133814775094e-16	5.0577305805	1.37215646396892	1.84298610009483
3.57999999999997	61	2	1.03332407664538	0	0	0.488276833115592	1	-6.97358837342676e-16	5.0577305805	1.37215646396892	1.84298610009483
3.58999999999997	61	2	1.03332407664538	0	0	0.488276833115592	1	-6.97358837342676e-16	5.0577305805	1.37215646396893	1.84298610009483
3.59999999999997	61	2	1.03332407664538	0	0	0.488276833115592	1	-6.66133814775094e-16	5.0577305805	1.37215646396892	1.84298610009483
3.60999999999997	61	2	1.03332407664538	0	0	0.488276833115592	1	-6.66133814775094e-16	5.0577305805	1.37215646396893	1.84298610009482
3.61999999999997	61	2	1.03332407664538	0	0	0.488276833115592	1	-6.66133814775094e-16	5.0577305805	1.37215646396892	1.84298610009483
3.62999999999997	61	2	1.03332407664538	0	0	0.488276833115592	1	-6.97358837342676e-16	5.0577305805	1.37215646396893	1.84298610009482
3.63999999999997	61	2	1.03332407664538	0	0	0.488276833115592	1	-6.97358837342676e-16	5.0577305805	1.37215646396893	1.84298610009482
3.64999999999997	61	2	1.03332407664538	0	0	0.488276833115592	1	-6.66133814775094e-16	5.0577305805	1.37215646396893	1.84298610009482
3.65999999999997	61	2	1.03332407664538	0	0	0.488276833115592	1	-6.66133814775094e-16	5.0577305805	1.37215646396893	1.84298610009482
3.66999999999997	61	2	1.03332407664538	0	0	0.488276833115592	1	-6.97358837342676e-16	5.0577305805	1.37215646396893	1.84298610009483
3.67999999999997	61	2	1.03332407664538	0	0	0.488276833115592	1	-6.97358837342676e-16	5.0577305805	1.37215646396892	1.84298610009483
3.68999999999997	61	2	1.03332407664538	0	0	0.488276833115592	1	-6.97358837342676e-16	5.0577305805	1.37215646396893	1.84298610009483
3.69999999999997	61	2	1.03332407664538	0	0	0.488276833115592	1	-6.97358837342676e-16	5.0577305805	1.37215646396893	1.84298610009483
3.70999999999996	61	2	1.03332407664538	0	0	0.488276833115592	1	-6.97358837342676e-16	5.0577305805	1.37215646396893	1.84298610009482
3.71999999999996	61	2	1.03332407664538	0	0	0.488276833115592	1	-6.97358837342676e-16	5.0577305805	1.37215646396893	1.84298610009482
3.72999999999996	61	2	1.03332407664538	0	0	0.488276833115592	1	-6.97358837342676e-16	5.0577305805	1.37215646396892	1.84298610009483
3.73999999999996	61	2	1.03332407664538	0	0	0.488276833115592	1	-6.66133814775094e-16	5.0577305805	1.37215646396893	1.84298610009483
3.74999999999996	61	2	1.03332407664538	0	0	0.488276833115592	1	-6.97358837342676e-16	5.0577305805	1.37215646396892	1.84298610009483
3.75999999999996	61	2	1.03332407664538	0	0	0.488276833115592	1	-6.97358837342676e-16	5.0577305805	1.37215646396893	1.84298610009482
3.76999999999996	61	2	1.03332407664538	0	0	0.488276833115592	1	-6.97358837342676e-16	5.0577305805	1.37215646396893	1.84298610009483
3.77999999999996	61	2	1.03332407664538	0	0	0.488276833115592	1	-6.97358837342676e-16	5.0577305805	1.37215646396893	1.84298610009483
3.78999999999996	61	2	1.03332407664538	0	0	0.488276833115592	1	-6.66133814775094e-16	5.0577305805	1.37215646396892	1.84298610009483
3.79999999999996	61	2	1.03332407664538	0	0	0.488276833115592	1	-6.66133814775094e-16	5.0577305805	1.37215646396893	1.84298610009482
3.80999999999996	61	2	1.03332407664538	0	0	0.488276833115592	1	-6.97358837342676e-16	5.0577305805	1.37215646396893	1.84298610009482
3.81999999999996	61	2	1.03332407664538	0	0	0.488276833115592	1	-6.66133814775094e-16	5.0577305805	1.37215646396893	1.84298610009482
3.82999999999996	61	2	1.03332407664538	0	0	0.488276833115592	1	-6.97358837342676e-16	5.0577305805	1.37215646396893	1.84298610009482
3.83999999999996	61	2	1.03332407664538	0	0	0.488276833115592	1	-6.97358837342676e-16	5.0577305805	1.37215646396893	1.84298610009483
3.84999999999996	61	2	1.03332407664538	0	0	0.488276833115592	1	-6.66133814775094e-16	5.0577305805	1.37215646396893	1.84298610009482
3.85999999999996	61	2	1.03332407664538	0	0	0.488276833115592	1	-6.97358837342676e-16	5.0577305805	1.37215646396893	1.84298610009483
3.86999999999996	61	2	1.03332407664538	0	0	0.488276833115592	1	-6.97358837342676e-16	5.0577305805	1.37215646396893	1.84298610009483
3.87999999999996	61	2	1.03332407664538	0	0	0.488276833115592	1	-6.97358837342676e-16	5.0577305805	1.37215646396893	1.84298610009482
3.88999999999996	61	2	1.03332407664538	0	0	0.488276833115592	1	-6.66133814775094e-16	5.0577305805	1.37215646396893	1.84298610009483
3.89999999999996	61	2	1.03332407664538	0	0	0.488276833115592	1	-6.97358837342676e-16	5.0577305805	1.37215646396893	1.84298610009483
3.90999999999996	61	2	1.03332407664538	0	0	0.488276833115592	1	-6.66133814775094e-16	5.0577305805	1.37215646396893	1.84298610009483
3.91999999999996	61	2	1.03332407664538	0	0	0.488276833115592	1	-6.66133814775094e-16	5.0577305805	1.37215646396893	1.84298610009483
3.92999999999996	61	2	1.03332407664538	0	0	0.488276833115592	1	-6.66133814775094e-16	5.0577305805	1.37215646396893	1.84298610009482
3.93999999999996	61	2	1.03332407664538	0	0	0.488276833115592	1	-6.97358837342676e-16	5.0577305805	1.37215646396893	1.84298610009483
3.94999999999996	61	2	1.03332407664538	0	0	0.488276833115592	1	-6.66133814775094e-16	5.0577305805	1.37215646396893	1.84298610009482
3.95999999999996	61	2	1.03332407664538	0	0	0.488276833115592	1	-6.97358837342676e-16	5.0577305805	1.37215646396893	1.84298610009482
3.96999999999996	61	2	1.03332407664538	0	0	0.488276833115592	1	-6.97358837342676e-16	5.0577305805	1.37215646396893	1.84298610009483
3.97999999999996	61	2	1.03332407664538	0	0	0.488276833115592	1	-6.66133814775094e-16	5.0577305805	1.37215646396892	1.84298610009483
3.98999999999996	61	2	1.03332407664538	0	0	0.488276833115592	1	-6.97358837342676e-16	5.0577305805	1.37215646396893	1.84298610009482
3.99999999999996	61	2	1.03332407664538	0	0	0.488276833115592	1	-6.97358837342676e-16	5.0577305805	1.37215646396893	1.84298610009482
4.00999999999996	61	2	1.03332407664538	0	0	0.488276833115592	1	-6.66133814775094e-16	5.0577305805	1.37215646396892	1.84298610009483
4.01999999999996	61	2	1.03332407664538	0	0	0.488276833115592	1	-6.66133814775094e-16	5.0577305805	1.37215646396892	1.84298610009483
4.02999999999996	61	2	1.03332407664538	0	0	0.488276833115592	1	-6.66133814775094e-16	5.0577305805	1.37215646396893	1.84298610009483
4.03999999999996	61	2	1.03332407664538	0	0	0.488276833115592	1	-6.66133814775094e-16	5.0577305805	1.37215646396893	1.84298610009483
4.04999999999996	61	2	1.03332407664538	0	0	0.488276833115592	1	-6.66133814775094e-16	5.0577305805	1.37215646396893	1.84298610009483
4.05999999999996	61	2	1.03332407664538	0	0	0.488276833115592	1	-6.97358837342676e-16	5.0577305805	1.37215646396893	1.84298610009482
4.06999999999996	61	2	1.03332407664538	0	0	0.488276833115592	1	-6.97358837342676e-16	5.0577305805	1.37215646396893	1.84298610009482
4.07999999999996	61	2	1.03332407664538	0	0	0.488276833115592	1	-6.97358837342676e-16	5.0577305805	1.37215646396893	1.84298610009483
4.08999999999996	61	2	1.03332407664538	0	0	0.488276833115592	1	-6.66133814775094e-16	5.0577305805	1.37215646396892	1.84298610009483
4.09999999999996	61	2	1.03332407664538	0	0	0.488276833115592	1	-6.97358837342676e-16	5.0577305805	1.37215646396892	1.84298610009483
4.10999999999996	61	2	1.03332407664538	0	0	0.488276833115592	1	-6.97358837342676e-16	5.0577305805	1.37215646396892	1.84298610009483
4.11999999999996	61	2	1.03332407664538	0	0	0.488276833115592	1	-6.97358837342676e-16	5.0577305805	1.37215646396893	1.84298610009482
4.12999999999996	61	2	1.03332407664538	0	0	0.488276833115592	1	-6.66133814775094e-16	5.0577305805	1.37215646396893	1.84298610009483
4.13999999999996	61	2	1.03332407664538	0	0	0.488276833115592	1	-6.97358837342676e-16	5.0577305805	1.37215646396892	1.84298610009483
4.14999999999996	61	2	1.03332407664538	0	0	0.488276833115592	1	-6.66133814775094e-16	5.0577305805	1.37215646396893	1.84298610009483
4.15999999999996	61	2	1.03332407664538	0	0	0.488276833115592	1	-6.97358837342676e-16	5.0577305805	1.37215646396893	1.84298610009483
4.16999999999996	61	1	1	0	0	1	0	-1	0	2.82016268703826	0.354589472655637
