253690645	333982299	2.48645689	252
253690645	152978531	3.55859438	1023
253690645	402569252	3.37399887	95
253690645	78062789	3.39952509	95
253690645	386623482	1.28951688	631
253690645	448243272	1.05242853	1024
253690645	296104646	1.28443691	631
253690645	387891401	1.33653248	589
253690645	34498398	2.85699145	95
253690645	238892604	1.27666954	631
253690645	447919337	1.39603487	589
253690645	161521026	3.24781904	95
253690645	17548507	3.28109074	95
253690645	299769509	2.47423715	90
253690645	126209381	3.6646785	1023
253690645	300696854	3.28058765	95
253690645	218549244	1.25567087	631
253690645	311105517	1.39372357	1023
253690645	332161955	1.00487397	367
253690645	220933327	2.98405993	1024
253690645	407693102	3.70578109	1023
253690645	33596919	3.14493976	95
253690645	194366489	2.92331513	95
253690645	538393015	3.16920071	95
253690645	85860348	4.89959144	87
253690645	568137188	1.38030693	589
253690645	83648238	3.44627333	1023
253690645	297537245	2.58436553	90
253690645	387123403	2.50050283	90
253690645	172063028	3.41055079	95
253690645	54302138	3.40293518	1023
253690645	404494464	2.33134519	87
253690645	77456405	1.37571318	589
253690645	145297684	3.24410029	1023
253690645	378948100	1.43724998	589
253690645	401765194	1.31836821	631
253690645	261823795	0.13999226	1024
253690645	134293352	3.35956414	95
253690645	501677643	1.38375785	589
253690645	365972066	1.32011693	631
253690645	51245488	2.94886096	87
253690645	58583534	2.9273738	95
253690645	170024470	1.00765299	367
253690645	297538925	2.64506893	90
253690645	251793373	3.82317239	1023
253690645	107026610	3.54147062	95
253690645	206563081	3.44913421	95
253690645	152982194	2.41522007	252
253690645	470166675	3.75085514	1023
253690645	568127255	1.52642759	1023
253690645	241665338	3.23151007	95
253690645	471268107	3.10418498	95
253690645	387121444	3.82219251	1023
253690645	50123372	0.12748753	1024
253690645	332284485	1.51779737	1023
253690645	115358265	3.41879238	95
253690645	300723720	1.06562971	1024
253690645	336248255	1.07850085	631
253690645	256822396	3.31952578	1023
253690645	52425169	3.56588671	1023
333982299	152978531	3.35155993	1023
333982299	402569252	3.16696442	95
333982299	78062789	3.19249064	95
333982299	386623482	2.73654997	252
333982299	448243272	2.29806216	252
333982299	296104646	2.73147	252
333982299	387891401	2.11849403	252
333982299	34498398	2.649957	95
333982299	238892604	2.72370263	252
333982299	447919337	2.17799642	252
333982299	161521026	3.04078459	95
333982299	17548507	3.07405629	95
333982299	299769509	2.2672027	90
333982299	126209381	3.45764405	1023
333982299	300696854	3.0735532	95
333982299	218549244	2.70270396	252
333982299	311105517	2.038888	252
333982299	332161955	2.34861344	252
333982299	220933327	2.77702548	1024
333982299	407693102	3.49874664	1023
333982299	33596919	2.93790531	95
333982299	194366489	2.71628068	95
333982299	538393015	2.96216626	95
333982299	85860348	4.69255699	87
333982299	568137188	2.16226848	252
333982299	83648238	3.23923888	1023
333982299	297537245	2.37733108	90
333982299	387123403	2.29346838	90
333982299	172063028	3.20351634	95
333982299	54302138	3.19590073	1023
333982299	404494464	2.12431074	87
333982299	77456405	2.15767473	252
333982299	145297684	3.03706584	1023
333982299	378948100	2.21921153	252
333982299	401765194	2.7654013	252
333982299	261823795	2.57541531	252
333982299	134293352	3.15252969	95
333982299	501677643	2.1657194	252
333982299	365972066	2.76715002	252
333982299	51245488	2.74182651	87
333982299	58583534	2.72033935	95
333982299	170024470	2.35139246	252
333982299	297538925	2.43803448	90
333982299	251793373	3.61613794	1023
333982299	107026610	3.33443617	95
333982299	206563081	3.24209976	95
333982299	152982194	1.8771236	405
333982299	470166675	3.54382069	1023
333982299	568127255	2.17159202	252
333982299	241665338	3.02447562	95
333982299	471268107	2.89715053	95
333982299	387121444	3.61515806	1023
333982299	50123372	2.56291058	252
333982299	332284485	2.1629618	252
333982299	115358265	3.21175793	95
333982299	300723720	2.31126334	252
333982299	336248255	2.52553394	252
333982299	256822396	3.11249133	1023
333982299	52425169	3.35885226	1023
152978531	402569252	3.88544617	1023
152978531	78062789	3.91097239	1023
152978531	386623482	3.80868746	1023
152978531	448243272	3.37019965	1023
152978531	296104646	3.80360749	1023
152978531	387891401	3.19063152	1023
152978531	34498398	3.36843875	1023
152978531	238892604	3.79584012	1023
152978531	447919337	3.25013391	1023
152978531	161521026	3.75926634	1023
152978531	17548507	3.79253804	1023
152978531	299769509	2.78190119	1023
152978531	126209381	1.04797218	1023
152978531	300696854	3.79203495	1023
152978531	218549244	3.77484145	1023
152978531	311105517	3.11102549	1023
152978531	332161955	3.42075093	1023
152978531	220933327	3.14984115	1024
152978531	407693102	1.08907477	1023
152978531	33596919	3.65638706	1023
152978531	194366489	3.43476243	1023
152978531	538393015	3.68064801	1023
152978531	85860348	5.60212866	1023
152978531	568137188	3.23440597	1023
152978531	83648238	2.29501933	1015
152978531	297537245	2.89202957	1023
152978531	387123403	2.80816687	1023
152978531	172063028	3.92199809	1023
152978531	54302138	2.25168118	1015
152978531	404494464	3.03388241	1023
152978531	77456405	3.22981222	1023
152978531	145297684	2.09284629	1015
152978531	378948100	3.29134902	1023
152978531	401765194	3.83753879	1023
152978531	261823795	3.6475528	1023
152978531	134293352	3.87101144	1023
152978531	501677643	3.23785689	1023
152978531	365972066	3.83928751	1023
152978531	51245488	3.65139818	1023
152978531	58583534	3.4388211	1023
152978531	170024470	3.42352995	1023
152978531	297538925	2.95273297	1023
152978531	251793373	1.20646607	1023
152978531	107026610	4.05291792	1023
152978531	206563081	3.96058151	1023
152978531	152982194	3.28032311	1023
152978531	470166675	1.13414882	1023
152978531	568127255	3.24372951	1023
152978531	241665338	3.74295737	1023
152978531	471268107	3.61563228	1023
152978531	387121444	1.20548619	1023
152978531	50123372	3.63504807	1023
152978531	332284485	3.23509929	1023
152978531	115358265	3.93023968	1023
152978531	300723720	3.38340083	1023
152978531	336248255	3.59767143	1023
152978531	256822396	3.23756956	205
152978531	52425169	0.38484253	1024
402569252	78062789	0.19855762	342
402569252	386623482	3.62409195	95
402569252	448243272	3.18560414	95
402569252	296104646	3.61901198	95
402569252	387891401	3.00603601	95
402569252	34498398	2.84782374	241
402569252	238892604	3.61124461	95
402569252	447919337	3.0655384	95
402569252	161521026	0.33049323	1024
402569252	17548507	1.78996391	1016
402569252	299769509	2.80108894	90
402569252	126209381	3.99153029	1023
402569252	300696854	1.78946082	1016
402569252	218549244	3.59024594	95
402569252	311105517	2.92642998	95
402569252	332161955	3.23615542	95
402569252	220933327	3.31091172	1024
402569252	407693102	4.03263288	1023
402569252	33596919	1.65381293	1016
402569252	194366489	3.12513638	92
402569252	538393015	2.310181	1011
402569252	85860348	5.41753315	95
402569252	568137188	3.04981046	95
402569252	83648238	3.77312512	1023
402569252	297537245	2.91121732	90
402569252	387123403	2.82735462	90
402569252	172063028	0.20958332	342
402569252	54302138	3.72978697	1023
402569252	404494464	2.8492869	95
402569252	77456405	3.04521671	95
402569252	145297684	3.57095208	1023
402569252	378948100	3.10675351	95
402569252	401765194	3.65294328	95
402569252	261823795	3.46295729	95
402569252	134293352	0.22122411	698
402569252	501677643	3.05326138	95
402569252	365972066	3.654692	95
402569252	51245488	3.46680267	95
402569252	58583534	3.12919505	92
402569252	170024470	3.23893444	95
402569252	297538925	2.97192072	90
402569252	251793373	4.15002418	1023
402569252	107026610	0.34050315	342
402569252	206563081	0.24816674	342
402569252	152982194	3.0957276	95
402569252	470166675	4.07770693	1023
402569252	568127255	3.059134	95
402569252	241665338	1.74038324	1016
402569252	471268107	3.30600623	92
402569252	387121444	4.1490443	1023
402569252	50123372	3.45045256	95
402569252	332284485	3.05050378	95
402569252	115358265	0.21782491	342
402569252	300723720	3.19880532	95
402569252	336248255	3.41307592	95
402569252	256822396	3.64637757	1023
402569252	52425169	3.8927385	1023
78062789	386623482	3.64961817	95
78062789	448243272	3.21113036	95
78062789	296104646	3.6445382	95
78062789	387891401	3.03156223	95
78062789	34498398	2.87334996	241
78062789	238892604	3.63677083	95
78062789	447919337	3.09106462	95
78062789	161521026	0.35601945	1024
78062789	17548507	1.81549013	1016
78062789	299769509	2.82661516	90
78062789	126209381	4.01705651	1023
78062789	300696854	1.81498704	1016
78062789	218549244	3.61577216	95
78062789	311105517	2.9519562	95
78062789	332161955	3.26168164	95
78062789	220933327	3.33643794	1024
78062789	407693102	4.0581591	1023
78062789	33596919	1.67933915	1016
78062789	194366489	3.1506626	92
78062789	538393015	2.33570722	1011
78062789	85860348	5.44305937	95
78062789	568137188	3.07533668	95
78062789	83648238	3.79865134	1023
78062789	297537245	2.93674354	90
78062789	387123403	2.85288084	90
78062789	172063028	0.1721039	559
78062789	54302138	3.75531319	1023
78062789	404494464	2.87481312	95
78062789	77456405	3.07074293	95
78062789	145297684	3.5964783	1023
78062789	378948100	3.13227973	95
78062789	401765194	3.6784695	95
78062789	261823795	3.48848351	95
78062789	134293352	0.24675033	698
78062789	501677643	3.0787876	95
78062789	365972066	3.68021822	95
78062789	51245488	3.49232889	95
78062789	58583534	3.15472127	92
78062789	170024470	3.26446066	95
78062789	297538925	2.99744694	90
78062789	251793373	4.1755504	1023
78062789	107026610	0.30302373	559
78062789	206563081	0.21068732	559
78062789	152982194	3.12125382	95
78062789	470166675	4.10323315	1023
78062789	568127255	3.08466022	95
78062789	241665338	1.76590946	1016
78062789	471268107	3.33153245	92
78062789	387121444	4.17457052	1023
78062789	50123372	3.47597878	95
78062789	332284485	3.07603	95
78062789	115358265	0.18034549	559
78062789	300723720	3.22433154	95
78062789	336248255	3.43860214	95
78062789	256822396	3.67190379	1023
78062789	52425169	3.91826472	1023
386623482	448243272	1.30252161	1024
386623482	296104646	1.32562663	974
386623482	387891401	1.58662556	589
386623482	34498398	3.10708453	95
386623482	238892604	1.31785926	974
386623482	447919337	1.64612795	589
386623482	161521026	3.49791212	95
386623482	17548507	3.53118382	95
386623482	299769509	2.72433023	90
386623482	126209381	3.91477158	1023
386623482	300696854	3.53068073	95
386623482	218549244	0.23286587	1024
386623482	311105517	1.64381665	1023
386623482	332161955	1.25496705	367
386623482	220933327	3.23415301	1024
386623482	407693102	3.95587417	1023
386623482	33596919	3.39503284	95
386623482	194366489	3.17340821	95
386623482	538393015	3.41929379	95
386623482	85860348	5.14968452	87
386623482	568137188	1.63040001	589
386623482	83648238	3.69636641	1023
386623482	297537245	2.83445861	90
386623482	387123403	2.75059591	90
386623482	172063028	3.66064387	95
386623482	54302138	3.65302826	1023
386623482	404494464	2.58143827	87
386623482	77456405	1.62580626	589
386623482	145297684	3.49419337	1023
386623482	378948100	1.68734306	589
386623482	401765194	1.35955793	974
386623482	261823795	1.3784753	631
386623482	134293352	3.60965722	95
386623482	501677643	1.63385093	589
386623482	365972066	1.36130665	974
386623482	51245488	3.19895404	87
386623482	58583534	3.17746688	95
386623482	170024470	1.25774607	367
386623482	297538925	2.89516201	90
386623482	251793373	4.07326547	1023
386623482	107026610	3.7915637	95
386623482	206563081	3.69922729	95
386623482	152982194	2.66531315	252
386623482	470166675	4.00094822	1023
386623482	568127255	1.77652067	1023
386623482	241665338	3.48160315	95
386623482	471268107	3.35427806	95
386623482	387121444	4.07228559	1023
386623482	50123372	1.36597057	631
386623482	332284485	1.76789045	1023
386623482	115358265	3.66888546	95
386623482	300723720	1.31572279	1024
386623482	336248255	1.11969057	974
386623482	256822396	3.56961886	1023
386623482	52425169	3.81597979	1023
448243272	296104646	1.29744164	1024
448243272	387891401	1.14813775	589
448243272	34498398	2.66859672	95
448243272	238892604	1.28967427	1024
448243272	447919337	1.20764014	589
448243272	161521026	3.05942431	95
448243272	17548507	3.09269601	95
448243272	299769509	2.28584242	90
448243272	126209381	3.47628377	1023
448243272	300696854	3.09219292	95
448243272	218549244	1.2686756	1024
448243272	311105517	1.20532884	1023
448243272	332161955	0.91458508	1024
448243272	220933327	2.7956652	1024
448243272	407693102	3.51738636	1023
448243272	33596919	2.95654503	95
448243272	194366489	2.7349204	95
448243272	538393015	2.98080598	95
448243272	85860348	4.71119671	87
448243272	568137188	1.1919122	589
448243272	83648238	3.2578786	1023
448243272	297537245	2.3959708	90
448243272	387123403	2.3121081	90
448243272	172063028	3.22215606	95
448243272	54302138	3.21454045	1023
448243272	404494464	2.14295046	87
448243272	77456405	1.18731845	589
448243272	145297684	3.05570556	1023
448243272	378948100	1.24885525	589
448243272	401765194	1.33137294	1024
448243272	261823795	1.14138695	1024
448243272	134293352	3.17116941	95
448243272	501677643	1.19536312	589
448243272	365972066	1.33312166	1024
448243272	51245488	2.76046623	87
448243272	58583534	2.73897907	95
448243272	170024470	0.9173641	1024
448243272	297538925	2.4566742	90
448243272	251793373	3.63477766	1023
448243272	107026610	3.35307589	95
448243272	206563081	3.26073948	95
448243272	152982194	2.22682534	252
448243272	470166675	3.56246041	1023
448243272	568127255	1.33803286	1023
448243272	241665338	3.04311534	95
448243272	471268107	2.91579025	95
448243272	387121444	3.63379778	1023
448243272	50123372	1.12888222	1024
448243272	332284485	1.32940264	1023
448243272	115358265	3.23039765	95
448243272	300723720	0.69030272	998
448243272	336248255	1.09150558	1024
448243272	256822396	3.13113105	1023
448243272	52425169	3.37749198	1023
296104646	387891401	1.58154559	589
296104646	34498398	3.10200456	95
296104646	238892604	0.47544459	826
296104646	447919337	1.64104798	589
296104646	161521026	3.49283215	95
296104646	17548507	3.52610385	95
296104646	299769509	2.71925026	90
296104646	126209381	3.90969161	1023
296104646	300696854	3.52560076	95
296104646	218549244	1.29178062	974
296104646	311105517	1.63873668	1023
296104646	332161955	1.24988708	367
296104646	220933327	3.22907304	1024
296104646	407693102	3.9507942	1023
296104646	33596919	3.38995287	95
296104646	194366489	3.16832824	95
296104646	538393015	3.41421382	95
296104646	85860348	5.14460455	87
296104646	568137188	1.62532004	589
296104646	83648238	3.69128644	1023
296104646	297537245	2.82937864	90
296104646	387123403	2.74551594	90
296104646	172063028	3.6555639	95
296104646	54302138	3.64794829	1023
296104646	404494464	2.5763583	87
296104646	77456405	1.62072629	589
296104646	145297684	3.4891134	1023
296104646	378948100	1.68226309	589
296104646	401765194	0.21242414	1024
296104646	261823795	1.37339533	631
296104646	134293352	3.60457725	95
296104646	501677643	1.62877096	589
296104646	365972066	0.21417286	1024
296104646	51245488	3.19387407	87
296104646	58583534	3.17238691	95
296104646	170024470	1.2526661	367
296104646	297538925	2.89008204	90
296104646	251793373	4.0681855	1023
296104646	107026610	3.78648373	95
296104646	206563081	3.69414732	95
296104646	152982194	2.66023318	252
296104646	470166675	3.99586825	1023
296104646	568127255	1.7714407	1023
296104646	241665338	3.47652318	95
296104646	471268107	3.34919809	95
296104646	387121444	4.06720562	1023
296104646	50123372	1.3608906	631
296104646	332284485	1.76281048	1023
296104646	115358265	3.66380549	95
296104646	300723720	1.31064282	1024
296104646	336248255	0.42245218	1024
296104646	256822396	3.56453889	1023
296104646	52425169	3.81089982	1023
387891401	34498398	2.48902859	95
387891401	238892604	1.57377822	589
387891401	447919337	0.13176195	1024
387891401	161521026	2.87985618	95
387891401	17548507	2.91312788	95
387891401	299769509	2.10627429	90
387891401	126209381	3.29671564	1023
387891401	300696854	2.91262479	95
387891401	218549244	1.55277955	589
387891401	311105517	1.02576071	1023
387891401	332161955	1.19868903	589
387891401	220933327	2.61609707	1024
387891401	407693102	3.33781823	1023
387891401	33596919	2.7769769	95
387891401	194366489	2.55535227	95
387891401	538393015	2.80123785	95
387891401	85860348	4.53162858	87
387891401	568137188	0.11603401	1024
387891401	83648238	3.07831047	1023
387891401	297537245	2.21640267	90
387891401	387123403	2.13253997	90
387891401	172063028	3.04258793	95
387891401	54302138	3.03497232	1023
387891401	404494464	1.96338233	87
387891401	77456405	0.37594262	1024
387891401	145297684	2.87613743	1023
387891401	378948100	0.43747942	1024
387891401	401765194	1.61547689	589
387891401	261823795	1.4254909	589
387891401	134293352	2.99160128	95
387891401	501677643	0.38398729	1024
387891401	365972066	1.61722561	589
387891401	51245488	2.5808981	87
387891401	58583534	2.55941094	95
387891401	170024470	1.20146805	589
387891401	297538925	2.27710607	90
387891401	251793373	3.45520953	1023
387891401	107026610	3.17350776	95
387891401	206563081	3.08117135	95
387891401	152982194	2.04725721	252
387891401	470166675	3.38289228	1023
387891401	568127255	1.15846473	1023
387891401	241665338	2.86354721	95
387891401	471268107	2.73622212	95
387891401	387121444	3.45422965	1023
387891401	50123372	1.41298617	589
387891401	332284485	1.14983451	1023
387891401	115358265	3.05082952	95
387891401	300723720	1.16133893	589
387891401	336248255	1.37560953	589
387891401	256822396	2.95156292	1023
387891401	52425169	3.19792385	1023
34498398	238892604	3.09423719	95
34498398	447919337	2.54853098	95
34498398	161521026	2.72164391	241
34498398	17548507	2.75491561	241
34498398	299769509	2.28408152	90
34498398	126209381	3.47452287	1023
34498398	300696854	2.75441252	241
34498398	218549244	3.07323852	95
34498398	311105517	2.40942256	95
34498398	332161955	2.719148	95
34498398	220933327	2.7939043	1024
34498398	407693102	3.51562546	1023
34498398	33596919	2.61876463	241
34498398	194366489	2.60812896	92
34498398	538393015	2.64302558	241
34498398	85860348	4.90052573	95
34498398	568137188	2.53280304	95
34498398	83648238	3.2561177	1023
34498398	297537245	2.3942099	90
34498398	387123403	2.3103472	90
34498398	172063028	2.88437566	241
34498398	54302138	3.21277955	1023
34498398	404494464	2.33227948	95
34498398	77456405	2.52820929	95
34498398	145297684	3.05394466	1023
34498398	378948100	2.58974609	95
34498398	401765194	3.13593586	95
34498398	261823795	2.94594987	95
34498398	134293352	2.83338901	241
34498398	501677643	2.53625396	95
34498398	365972066	3.13768458	95
34498398	51245488	2.94979525	95
34498398	58583534	2.61218763	92
34498398	170024470	2.72192702	95
34498398	297538925	2.4549133	90
34498398	251793373	3.63301676	1023
34498398	107026610	3.01529549	241
34498398	206563081	2.92295908	241
34498398	152982194	2.57872018	95
34498398	470166675	3.56069951	1023
34498398	568127255	2.54212658	95
34498398	241665338	2.70533494	241
34498398	471268107	2.78899881	92
34498398	387121444	3.63203688	1023
34498398	50123372	2.93344514	95
34498398	332284485	2.53349636	95
34498398	115358265	2.89261725	241
34498398	300723720	2.6817979	95
34498398	336248255	2.8960685	95
34498398	256822396	3.12937015	1023
34498398	52425169	3.37573108	1023
238892604	447919337	1.63328061	589
238892604	161521026	3.48506478	95
238892604	17548507	3.51833648	95
238892604	299769509	2.71148289	90
238892604	126209381	3.90192424	1023
238892604	300696854	3.51783339	95
238892604	218549244	1.28401325	974
238892604	311105517	1.63096931	1023
238892604	332161955	1.24211971	367
238892604	220933327	3.22130567	1024
238892604	407693102	3.94302683	1023
238892604	33596919	3.3821855	95
238892604	194366489	3.16056087	95
238892604	538393015	3.40644645	95
238892604	85860348	5.13683718	87
238892604	568137188	1.61755267	589
238892604	83648238	3.68351907	1023
238892604	297537245	2.82161127	90
238892604	387123403	2.73774857	90
238892604	172063028	3.64779653	95
238892604	54302138	3.64018092	1023
238892604	404494464	2.56859093	87
238892604	77456405	1.61295892	589
238892604	145297684	3.48134603	1023
238892604	378948100	1.67449572	589
238892604	401765194	0.50937589	826
238892604	261823795	1.36562796	631
238892604	134293352	3.59680988	95
238892604	501677643	1.62100359	589
238892604	365972066	0.51112461	826
238892604	51245488	3.1861067	87
238892604	58583534	3.16461954	95
238892604	170024470	1.24489873	367
238892604	297538925	2.88231467	90
238892604	251793373	4.06041813	1023
238892604	107026610	3.77871636	95
238892604	206563081	3.68637995	95
238892604	152982194	2.65246581	252
238892604	470166675	3.98810088	1023
238892604	568127255	1.76367333	1023
238892604	241665338	3.46875581	95
238892604	471268107	3.34143072	95
238892604	387121444	4.05943825	1023
238892604	50123372	1.35312323	631
238892604	332284485	1.75504311	1023
238892604	115358265	3.65603812	95
238892604	300723720	1.30287545	1024
238892604	336248255	0.41468481	1024
238892604	256822396	3.55677152	1023
238892604	52425169	3.80313245	1023
447919337	161521026	2.93935857	95
447919337	17548507	2.97263027	95
447919337	299769509	2.16577668	90
447919337	126209381	3.35621803	1023
447919337	300696854	2.97212718	95
447919337	218549244	1.61228194	589
447919337	311105517	1.0852631	1023
447919337	332161955	1.25819142	589
447919337	220933327	2.67559946	1024
447919337	407693102	3.39732062	1023
447919337	33596919	2.83647929	95
447919337	194366489	2.61485466	95
447919337	538393015	2.86074024	95
447919337	85860348	4.59113097	87
447919337	568137188	0.13569994	760
447919337	83648238	3.13781286	1023
447919337	297537245	2.27590506	90
447919337	387123403	2.19204236	90
447919337	172063028	3.10209032	95
447919337	54302138	3.09447471	1023
447919337	404494464	2.02288472	87
447919337	77456405	0.43544501	1024
447919337	145297684	2.93563982	1023
447919337	378948100	0.49698181	1024
447919337	401765194	1.67497928	589
447919337	261823795	1.48499329	589
447919337	134293352	3.05110367	95
447919337	501677643	0.44348968	1024
447919337	365972066	1.676728	589
447919337	51245488	2.64040049	87
447919337	58583534	2.61891333	95
447919337	170024470	1.26097044	589
447919337	297538925	2.33660846	90
447919337	251793373	3.51471192	1023
447919337	107026610	3.23301015	95
447919337	206563081	3.14067374	95
447919337	152982194	2.1067596	252
447919337	470166675	3.44239467	1023
447919337	568127255	1.21796712	1023
447919337	241665338	2.9230496	95
447919337	471268107	2.79572451	95
447919337	387121444	3.51373204	1023
447919337	50123372	1.47248856	589
447919337	332284485	1.2093369	1023
447919337	115358265	3.11033191	95
447919337	300723720	1.22084132	589
447919337	336248255	1.43511192	589
447919337	256822396	3.01106531	1023
447919337	52425169	3.25742624	1023
161521026	17548507	1.66378408	1016
161521026	299769509	2.67490911	90
161521026	126209381	3.86535046	1023
161521026	300696854	1.66328099	1016
161521026	218549244	3.46406611	95
161521026	311105517	2.80025015	95
161521026	332161955	3.10997559	95
161521026	220933327	3.18473189	1024
161521026	407693102	3.90645305	1023
161521026	33596919	1.5276331	1016
161521026	194366489	2.99895655	92
161521026	538393015	2.18400117	1011
161521026	85860348	5.29135332	95
161521026	568137188	2.92363063	95
161521026	83648238	3.64694529	1023
161521026	297537245	2.78503749	90
161521026	387123403	2.70117479	90
161521026	172063028	0.36704515	1024
161521026	54302138	3.60360714	1023
161521026	404494464	2.72310707	95
161521026	77456405	2.91903688	95
161521026	145297684	3.44477225	1023
161521026	378948100	2.98057368	95
161521026	401765194	3.52676345	95
161521026	261823795	3.33677746	95
161521026	134293352	0.3160585	1024
161521026	501677643	2.92708155	95
161521026	365972066	3.52851217	95
161521026	51245488	3.34062284	95
161521026	58583534	3.00301522	92
161521026	170024470	3.11275461	95
161521026	297538925	2.84574089	90
161521026	251793373	4.02384435	1023
161521026	107026610	0.49796498	1024
161521026	206563081	0.40562857	1024
161521026	152982194	2.96954777	95
161521026	470166675	3.9515271	1023
161521026	568127255	2.93295417	95
161521026	241665338	1.61420341	1016
161521026	471268107	3.1798264	92
161521026	387121444	4.02286447	1023
161521026	50123372	3.32427273	95
161521026	332284485	2.92432395	95
161521026	115358265	0.37528674	1024
161521026	300723720	3.07262549	95
161521026	336248255	3.28689609	95
161521026	256822396	3.52019774	1023
161521026	52425169	3.76655867	1023
17548507	299769509	2.70818081	90
17548507	126209381	3.89862216	1023
17548507	300696854	0.11935157	1013
17548507	218549244	3.49733781	95
17548507	311105517	2.83352185	95
17548507	332161955	3.14324729	95
17548507	220933327	3.21800359	1024
17548507	407693102	3.93972475	1023
17548507	33596919	1.28466856	712
17548507	194366489	3.03222825	92
17548507	538393015	2.21727287	1011
17548507	85860348	5.32462502	95
17548507	568137188	2.95690233	95
17548507	83648238	3.68021699	1023
17548507	297537245	2.81830919	90
17548507	387123403	2.73444649	90
17548507	172063028	1.82651583	1016
17548507	54302138	3.63687884	1023
17548507	404494464	2.75637877	95
17548507	77456405	2.95230858	95
17548507	145297684	3.47804395	1023
17548507	378948100	3.01384538	95
17548507	401765194	3.56003515	95
17548507	261823795	3.37004916	95
17548507	134293352	1.77552918	1016
17548507	501677643	2.96035325	95
17548507	365972066	3.56178387	95
17548507	51245488	3.37389454	95
17548507	58583534	3.03628692	92
17548507	170024470	3.14602631	95
17548507	297538925	2.87901259	90
17548507	251793373	4.05711605	1023
17548507	107026610	1.95743566	1016
17548507	206563081	1.86509925	1016
17548507	152982194	3.00281947	95
17548507	470166675	3.9847988	1023
17548507	568127255	2.96622587	95
17548507	241665338	0.29096353	1024
17548507	471268107	3.2130981	92
17548507	387121444	4.05613617	1023
17548507	50123372	3.35754443	95
17548507	332284485	2.95759565	95
17548507	115358265	1.83475742	1016
17548507	300723720	3.10589719	95
17548507	336248255	3.32016779	95
17548507	256822396	3.55346944	1023
17548507	52425169	3.79983037	1023
299769509	126209381	2.88798531	1023
299769509	300696854	2.70767772	90
299769509	218549244	2.69048422	90
299769509	311105517	2.02666826	90
299769509	332161955	2.3363937	90
299769509	220933327	2.20736674	1024
299769509	407693102	2.9290879	1023
299769509	33596919	2.57202983	90
299769509	194366489	2.3504052	90
299769509	538393015	2.59629078	90
299769509	85860348	4.51777143	90
299769509	568137188	2.15004874	90
299769509	83648238	2.66958014	1023
299769509	297537245	0.30715234	1024
299769509	387123403	0.22328964	1024
299769509	172063028	2.83764086	90
299769509	54302138	2.62624199	1023
299769509	404494464	1.94952518	90
299769509	77456405	2.14545499	90
299769509	145297684	2.4674071	1023
299769509	378948100	2.20699179	90
299769509	401765194	2.75318156	90
299769509	261823795	2.56319557	90
299769509	134293352	2.78665421	90
299769509	501677643	2.15349966	90
299769509	365972066	2.75493028	90
299769509	51245488	2.56704095	90
299769509	58583534	2.35446387	90
299769509	170024470	2.33917272	90
299769509	297538925	0.36785574	1024
299769509	251793373	3.0464792	1023
299769509	107026610	2.96856069	90
299769509	206563081	2.87622428	90
299769509	152982194	2.19596588	90
299769509	470166675	2.97416195	1023
299769509	568127255	2.15937228	90
299769509	241665338	2.65860014	90
299769509	471268107	2.53127505	90
299769509	387121444	3.04549932	1023
299769509	50123372	2.55069084	90
299769509	332284485	2.15074206	90
299769509	115358265	2.84588245	90
299769509	300723720	2.2990436	90
299769509	336248255	2.5133142	90
299769509	256822396	2.54283259	1023
299769509	52425169	2.78919352	1023
126209381	300696854	3.89811907	1023
126209381	218549244	3.88092557	1023
126209381	311105517	3.21710961	1023
126209381	332161955	3.52683505	1023
126209381	220933327	3.25592527	1024
126209381	407693102	0.36474901	1024
126209381	33596919	3.76247118	1023
126209381	194366489	3.54084655	1023
126209381	538393015	3.78673213	1023
126209381	85860348	5.70821278	1023
126209381	568137188	3.34049009	1023
126209381	83648238	2.40110345	1015
126209381	297537245	2.99811369	1023
126209381	387123403	2.91425099	1023
126209381	172063028	4.02808221	1023
126209381	54302138	2.3577653	1015
126209381	404494464	3.13996653	1023
126209381	77456405	3.33589634	1023
126209381	145297684	2.19893041	1015
126209381	378948100	3.39743314	1023
126209381	401765194	3.94362291	1023
126209381	261823795	3.75363692	1023
126209381	134293352	3.97709556	1023
126209381	501677643	3.34394101	1023
126209381	365972066	3.94537163	1023
126209381	51245488	3.7574823	1023
126209381	58583534	3.54490522	1023
126209381	170024470	3.52961407	1023
126209381	297538925	3.05881709	1023
126209381	251793373	0.99375793	877
126209381	107026610	4.15900204	1023
126209381	206563081	4.06666563	1023
126209381	152982194	3.38640723	1023
126209381	470166675	0.92144068	877
126209381	568127255	3.34981363	1023
126209381	241665338	3.84904149	1023
126209381	471268107	3.7217164	1023
126209381	387121444	0.99277805	877
126209381	50123372	3.74113219	1023
126209381	332284485	3.34118341	1023
126209381	115358265	4.0363238	1023
126209381	300723720	3.48948495	1023
126209381	336248255	3.70375555	1023
126209381	256822396	3.34365368	205
126209381	52425169	1.05526451	1023
300696854	218549244	3.49683472	95
300696854	311105517	2.83301876	95
300696854	332161955	3.1427442	95
300696854	220933327	3.2175005	1024
300696854	407693102	3.93922166	1023
300696854	33596919	1.28416547	712
300696854	194366489	3.03172516	92
300696854	538393015	2.21676978	1011
300696854	85860348	5.32412193	95
300696854	568137188	2.95639924	95
300696854	83648238	3.6797139	1023
300696854	297537245	2.8178061	90
300696854	387123403	2.7339434	90
300696854	172063028	1.82601274	1016
300696854	54302138	3.63637575	1023
300696854	404494464	2.75587568	95
300696854	77456405	2.95180549	95
300696854	145297684	3.47754086	1023
300696854	378948100	3.01334229	95
300696854	401765194	3.55953206	95
300696854	261823795	3.36954607	95
300696854	134293352	1.77502609	1016
300696854	501677643	2.95985016	95
300696854	365972066	3.56128078	95
300696854	51245488	3.37339145	95
300696854	58583534	3.03578383	92
300696854	170024470	3.14552322	95
300696854	297538925	2.8785095	90
300696854	251793373	4.05661296	1023
300696854	107026610	1.95693257	1016
300696854	206563081	1.86459616	1016
300696854	152982194	3.00231638	95
300696854	470166675	3.98429571	1023
300696854	568127255	2.96572278	95
300696854	241665338	0.29046044	1024
300696854	471268107	3.21259501	92
300696854	387121444	4.05563308	1023
300696854	50123372	3.35704134	95
300696854	332284485	2.95709256	95
300696854	115358265	1.83425433	1016
300696854	300723720	3.1053941	95
300696854	336248255	3.3196647	95
300696854	256822396	3.55296635	1023
300696854	52425169	3.79932728	1023
218549244	311105517	1.60997064	1023
218549244	332161955	1.22112104	367
218549244	220933327	3.200307	1024
218549244	407693102	3.92202816	1023
218549244	33596919	3.36118683	95
218549244	194366489	3.1395622	95
218549244	538393015	3.38544778	95
218549244	85860348	5.11583851	87
218549244	568137188	1.596554	589
218549244	83648238	3.6625204	1023
218549244	297537245	2.8006126	90
218549244	387123403	2.7167499	90
218549244	172063028	3.62679786	95
218549244	54302138	3.61918225	1023
218549244	404494464	2.54759226	87
218549244	77456405	1.59196025	589
218549244	145297684	3.46034736	1023
218549244	378948100	1.65349705	589
218549244	401765194	1.32571192	974
218549244	261823795	1.34462929	631
218549244	134293352	3.57581121	95
218549244	501677643	1.60000492	589
218549244	365972066	1.32746064	974
218549244	51245488	3.16510803	87
218549244	58583534	3.14362087	95
218549244	170024470	1.22390006	367
218549244	297538925	2.861316	90
218549244	251793373	4.03941946	1023
218549244	107026610	3.75771769	95
218549244	206563081	3.66538128	95
218549244	152982194	2.63146714	252
218549244	470166675	3.96710221	1023
218549244	568127255	1.74267466	1023
218549244	241665338	3.44775714	95
218549244	471268107	3.32043205	95
218549244	387121444	4.03843958	1023
218549244	50123372	1.33212456	631
218549244	332284485	1.73404444	1023
218549244	115358265	3.63503945	95
218549244	300723720	1.28187678	1024
218549244	336248255	1.08584456	974
218549244	256822396	3.53577285	1023
218549244	52425169	3.78213378	1023
311105517	332161955	1.25588012	1023
311105517	220933327	2.53649104	1024
311105517	407693102	3.2582122	1023
311105517	33596919	2.69737087	95
311105517	194366489	2.47574624	95
311105517	538393015	2.72163182	95
311105517	85860348	4.45202255	87
311105517	568137188	1.06953516	1023
311105517	83648238	2.99870444	1023
311105517	297537245	2.13679664	90
311105517	387123403	2.05293394	90
311105517	172063028	2.9629819	95
311105517	54302138	2.95536629	1023
311105517	404494464	1.8837763	87
311105517	77456405	1.06494141	1023
311105517	145297684	2.7965314	1023
311105517	378948100	1.12647821	1023
311105517	401765194	1.67266798	1023
311105517	261823795	1.48268199	1023
311105517	134293352	2.91199525	95
311105517	501677643	1.07298608	1023
311105517	365972066	1.6744167	1023
311105517	51245488	2.50129207	87
311105517	58583534	2.47980491	95
311105517	170024470	1.25865914	1023
311105517	297538925	2.19750004	90
311105517	251793373	3.3756035	1023
311105517	107026610	3.09390173	95
311105517	206563081	3.00156532	95
311105517	152982194	1.96765118	252
311105517	470166675	3.30328625	1023
311105517	568127255	0.36194558	1024
311105517	241665338	2.78394118	95
311105517	471268107	2.65661609	95
311105517	387121444	3.37462362	1023
311105517	50123372	1.47017726	1023
311105517	332284485	0.77379978	1014
311105517	115358265	2.97122349	95
311105517	300723720	1.21853002	1023
311105517	336248255	1.43280062	1023
311105517	256822396	2.87195689	1023
311105517	52425169	3.11831782	1023
332161955	220933327	2.84621648	1024
332161955	407693102	3.56793764	1023
332161955	33596919	3.00709631	95
332161955	194366489	2.78547168	95
332161955	538393015	3.03135726	95
332161955	85860348	4.76174799	87
332161955	568137188	1.24246348	589
332161955	83648238	3.30842988	1023
332161955	297537245	2.44652208	90
332161955	387123403	2.36265938	90
332161955	172063028	3.27270734	95
332161955	54302138	3.26509173	1023
332161955	404494464	2.19350174	87
332161955	77456405	1.23786973	589
332161955	145297684	3.10625684	1023
332161955	378948100	1.29940653	589
332161955	401765194	1.28381838	367
332161955	261823795	1.09383239	367
332161955	134293352	3.22172069	95
332161955	501677643	1.2459144	589
332161955	365972066	1.2855671	367
332161955	51245488	2.81101751	87
332161955	58583534	2.78953035	95
332161955	170024470	0.13156154	1024
332161955	297538925	2.50722548	90
332161955	251793373	3.68532894	1023
332161955	107026610	3.40362717	95
332161955	206563081	3.31129076	95
332161955	152982194	2.27737662	252
332161955	470166675	3.61301169	1023
332161955	568127255	1.38858414	1023
332161955	241665338	3.09366662	95
332161955	471268107	2.96634153	95
332161955	387121444	3.68434906	1023
332161955	50123372	1.08132766	367
332161955	332284485	1.37995392	1023
332161955	115358265	3.28094893	95
332161955	300723720	0.92778626	1024
332161955	336248255	1.04395102	367
332161955	256822396	3.18168233	1023
332161955	52425169	3.42804326	1023
220933327	407693102	3.29702786	1024
220933327	33596919	3.08185261	1024
220933327	194366489	2.86022798	1024
220933327	538393015	3.10611356	1024
220933327	85860348	5.02759421	1024
220933327	568137188	2.65987152	1024
220933327	83648238	3.0375201	1024
220933327	297537245	2.31749512	1024
220933327	387123403	2.23363242	1024
220933327	172063028	3.34746364	1024
220933327	54302138	2.99418195	1024
220933327	404494464	2.45934796	1024
220933327	77456405	2.65527777	1024
220933327	145297684	2.83534706	1024
220933327	378948100	2.71681457	1024
220933327	401765194	3.26300434	1024
220933327	261823795	3.07301835	1024
220933327	134293352	3.29647699	1024
220933327	501677643	2.66332244	1024
220933327	365972066	3.26475306	1024
220933327	51245488	3.07686373	1024
220933327	58583534	2.86428665	1024
220933327	170024470	2.8489955	1024
220933327	297538925	2.37819852	1024
220933327	251793373	3.41441916	1024
220933327	107026610	3.47838347	1024
220933327	206563081	3.38604706	1024
220933327	152982194	2.70578866	1024
220933327	470166675	3.34210191	1024
220933327	568127255	2.66919506	1024
220933327	241665338	3.16842292	1024
220933327	471268107	3.04109783	1024
220933327	387121444	3.41343928	1024
220933327	50123372	3.06051362	1024
220933327	332284485	2.66056484	1024
220933327	115358265	3.35570523	1024
220933327	300723720	2.80886638	1024
220933327	336248255	3.02313698	1024
220933327	256822396	2.91077255	1024
220933327	52425169	3.15713348	1024
407693102	33596919	3.80357377	1023
407693102	194366489	3.58194914	1023
407693102	538393015	3.82783472	1023
407693102	85860348	5.74931537	1023
407693102	568137188	3.38159268	1023
407693102	83648238	2.44220604	1015
407693102	297537245	3.03921628	1023
407693102	387123403	2.95535358	1023
407693102	172063028	4.0691848	1023
407693102	54302138	2.39886789	1015
407693102	404494464	3.18106912	1023
407693102	77456405	3.37699893	1023
407693102	145297684	2.240033	1015
407693102	378948100	3.43853573	1023
407693102	401765194	3.9847255	1023
407693102	261823795	3.79473951	1023
407693102	134293352	4.01819815	1023
407693102	501677643	3.3850436	1023
407693102	365972066	3.98647422	1023
407693102	51245488	3.79858489	1023
407693102	58583534	3.58600781	1023
407693102	170024470	3.57071666	1023
407693102	297538925	3.09991968	1023
407693102	251793373	1.03486052	877
407693102	107026610	4.20010463	1023
407693102	206563081	4.10776822	1023
407693102	152982194	3.42750982	1023
407693102	470166675	0.96254327	877
407693102	568127255	3.39091622	1023
407693102	241665338	3.89014408	1023
407693102	471268107	3.76281899	1023
407693102	387121444	1.03388064	877
407693102	50123372	3.78223478	1023
407693102	332284485	3.382286	1023
407693102	115358265	4.07742639	1023
407693102	300723720	3.53058754	1023
407693102	336248255	3.74485814	1023
407693102	256822396	3.38475627	205
407693102	52425169	1.0963671	1023
33596919	194366489	2.89607727	92
33596919	538393015	2.08112189	1011
33596919	85860348	5.18847404	95
33596919	568137188	2.82075135	95
33596919	83648238	3.54406601	1023
33596919	297537245	2.68215821	90
33596919	387123403	2.59829551	90
33596919	172063028	1.69036485	1016
33596919	54302138	3.50072786	1023
33596919	404494464	2.62022779	95
33596919	77456405	2.8161576	95
33596919	145297684	3.34189297	1023
33596919	378948100	2.8776944	95
33596919	401765194	3.42388417	95
33596919	261823795	3.23389818	95
33596919	134293352	1.6393782	1016
33596919	501677643	2.82420227	95
33596919	365972066	3.42563289	95
33596919	51245488	3.23774356	95
33596919	58583534	2.90013594	92
33596919	170024470	3.00987533	95
33596919	297538925	2.74286161	90
33596919	251793373	3.92096507	1023
33596919	107026610	1.82128468	1016
33596919	206563081	1.72894827	1016
33596919	152982194	2.86666849	95
33596919	470166675	3.84864782	1023
33596919	568127255	2.83007489	95
33596919	241665338	1.23508789	712
33596919	471268107	3.07694712	92
33596919	387121444	3.91998519	1023
33596919	50123372	3.22139345	95
33596919	332284485	2.82144467	95
33596919	115358265	1.69860644	1016
33596919	300723720	2.96974621	95
33596919	336248255	3.18401681	95
33596919	256822396	3.41731846	1023
33596919	52425169	3.66367939	1023
194366489	538393015	2.92033822	92
194366489	85860348	4.96684941	95
194366489	568137188	2.59912672	95
194366489	83648238	3.32244138	1023
194366489	297537245	2.46053358	90
194366489	387123403	2.37667088	90
194366489	172063028	3.1616883	92
194366489	54302138	3.27910323	1023
194366489	404494464	2.39860316	95
194366489	77456405	2.59453297	95
194366489	145297684	3.12026834	1023
194366489	378948100	2.65606977	95
194366489	401765194	3.20225954	95
194366489	261823795	3.01227355	95
194366489	134293352	3.11070165	92
194366489	501677643	2.60257764	95
194366489	365972066	3.20400826	95
194366489	51245488	3.01611893	95
194366489	58583534	0.45109859	1024
194366489	170024470	2.7882507	95
194366489	297538925	2.52123698	90
194366489	251793373	3.69934044	1023
194366489	107026610	3.29260813	92
194366489	206563081	3.20027172	92
194366489	152982194	2.64504386	95
194366489	470166675	3.62702319	1023
194366489	568127255	2.60845026	95
194366489	241665338	2.98264758	92
194366489	471268107	1.56053533	1024
194366489	387121444	3.69836056	1023
194366489	50123372	2.99976882	95
194366489	332284485	2.59982004	95
194366489	115358265	3.16992989	92
194366489	300723720	2.74812158	95
194366489	336248255	2.96239218	95
194366489	256822396	3.19569383	1023
194366489	52425169	3.44205476	1023
538393015	85860348	5.21273499	95
538393015	568137188	2.8450123	95
538393015	83648238	3.56832696	1023
538393015	297537245	2.70641916	90
538393015	387123403	2.62255646	90
538393015	172063028	2.34673292	1011
538393015	54302138	3.52498881	1023
538393015	404494464	2.64448874	95
538393015	77456405	2.84041855	95
538393015	145297684	3.36615392	1023
538393015	378948100	2.90195535	95
538393015	401765194	3.44814512	95
538393015	261823795	3.25815913	95
538393015	134293352	2.29574627	1011
538393015	501677643	2.84846322	95
538393015	365972066	3.44989384	95
538393015	51245488	3.26200451	95
538393015	58583534	2.92439689	92
538393015	170024470	3.03413628	95
538393015	297538925	2.76712256	90
538393015	251793373	3.94522602	1023
538393015	107026610	2.47765275	1011
538393015	206563081	2.38531634	1011
538393015	152982194	2.89092944	95
538393015	470166675	3.87290877	1023
538393015	568127255	2.85433584	95
538393015	241665338	2.1676922	1011
538393015	471268107	3.10120807	92
538393015	387121444	3.94424614	1023
538393015	50123372	3.2456544	95
538393015	332284485	2.84570562	95
538393015	115358265	2.35497451	1011
538393015	300723720	2.99400716	95
538393015	336248255	3.20827776	95
538393015	256822396	3.44157941	1023
538393015	52425169	3.68794034	1023
85860348	568137188	4.57540303	87
85860348	83648238	5.48980761	1023
85860348	297537245	4.62789981	90
85860348	387123403	4.54403711	90
85860348	172063028	5.45408507	95
85860348	54302138	5.44646946	1023
85860348	404494464	4.16080557	57
85860348	77456405	4.57080928	87
85860348	145297684	5.28763457	1023
85860348	378948100	4.63234608	87
85860348	401765194	5.17853585	87
85860348	261823795	4.98854986	87
85860348	134293352	5.40309842	95
85860348	501677643	4.57885395	87
85860348	365972066	5.18028457	87
85860348	51245488	4.1767147	253
85860348	58583534	4.97090808	95
85860348	170024470	4.76452701	87
85860348	297538925	4.68860321	90
85860348	251793373	5.86670667	1023
85860348	107026610	5.5850049	95
85860348	206563081	5.49266849	95
85860348	152982194	4.62132017	87
85860348	470166675	5.79438942	1023
85860348	568127255	4.58472657	87
85860348	241665338	5.27504435	95
85860348	471268107	5.14771926	95
85860348	387121444	5.86572679	1023
85860348	50123372	4.97604513	87
85860348	332284485	4.57609635	87
85860348	115358265	5.46232666	95
85860348	300723720	4.72439789	87
85860348	336248255	4.93866849	87
85860348	256822396	5.36306006	1023
85860348	52425169	5.60942099	1023
568137188	83648238	3.12208492	1023
568137188	297537245	2.26017712	90
568137188	387123403	2.17631442	90
568137188	172063028	3.08636238	95
568137188	54302138	3.07874677	1023
568137188	404494464	2.00715678	87
568137188	77456405	0.41971707	1024
568137188	145297684	2.91991188	1023
568137188	378948100	0.48125387	1024
568137188	401765194	1.65925134	589
568137188	261823795	1.46926535	589
568137188	134293352	3.03537573	95
568137188	501677643	0.42776174	1024
568137188	365972066	1.66100006	589
568137188	51245488	2.62467255	87
568137188	58583534	2.60318539	95
568137188	170024470	1.2452425	589
568137188	297538925	2.32088052	90
568137188	251793373	3.49898398	1023
568137188	107026610	3.21728221	95
568137188	206563081	3.1249458	95
568137188	152982194	2.09103166	252
568137188	470166675	3.42666673	1023
568137188	568127255	1.20223918	1023
568137188	241665338	2.90732166	95
568137188	471268107	2.77999657	95
568137188	387121444	3.4980041	1023
568137188	50123372	1.45676062	589
568137188	332284485	1.19360896	1023
568137188	115358265	3.09460397	95
568137188	300723720	1.20511338	589
568137188	336248255	1.41938398	589
568137188	256822396	2.99533737	1023
568137188	52425169	3.2416983	1023
83648238	297537245	2.77970852	1023
83648238	387123403	2.69584582	1023
83648238	172063028	3.80967704	1023
83648238	54302138	1.27972921	1019
83648238	404494464	2.92156136	1023
83648238	77456405	3.11749117	1023
83648238	145297684	1.6601412	901
83648238	378948100	3.17902797	1023
83648238	401765194	3.72521774	1023
83648238	261823795	3.53523175	1023
83648238	134293352	3.75869039	1023
83648238	501677643	3.12553584	1023
83648238	365972066	3.72696646	1023
83648238	51245488	3.53907713	1023
83648238	58583534	3.32650005	1023
83648238	170024470	3.3112089	1023
83648238	297538925	2.84041192	1023
83648238	251793373	2.55959734	1015
83648238	107026610	3.94059687	1023
83648238	206563081	3.84826046	1023
83648238	152982194	3.16800206	1023
83648238	470166675	2.48728009	1015
83648238	568127255	3.13140846	1023
83648238	241665338	3.63063632	1023
83648238	471268107	3.50331123	1023
83648238	387121444	2.55861746	1015
83648238	50123372	3.52272702	1023
83648238	332284485	3.12277824	1023
83648238	115358265	3.81791863	1023
83648238	300723720	3.27107978	1023
83648238	336248255	3.48535038	1023
83648238	256822396	3.12524851	205
83648238	52425169	2.30231166	1015
297537245	387123403	0.33341802	1024
297537245	172063028	2.94776924	90
297537245	54302138	2.73637037	1023
297537245	404494464	2.05965356	90
297537245	77456405	2.25558337	90
297537245	145297684	2.57753548	1023
297537245	378948100	2.31712017	90
297537245	401765194	2.86330994	90
297537245	261823795	2.67332395	90
297537245	134293352	2.89678259	90
297537245	501677643	2.26362804	90
297537245	365972066	2.86505866	90
297537245	51245488	2.67716933	90
297537245	58583534	2.46459225	90
297537245	170024470	2.4493011	90
297537245	297538925	0.47798412	1024
297537245	251793373	3.15660758	1023
297537245	107026610	3.07868907	90
297537245	206563081	2.98635266	90
297537245	152982194	2.30609426	90
297537245	470166675	3.08429033	1023
297537245	568127255	2.26950066	90
297537245	241665338	2.76872852	90
297537245	471268107	2.64140343	90
297537245	387121444	3.1556277	1023
297537245	50123372	2.66081922	90
297537245	332284485	2.26087044	90
297537245	115358265	2.95601083	90
297537245	300723720	2.40917198	90
297537245	336248255	2.62344258	90
297537245	256822396	2.65296097	1023
297537245	52425169	2.8993219	1023
387123403	172063028	2.86390654	90
387123403	54302138	2.65250767	1023
387123403	404494464	1.97579086	90
387123403	77456405	2.17172067	90
387123403	145297684	2.49367278	1023
387123403	378948100	2.23325747	90
387123403	401765194	2.77944724	90
387123403	261823795	2.58946125	90
387123403	134293352	2.81291989	90
387123403	501677643	2.17976534	90
387123403	365972066	2.78119596	90
387123403	51245488	2.59330663	90
387123403	58583534	2.38072955	90
387123403	170024470	2.3654384	90
387123403	297538925	0.39412142	1024
387123403	251793373	3.07274488	1023
387123403	107026610	2.99482637	90
387123403	206563081	2.90248996	90
387123403	152982194	2.22223156	90
387123403	470166675	3.00042763	1023
387123403	568127255	2.18563796	90
387123403	241665338	2.68486582	90
387123403	471268107	2.55754073	90
387123403	387121444	3.071765	1023
387123403	50123372	2.57695652	90
387123403	332284485	2.17700774	90
387123403	115358265	2.87214813	90
387123403	300723720	2.32530928	90
387123403	336248255	2.53957988	90
387123403	256822396	2.56909827	1023
387123403	52425169	2.8154592	1023
172063028	54302138	3.76633889	1023
172063028	404494464	2.88583882	95
172063028	77456405	3.08176863	95
172063028	145297684	3.607504	1023
172063028	378948100	3.14330543	95
172063028	401765194	3.6894952	95
172063028	261823795	3.49950921	95
172063028	134293352	0.25777603	698
172063028	501677643	3.0898133	95
172063028	365972066	3.69124392	95
172063028	51245488	3.50335459	95
172063028	58583534	3.16574697	92
172063028	170024470	3.27548636	95
172063028	297538925	3.00847264	90
172063028	251793373	4.1865761	1023
172063028	107026610	0.25794871	621
172063028	206563081	0.1656123	621
172063028	152982194	3.13227952	95
172063028	470166675	4.11425885	1023
172063028	568127255	3.09568592	95
172063028	241665338	1.77693516	1016
172063028	471268107	3.34255815	92
172063028	387121444	4.18559622	1023
172063028	50123372	3.48700448	95
172063028	332284485	3.0870557	95
172063028	115358265	0.03367801	1024
172063028	300723720	3.23535724	95
172063028	336248255	3.44962784	95
172063028	256822396	3.68292949	1023
172063028	52425169	3.92929042	1023
54302138	404494464	2.87822321	1023
54302138	77456405	3.07415302	1023
54302138	145297684	1.61680305	901
54302138	378948100	3.13568982	1023
54302138	401765194	3.68187959	1023
54302138	261823795	3.4918936	1023
54302138	134293352	3.71535224	1023
54302138	501677643	3.08219769	1023
54302138	365972066	3.68362831	1023
54302138	51245488	3.49573898	1023
54302138	58583534	3.2831619	1023
54302138	170024470	3.26787075	1023
54302138	297538925	2.79707377	1023
54302138	251793373	2.51625919	1015
54302138	107026610	3.89725872	1023
54302138	206563081	3.80492231	1023
54302138	152982194	3.12466391	1023
54302138	470166675	2.44394194	1015
54302138	568127255	3.08807031	1023
54302138	241665338	3.58729817	1023
54302138	471268107	3.45997308	1023
54302138	387121444	2.51527931	1015
54302138	50123372	3.47938887	1023
54302138	332284485	3.07944009	1023
54302138	115358265	3.77458048	1023
54302138	300723720	3.22774163	1023
54302138	336248255	3.44201223	1023
54302138	256822396	3.08191036	205
54302138	52425169	2.25897351	1015
404494464	77456405	2.00256303	87
404494464	145297684	2.71938832	1023
404494464	378948100	2.06409983	87
404494464	401765194	2.6102896	87
404494464	261823795	2.42030361	87
404494464	134293352	2.83485217	95
404494464	501677643	2.0106077	87
404494464	365972066	2.61203832	87
404494464	51245488	2.21007509	57
404494464	58583534	2.40266183	95
404494464	170024470	2.19628076	87
404494464	297538925	2.12035696	90
404494464	251793373	3.29846042	1023
404494464	107026610	3.01675865	95
404494464	206563081	2.92442224	95
404494464	152982194	2.05307392	87
404494464	470166675	3.22614317	1023
404494464	568127255	2.01648032	87
404494464	241665338	2.7067981	95
404494464	471268107	2.57947301	95
404494464	387121444	3.29748054	1023
404494464	50123372	2.40779888	87
404494464	332284485	2.0078501	87
404494464	115358265	2.89408041	95
404494464	300723720	2.15615164	87
404494464	336248255	2.37042224	87
404494464	256822396	2.79481381	1023
404494464	52425169	3.04117474	1023
77456405	145297684	2.91531813	1023
77456405	378948100	0.26220514	787
77456405	401765194	1.65465759	589
77456405	261823795	1.4646716	589
77456405	134293352	3.03078198	95
77456405	501677643	0.31804753	826
77456405	365972066	1.65640631	589
77456405	51245488	2.6200788	87
77456405	58583534	2.59859164	95
77456405	170024470	1.24064875	589
77456405	297538925	2.31628677	90
77456405	251793373	3.49439023	1023
77456405	107026610	3.21268846	95
77456405	206563081	3.12035205	95
77456405	152982194	2.08643791	252
77456405	470166675	3.42207298	1023
77456405	568127255	1.19764543	1023
77456405	241665338	2.90272791	95
77456405	471268107	2.77540282	95
77456405	387121444	3.49341035	1023
77456405	50123372	1.45216687	589
77456405	332284485	1.18901521	1023
77456405	115358265	3.09001022	95
77456405	300723720	1.20051963	589
77456405	336248255	1.41479023	589
77456405	256822396	2.99074362	1023
77456405	52425169	3.23710455	1023
145297684	378948100	2.97685493	1023
145297684	401765194	3.5230447	1023
145297684	261823795	3.33305871	1023
145297684	134293352	3.55651735	1023
145297684	501677643	2.9233628	1023
145297684	365972066	3.52479342	1023
145297684	51245488	3.33690409	1023
145297684	58583534	3.12432701	1023
145297684	170024470	3.10903586	1023
145297684	297538925	2.63823888	1023
145297684	251793373	2.3574243	1015
145297684	107026610	3.73842383	1023
145297684	206563081	3.64608742	1023
145297684	152982194	2.96582902	1023
145297684	470166675	2.28510705	1015
145297684	568127255	2.92923542	1023
145297684	241665338	3.42846328	1023
145297684	471268107	3.30113819	1023
145297684	387121444	2.35644442	1015
145297684	50123372	3.32055398	1023
145297684	332284485	2.9206052	1023
145297684	115358265	3.61574559	1023
145297684	300723720	3.06890674	1023
145297684	336248255	3.28317734	1023
145297684	256822396	2.92307547	205
145297684	52425169	2.10013862	1015
378948100	401765194	1.71619439	589
378948100	261823795	1.5262084	589
378948100	134293352	3.09231878	95
378948100	501677643	0.37958433	826
378948100	365972066	1.71794311	589
378948100	51245488	2.6816156	87
378948100	58583534	2.66012844	95
378948100	170024470	1.30218555	589
378948100	297538925	2.37782357	90
378948100	251793373	3.55592703	1023
378948100	107026610	3.27422526	95
378948100	206563081	3.18188885	95
378948100	152982194	2.14797471	252
378948100	470166675	3.48360978	1023
378948100	568127255	1.25918223	1023
378948100	241665338	2.96426471	95
378948100	471268107	2.83693962	95
378948100	387121444	3.55494715	1023
378948100	50123372	1.51370367	589
378948100	332284485	1.25055201	1023
378948100	115358265	3.15154702	95
378948100	300723720	1.26205643	589
378948100	336248255	1.47632703	589
378948100	256822396	3.05228042	1023
378948100	52425169	3.29864135	1023
401765194	261823795	1.40732663	631
401765194	134293352	3.63850855	95
401765194	501677643	1.66270226	589
401765194	365972066	0.19662228	710
401765194	51245488	3.22780537	87
401765194	58583534	3.20631821	95
401765194	170024470	1.2865974	367
401765194	297538925	2.92401334	90
401765194	251793373	4.1021168	1023
401765194	107026610	3.82041503	95
401765194	206563081	3.72807862	95
401765194	152982194	2.69416448	252
401765194	470166675	4.02979955	1023
401765194	568127255	1.805372	1023
401765194	241665338	3.51045448	95
401765194	471268107	3.38312939	95
401765194	387121444	4.10113692	1023
401765194	50123372	1.3948219	631
401765194	332284485	1.79674178	1023
401765194	115358265	3.69773679	95
401765194	300723720	1.34457412	1024
401765194	336248255	0.45638348	1024
401765194	256822396	3.59847019	1023
401765194	52425169	3.84483112	1023
261823795	134293352	3.44852256	95
261823795	501677643	1.47271627	589
261823795	365972066	1.40907535	631
261823795	51245488	3.03781938	87
261823795	58583534	3.01633222	95
261823795	170024470	1.09661141	367
261823795	297538925	2.73402735	90
261823795	251793373	3.91213081	1023
261823795	107026610	3.63042904	95
261823795	206563081	3.53809263	95
261823795	152982194	2.50417849	252
261823795	470166675	3.83981356	1023
261823795	568127255	1.61538601	1023
261823795	241665338	3.32046849	95
261823795	471268107	3.1931434	95
261823795	387121444	3.91115093	1023
261823795	50123372	0.15639621	814
261823795	332284485	1.60675579	1023
261823795	115358265	3.5077508	95
261823795	300723720	1.15458813	1024
261823795	336248255	1.16745927	631
261823795	256822396	3.4084842	1023
261823795	52425169	3.65484513	1023
134293352	501677643	3.03882665	95
134293352	365972066	3.64025727	95
134293352	51245488	3.45236794	95
134293352	58583534	3.11476032	92
134293352	170024470	3.22449971	95
134293352	297538925	2.95748599	90
134293352	251793373	4.13558945	1023
134293352	107026610	0.38869586	698
134293352	206563081	0.29635945	698
134293352	152982194	3.08129287	95
134293352	470166675	4.0632722	1023
134293352	568127255	3.04469927	95
134293352	241665338	1.72594851	1016
134293352	471268107	3.2915715	92
134293352	387121444	4.13460957	1023
134293352	50123372	3.43601783	95
134293352	332284485	3.03606905	95
134293352	115358265	0.26601762	698
134293352	300723720	3.18437059	95
134293352	336248255	3.39864119	95
134293352	256822396	3.63194284	1023
134293352	52425169	3.87830377	1023
501677643	365972066	1.66445098	589
501677643	51245488	2.62812347	87
501677643	58583534	2.60663631	95
501677643	170024470	1.24869342	589
501677643	297538925	2.32433144	90
501677643	251793373	3.5024349	1023
501677643	107026610	3.22073313	95
501677643	206563081	3.12839672	95
501677643	152982194	2.09448258	252
501677643	470166675	3.43011765	1023
501677643	568127255	1.2056901	1023
501677643	241665338	2.91077258	95
501677643	471268107	2.78344749	95
501677643	387121444	3.50145502	1023
501677643	50123372	1.46021154	589
501677643	332284485	1.19705988	1023
501677643	115358265	3.09805489	95
501677643	300723720	1.2085643	589
501677643	336248255	1.4228349	589
501677643	256822396	2.99878829	1023
501677643	52425169	3.24514922	1023
365972066	51245488	3.22955409	87
365972066	58583534	3.20806693	95
365972066	170024470	1.28834612	367
365972066	297538925	2.92576206	90
365972066	251793373	4.10386552	1023
365972066	107026610	3.82216375	95
365972066	206563081	3.72982734	95
365972066	152982194	2.6959132	252
365972066	470166675	4.03154827	1023
365972066	568127255	1.80712072	1023
365972066	241665338	3.5122032	95
365972066	471268107	3.38487811	95
365972066	387121444	4.10288564	1023
365972066	50123372	1.39657062	631
365972066	332284485	1.7984905	1023
365972066	115358265	3.69948551	95
365972066	300723720	1.34632284	1024
365972066	336248255	0.4581322	1024
365972066	256822396	3.60021891	1023
365972066	52425169	3.84657984	1023
51245488	58583534	3.0201776	95
51245488	170024470	2.81379653	87
51245488	297538925	2.73787273	90
51245488	251793373	3.91597619	1023
51245488	107026610	3.63427442	95
51245488	206563081	3.54193801	95
51245488	152982194	2.67058969	87
51245488	470166675	3.84365894	1023
51245488	568127255	2.63399609	87
51245488	241665338	3.32431387	95
51245488	471268107	3.19698878	95
51245488	387121444	3.91499631	1023
51245488	50123372	3.02531465	87
51245488	332284485	2.62536587	87
51245488	115358265	3.51159618	95
51245488	300723720	2.77366741	87
51245488	336248255	2.98793801	87
51245488	256822396	3.41232958	1023
51245488	52425169	3.65869051	1023
58583534	170024470	2.79230937	95
58583534	297538925	2.52529565	90
58583534	251793373	3.70339911	1023
58583534	107026610	3.2966668	92
58583534	206563081	3.20433039	92
58583534	152982194	2.64910253	95
58583534	470166675	3.63108186	1023
58583534	568127255	2.61250893	95
58583534	241665338	2.98670625	92
58583534	471268107	1.564594	1024
58583534	387121444	3.70241923	1023
58583534	50123372	3.00382749	95
58583534	332284485	2.60387871	95
58583534	115358265	3.17398856	92
58583534	300723720	2.75218025	95
58583534	336248255	2.96645085	95
58583534	256822396	3.1997525	1023
58583534	52425169	3.44611343	1023
170024470	297538925	2.5100045	90
170024470	251793373	3.68810796	1023
170024470	107026610	3.40640619	95
170024470	206563081	3.31406978	95
170024470	152982194	2.28015564	252
170024470	470166675	3.61579071	1023
170024470	568127255	1.39136316	1023
170024470	241665338	3.09644564	95
170024470	471268107	2.96912055	95
170024470	387121444	3.68712808	1023
170024470	50123372	1.08410668	367
170024470	332284485	1.38273294	1023
170024470	115358265	3.28372795	95
170024470	300723720	0.93056528	1024
170024470	336248255	1.04673004	367
170024470	256822396	3.18446135	1023
170024470	52425169	3.43082228	1023
297538925	251793373	3.21731098	1023
297538925	107026610	3.13939247	90
297538925	206563081	3.04705606	90
297538925	152982194	2.36679766	90
297538925	470166675	3.14499373	1023
297538925	568127255	2.33020406	90
297538925	241665338	2.82943192	90
297538925	471268107	2.70210683	90
297538925	387121444	3.2163311	1023
297538925	50123372	2.72152262	90
297538925	332284485	2.32157384	90
297538925	115358265	3.01671423	90
297538925	300723720	2.46987538	90
297538925	336248255	2.68414598	90
297538925	256822396	2.71366437	1023
297538925	52425169	2.9600253	1023
251793373	107026610	4.31749593	1023
251793373	206563081	4.22515952	1023
251793373	152982194	3.54490112	1023
251793373	470166675	0.97424217	461
251793373	568127255	3.50830752	1023
251793373	241665338	4.00753538	1023
251793373	471268107	3.88021029	1023
251793373	387121444	0.29401142	1024
251793373	50123372	3.89962608	1023
251793373	332284485	3.4996773	1023
251793373	115358265	4.19481769	1023
251793373	300723720	3.64797884	1023
251793373	336248255	3.86224944	1023
251793373	256822396	3.50214757	205
251793373	52425169	1.2137584	1023
107026610	206563081	0.17411787	766
107026610	152982194	3.26319935	95
107026610	470166675	4.24517868	1023
107026610	568127255	3.22660575	95
107026610	241665338	1.90785499	1016
107026610	471268107	3.47347798	92
107026610	387121444	4.31651605	1023
107026610	50123372	3.61792431	95
107026610	332284485	3.21797553	95
107026610	115358265	0.2661903	621
107026610	300723720	3.36627707	95
107026610	336248255	3.58054767	95
107026610	256822396	3.81384932	1023
107026610	52425169	4.06021025	1023
206563081	152982194	3.17086294	95
206563081	470166675	4.15284227	1023
206563081	568127255	3.13426934	95
206563081	241665338	1.81551858	1016
206563081	471268107	3.38114157	92
206563081	387121444	4.22417964	1023
206563081	50123372	3.5255879	95
206563081	332284485	3.12563912	95
206563081	115358265	0.17385389	621
206563081	300723720	3.27394066	95
206563081	336248255	3.48821126	95
206563081	256822396	3.72151291	1023
206563081	52425169	3.96787384	1023
152982194	470166675	3.47258387	1023
152982194	568127255	2.1003552	252
152982194	241665338	2.9532388	95
152982194	471268107	2.82591371	95
152982194	387121444	3.54392124	1023
152982194	50123372	2.49167376	252
152982194	332284485	2.09172498	252
152982194	115358265	3.14052111	95
152982194	300723720	2.24002652	252
152982194	336248255	2.45429712	252
152982194	256822396	3.04125451	1023
152982194	52425169	3.28761544	1023
470166675	568127255	3.43599027	1023
470166675	241665338	3.93521813	1023
470166675	471268107	3.80789304	1023
470166675	387121444	0.97326229	461
470166675	50123372	3.82730883	1023
470166675	332284485	3.42736005	1023
470166675	115358265	4.12250044	1023
470166675	300723720	3.57566159	1023
470166675	336248255	3.78993219	1023
470166675	256822396	3.42983032	205
470166675	52425169	1.14144115	1023
568127255	241665338	2.9166452	95
568127255	471268107	2.78932011	95
568127255	387121444	3.50732764	1023
568127255	50123372	1.60288128	1023
568127255	332284485	0.9065038	1014
568127255	115358265	3.10392751	95
568127255	300723720	1.35123404	1023
568127255	336248255	1.56550464	1023
568127255	256822396	3.00466091	1023
568127255	52425169	3.25102184	1023
241665338	471268107	3.16351743	92
241665338	387121444	4.0065555	1023
241665338	50123372	3.30796376	95
241665338	332284485	2.90801498	95
241665338	115358265	1.78517675	1016
241665338	300723720	3.05631652	95
241665338	336248255	3.27058712	95
241665338	256822396	3.50388877	1023
241665338	52425169	3.7502497	1023
471268107	387121444	3.87923041	1023
471268107	50123372	3.18063867	95
471268107	332284485	2.78068989	95
471268107	115358265	3.35079974	92
471268107	300723720	2.92899143	95
471268107	336248255	3.14326203	95
471268107	256822396	3.37656368	1023
471268107	52425169	3.62292461	1023
387121444	50123372	3.8986462	1023
387121444	332284485	3.49869742	1023
387121444	115358265	4.19383781	1023
387121444	300723720	3.64699896	1023
387121444	336248255	3.86126956	1023
387121444	256822396	3.50116769	205
387121444	52425169	1.21277852	1023
50123372	332284485	1.59425106	1023
50123372	115358265	3.49524607	95
50123372	300723720	1.1420834	1024
50123372	336248255	1.15495454	631
50123372	256822396	3.39597947	1023
50123372	52425169	3.6423404	1023
332284485	115358265	3.09529729	95
332284485	300723720	1.34260382	1023
332284485	336248255	1.55687442	1023
332284485	256822396	2.99603069	1023
332284485	52425169	3.24239162	1023
115358265	300723720	3.24359883	95
115358265	336248255	3.45786943	95
115358265	256822396	3.69117108	1023
115358265	52425169	3.93753201	1023
300723720	336248255	1.10470676	1024
300723720	256822396	3.14433223	1023
300723720	52425169	3.39069316	1023
336248255	256822396	3.35860283	1023
336248255	52425169	3.60496376	1023
256822396	52425169	3.24486189	205
