#dist_cut	num_seqs	num_clusters	num_clusters(recip_simpson_index)	avg_intra_clust_phylo_dist_phylum(norm_shannon_index)	avg_inter_clust_phylo_dist_phylum(norm_shannon_index)	avg_intra_clust_phylo_dist_order(norm_shannon_index)	avg_inter_clust_phylo_dist_order(norm_shannon_index)	avg_silhouette_width	avg_inter_clust_dist	avg_intra_clust_dist	dunn_index
0	19	19	19	0	0.353858749100649	0	0.34648734563533	1	1.93459449894737	0	0.12041381
0.01	19	19	19	0	0.353858749100649	0	0.34648734563533	1	1.93459449894737	0	0.12041381
0.02	19	19	19	0	0.353858749100649	0	0.34648734563533	1	1.93459449894737	0	0.12041381
0.03	19	19	19	0	0.353858749100649	0	0.34648734563533	1	1.93459449894737	0	0.12041381
0.04	19	19	19	0	0.353858749100649	0	0.34648734563533	1	1.93459449894737	0	0.12041381
0.05	19	19	19	0	0.353858749100649	0	0.34648734563533	1	1.93459449894737	0	0.12041381
0.06	19	19	19	0	0.353858749100649	0	0.34648734563533	1	1.93459449894737	0	0.12041381
0.07	19	19	19	0	0.353858749100649	0	0.34648734563533	1	1.93459449894737	0	0.12041381
0.08	19	19	19	0	0.353858749100649	0	0.34648734563533	1	1.93459449894737	0	0.12041381
0.09	19	19	19	0	0.353858749100649	0	0.34648734563533	1	1.93459449894737	0	0.12041381
0.1	19	19	19	0	0.353858749100649	0	0.34648734563533	1	1.93459449894737	0	0.12041381
0.11	19	19	19	0	0.353858749100649	0	0.34648734563533	1	1.93459449894737	0	0.12041381
0.12	19	19	19	0	0.353858749100649	0	0.34648734563533	1	1.93459449894737	0	0.12041381
0.13	19	18	17.1904761904762	0	0.371722395471607	0	0.363313960082506	0.888888888888889	1.98625073879085	0.00668965611111111	1.47315345307984
0.14	19	18	17.1904761904762	0	0.371722395471607	0	0.363313960082506	0.888888888888889	1.98625073879085	0.00668965611111111	1.47315345307984
0.15	19	18	17.1904761904762	0	0.371722395471607	0	0.363313960082506	0.888888888888889	1.98625073879085	0.00668965611111111	1.47315345307984
0.16	19	18	17.1904761904762	0	0.371722395471607	0	0.363313960082506	0.888888888888889	1.98625073879085	0.00668965611111111	1.47315345307984
0.17	19	18	17.1904761904762	0	0.371722395471607	0	0.363313960082506	0.888888888888889	1.98625073879085	0.00668965611111111	1.47315345307984
0.18	19	17	15.695652173913	0	0.391450050868387	0	0.381799527070628	0.872060763940252	2.05942779602941	0.0175177547058824	1.06586183215755
0.19	19	16	13.3703703703704	0	0.412631598746489	0	0.40147276670457	0.867487615655656	2.13950158309722	0.0190994102083333	1.08077775997297
0.2	19	13	7.07843137254902	0	0.496058710343927	0	0.477899876059092	0.836845998045686	2.40720986102564	0.02540541	1.67061466567729
0.21	19	13	7.07843137254902	0	0.496058710343927	0	0.477899876059092	0.836845998045686	2.40720986102564	0.02540541	1.67061466567729
0.22	19	13	7.07843137254902	0	0.496058710343927	0	0.477899876059092	0.836845998045686	2.40720986102564	0.02540541	1.67061466567729
0.23	19	13	7.07843137254902	0	0.496058710343927	0	0.477899876059092	0.836845998045686	2.40720986102564	0.02540541	1.67061466567729
0.24	19	13	7.07843137254902	0	0.496058710343927	0	0.477899876059092	0.836845998045686	2.40720986102564	0.02540541	1.67061466567729
0.25	19	13	7.07843137254902	0	0.496058710343927	0	0.477899876059092	0.836845998045686	2.40720986102564	0.02540541	1.67061466567729
0.26	19	13	7.07843137254902	0	0.496058710343927	0	0.477899876059092	0.836845998045686	2.40720986102564	0.02540541	1.67061466567729
0.27	19	13	7.07843137254902	0	0.496058710343927	0	0.477899876059092	0.836845998045686	2.40720986102564	0.02540541	1.67061466567729
0.28	19	13	7.07843137254902	0	0.496058710343927	0	0.477899876059092	0.836845998045686	2.40720986102564	0.02540541	1.67061466567729
0.29	19	13	7.07843137254902	0	0.496058710343927	0	0.477899876059092	0.836845998045686	2.40720986102564	0.02540541	1.67061466567729
0.3	19	13	7.07843137254902	0	0.496058710343927	0	0.477899876059092	0.836845998045686	2.40720986102564	0.02540541	1.67061466567729
0.31	19	13	7.07843137254902	0	0.496058710343927	0	0.477899876059092	0.836845998045686	2.40720986102564	0.02540541	1.67061466567729
0.32	19	13	7.07843137254902	0	0.496058710343927	0	0.477899876059092	0.836845998045686	2.40720986102564	0.02540541	1.67061466567729
0.33	19	13	7.07843137254902	0	0.496058710343927	0	0.477899876059092	0.836845998045686	2.40720986102564	0.02540541	1.67061466567729
0.34	19	13	7.07843137254902	0	0.496058710343927	0	0.477899876059092	0.836845998045686	2.40720986102564	0.02540541	1.67061466567729
0.35	19	12	5.73015873015873	0	0.532866629003963	0	0.511024768644624	0.834598607934249	2.54314405531385	0.0331574410714286	1.26349678317525
0.36	19	11	5.55384615384615	0	0.573325053185571	0	0.546642445809586	0.772779108610035	2.70695113249351	0.0680435157142857	1.12227111671209
0.37	19	11	5.55384615384615	0	0.573325053185571	0	0.546642445809586	0.775169786513139	2.70695113249351	0.0680435157142857	1.12227111671209
0.38	19	11	5.55384615384615	0	0.573325053185571	0	0.546642445809586	0.775169786513139	2.70695113249351	0.0680435157142857	1.12227111671209
0.39	19	10	5.23188405797101	0	0.618032507926321	0	0.584829574277115	0.727824790181115	2.87437529152381	0.0930507022857143	1.45224008211544
0.4	19	10	5.23188405797101	0	0.618032507926321	0	0.584829574277115	0.727824790181115	2.87437529152381	0.0930507022857143	1.45224008211544
0.41	19	10	5.23188405797101	0	0.618032507926321	0	0.584829574277115	0.727824790181115	2.87437529152381	0.0930507022857143	1.45224008211544
0.42	19	10	5.23188405797101	0	0.618032507926321	0	0.584829574277115	0.727824790181115	2.87437529152381	0.0930507022857143	1.45224008211544
0.43	19	9	4.34939759036145	0	0.675397482880616	0	0.633199751546899	0.68204990693147	3.02672346324074	0.109824793293651	1.83442046457121
0.44	19	9	4.34939759036145	0	0.675397482880615	0	0.633199751546899	0.68204990693147	3.02672346324074	0.109824793293651	1.83442046457121
0.45	19	9	4.34939759036145	0	0.675397482880615	0	0.633199751546899	0.68204990693147	3.02672346324074	0.109824793293651	1.83442046457121
0.46	19	9	4.34939759036145	0	0.675397482880616	0	0.633199751546899	0.682049906931469	3.02672346324074	0.109824793293651	1.83442046457121
0.47	19	9	4.34939759036145	0	0.675397482880615	0	0.633199751546899	0.68204990693147	3.02672346324074	0.109824793293651	1.83442046457121
0.48	19	9	4.34939759036145	0	0.675397482880616	0	0.633199751546899	0.68204990693147	3.02672346324074	0.109824793293651	1.83442046457121
0.49	19	8	3.13913043478261	0	0.750463174546963	0	0.695366545776832	0.729071305990181	3.25942633722619	0.0980022795277778	1.33546570331821
0.5	19	8	3.13913043478261	0	0.750463174546963	0	0.695366545776832	0.729071305990181	3.25942633722619	0.0980022795277778	1.33546570331821
0.51	19	8	3.13913043478261	0	0.750463174546963	0	0.695366545776832	0.729071305990181	3.25942633722619	0.0980022795277777	1.33546570331821
0.52	19	8	3.13913043478261	0	0.750463174546963	0	0.695366545776832	0.729071305990181	3.25942633722619	0.0980022795277778	1.33546570331821
0.53	19	8	3.13913043478261	0	0.750463174546963	0	0.695366545776832	0.729071305990181	3.25942633722619	0.0980022795277778	1.33546570331821
0.54	19	8	3.13913043478261	0	0.750463174546963	0	0.695366545776832	0.729071305990181	3.25942633722619	0.0980022795277778	1.33546570331821
0.55	19	8	3.13913043478261	0	0.750463174546963	0	0.695366545776832	0.729071305990181	3.25942633722619	0.0980022795277778	1.33546570331821
0.56	19	7	2.98347107438016	0	0.826235548511584	0	0.751527459575614	0.66497507790823	3.48475228961905	0.13633733184127	1.78408184588376
0.57	19	7	2.98347107438016	0	0.826235548511584	0	0.751527459575614	0.66497507790823	3.48475228961905	0.13633733184127	1.78408184588376
0.58	19	7	2.98347107438016	0	0.826235548511584	0	0.751527459575614	0.66497507790823	3.48475228961905	0.13633733184127	1.78408184588376
0.59	19	7	2.98347107438016	0	0.826235548511584	0	0.751527459575614	0.66497507790823	3.48475228961905	0.13633733184127	1.78408184588376
0.6	19	7	2.98347107438016	0	0.826235548511584	0	0.751527459575614	0.66497507790823	3.48475228961905	0.13633733184127	1.78408184588376
0.61	19	7	2.98347107438016	0	0.826235548511584	0	0.751527459575614	0.66497507790823	3.48475228961905	0.13633733184127	1.78408184588376
0.62	19	7	2.98347107438016	0	0.826235548511584	0	0.751527459575614	0.66497507790823	3.48475228961905	0.13633733184127	1.78408184588376
0.63	19	7	2.98347107438016	0	0.826235548511584	0	0.751527459575614	0.66497507790823	3.48475228961905	0.13633733184127	1.78408184588376
0.64	19	7	2.98347107438016	0	0.826235548511584	0	0.751527459575614	0.66497507790823	3.48475228961905	0.13633733184127	1.78408184588376
0.65	19	7	2.98347107438016	0	0.826235548511584	0	0.751527459575614	0.66497507790823	3.48475228961905	0.13633733184127	1.78408184588376
0.66	19	7	2.98347107438016	0	0.826235548511584	0	0.751527459575614	0.66497507790823	3.48475228961905	0.13633733184127	1.78408184588376
0.67	19	7	2.98347107438016	0	0.826235548511584	0	0.751527459575614	0.66497507790823	3.48475228961905	0.13633733184127	1.78408184588376
0.68	19	6	1.79601990049751	0	0.975633716161666	0	0.869748504262051	0.678289105765248	3.72061521014286	0.109092259688645	1.37911015651089
0.69	19	6	1.79601990049751	0	0.975633716161666	0	0.869748504262051	0.678289105765248	3.72061521014286	0.109092259688645	1.37911015651089
0.7	19	6	1.79601990049751	0	0.975633716161666	0	0.869748504262051	0.678289105765248	3.72061521014286	0.109092259688645	1.37911015651089
0.71	19	6	1.79601990049751	0	0.975633716161666	0	0.869748504262051	0.678289105765248	3.72061521014286	0.109092259688645	1.37911015651089
0.72	19	6	1.79601990049751	0	0.975633716161666	0	0.869748504262051	0.678289105765248	3.72061521014286	0.109092259688645	1.37911015651089
0.73	19	6	1.79601990049751	0	0.975633716161666	0	0.869748504262051	0.678289105765249	3.72061521014286	0.109092259688645	1.37911015651089
0.74	19	6	1.79601990049751	0	0.975633716161666	0	0.869748504262051	0.678289105765248	3.72061521014286	0.109092259688645	1.37911015651089
0.75	19	6	1.79601990049751	0	0.975633716161666	0	0.869748504262051	0.678289105765249	3.72061521014286	0.109092259688645	1.37911015651089
0.76	19	6	1.79601990049751	0	0.975633716161666	0	0.869748504262051	0.678289105765248	3.72061521014286	0.109092259688645	1.37911015651089
0.77	19	6	1.79601990049751	0	0.975633716161666	0	0.869748504262051	0.678289105765248	3.72061521014286	0.109092259688645	1.37911015651089
0.78	19	5	1.5764192139738	0	1.12188282394116	0	0.960614587317226	0.599999999999999	3.8176526736	0.141763059428572	1.27353552277818
0.79	19	5	1.5764192139738	0	1.12188282394116	0	0.960614587317226	0.599999999999999	3.8176526736	0.141763059428571	1.27353552277818
0.8	19	5	1.5764192139738	0	1.12188282394116	0	0.960614587317226	0.599999999999999	3.8176526736	0.141763059428571	1.27353552277818
0.81	19	5	1.5764192139738	0	1.12188282394116	0	0.960614587317226	0.599999999999999	3.8176526736	0.141763059428571	1.27353552277818
0.820000000000001	19	5	1.5764192139738	0	1.12188282394116	0	0.960614587317226	0.6	3.8176526736	0.141763059428571	1.27353552277818
0.830000000000001	19	5	1.5764192139738	0	1.12188282394116	0	0.960614587317226	0.6	3.8176526736	0.141763059428572	1.27353552277818
0.840000000000001	19	6	2.03954802259887	0	0.961328477144592	0	0.855341057780014	0.532877450117337	3.68317321720513	0.242603541709402	1.08182540454386
0.850000000000001	19	6	2.03954802259887	0	0.961328477144592	0	0.855341057780014	0.532877450117337	3.68317321720513	0.242603541709402	1.08182540454386
0.860000000000001	19	6	2.03954802259887	0	0.961328477144592	0	0.855341057780014	0.532877450117336	3.68317321720513	0.242603541709402	1.08182540454386
0.870000000000001	19	6	2.03954802259887	0	0.961328477144592	0	0.855341057780014	0.532877450117336	3.68317321720513	0.242603541709402	1.08182540454386
0.880000000000001	19	6	2.03954802259887	0	0.961328477144592	0	0.855341057780014	0.532877450117337	3.68317321720513	0.242603541709402	1.08182540454386
0.890000000000001	19	6	2.03954802259887	0	0.961328477144592	0	0.855341057780014	0.532877450117337	3.68317321720513	0.242603541709402	1.08182540454386
0.900000000000001	19	6	2.03954802259887	0	0.961328477144592	0	0.855341057780014	0.532877450117337	3.68317321720513	0.242603541709402	1.08182540454386
0.910000000000001	19	5	2.01675977653631	0	1.07836075681137	0	0.916781565568223	0.392459619644707	3.87325112661538	0.471664542051282	1.07105107638201
0.920000000000001	19	5	2.01675977653631	0	1.07836075681137	0	0.916781565568223	0.521750172239365	3.87325112661538	0.471664542051282	1.07105107638201
0.930000000000001	19	5	2.01675977653631	0	1.07836075681137	0	0.916781565568223	0.521750172239365	3.87325112661538	0.471664542051282	1.07105107638201
0.940000000000001	19	5	2.01675977653631	0	1.07836075681137	0	0.916781565568223	0.392459619644707	3.87325112661538	0.471664542051282	1.07105107638201
0.950000000000001	19	5	2.01675977653631	0	1.07836075681137	0	0.916781565568223	0.392459619644707	3.87325112661538	0.471664542051282	1.07105107638201
0.960000000000001	19	5	2.01675977653631	0	1.07836075681137	0	0.916781565568223	0.392459619644707	3.87325112661538	0.471664542051282	1.07105107638201
0.970000000000001	19	4	1.56277056277056	0	1.26375144172608	0	0.99064094369238	0.438819149407492	4.24765355033333	0.402879189285714	3.04313556776567
0.980000000000001	19	4	1.56277056277056	0	1.26375144172608	0	0.99064094369238	0.438819149407492	4.24765355033333	0.402879189285714	3.04313556776567
0.990000000000001	19	4	1.56277056277056	0	1.26375144172608	0	0.99064094369238	0.438819149407493	4.24765355033333	0.402879189285714	3.04313556776567
1	19	4	1.56277056277056	0	1.26375144172608	0	0.99064094369238	0.438819149407493	4.24765355033333	0.402879189285714	3.04313556776567
1.01	19	4	1.56277056277056	0	1.26375144172608	0	0.99064094369238	0.438819149407492	4.24765355033333	0.402879189285714	3.04313556776567
1.02	19	4	1.56277056277056	0	1.26375144172608	0	0.99064094369238	0.438819149407492	4.24765355033333	0.402879189285714	3.04313556776567
1.03	19	4	1.56277056277056	0	1.26375144172608	0	0.99064094369238	0.438819149407492	4.24765355033333	0.402879189285714	3.04313556776567
1.04	19	4	1.56277056277056	0	1.26375144172608	0	0.99064094369238	0.438819149407493	4.24765355033333	0.402879189285714	3.04313556776567
1.05	19	4	1.56277056277056	0	1.26375144172608	0	0.99064094369238	0.438819149407493	4.24765355033333	0.402879189285714	3.04313556776567
1.06	19	4	1.56277056277056	0	1.26375144172608	0	0.99064094369238	0.438819149407492	4.24765355033333	0.402879189285714	3.04313556776567
1.07	19	4	1.56277056277056	0	1.26375144172608	0	0.99064094369238	0.438819149407492	4.24765355033333	0.402879189285714	3.04313556776567
1.08	19	4	1.56277056277056	0	1.26375144172608	0	0.99064094369238	0.438819149407493	4.24765355033333	0.402879189285714	3.04313556776567
1.09	19	4	1.56277056277056	0	1.26375144172608	0	0.99064094369238	0.438819149407493	4.24765355033333	0.402879189285714	3.04313556776567
1.1	19	4	1.56277056277056	0	1.26375144172608	0	0.99064094369238	0.438819149407493	4.24765355033333	0.402879189285714	3.04313556776567
1.11	19	4	1.56277056277056	0	1.26375144172608	0	0.99064094369238	0.438819149407493	4.24765355033333	0.402879189285714	3.04313556776567
1.12	19	4	1.56277056277056	0	1.26375144172608	0	0.99064094369238	0.438819149407492	4.24765355033333	0.402879189285714	3.04313556776567
1.13	19	4	1.56277056277056	0	1.26375144172608	0	0.99064094369238	0.438819149407492	4.24765355033333	0.402879189285714	3.04313556776567
1.14	19	4	1.56277056277056	0	1.26375144172608	0	0.99064094369238	0.438819149407492	4.24765355033333	0.402879189285714	3.04313556776567
1.15	19	4	1.56277056277056	0	1.26375144172608	0	0.99064094369238	0.438819149407492	4.24765355033333	0.402879189285714	3.04313556776567
1.16	19	4	1.56277056277056	0	1.26375144172608	0	0.99064094369238	0.438819149407493	4.24765355033333	0.402879189285714	3.04313556776567
1.17	19	4	1.56277056277056	0	1.26375144172608	0	0.99064094369238	0.438819149407493	4.24765355033333	0.402879189285714	3.04313556776567
1.18	19	4	1.56277056277056	0	1.26375144172608	0	0.99064094369238	0.438819149407492	4.24765355033333	0.402879189285714	3.04313556776567
1.19	19	4	1.56277056277056	0	1.26375144172608	0	0.99064094369238	0.438819149407493	4.24765355033333	0.402879189285714	3.04313556776567
1.2	19	4	1.56277056277056	0	1.26375144172608	0	0.99064094369238	0.438819149407493	4.24765355033333	0.402879189285714	3.04313556776567
1.21	19	4	1.56277056277056	0	1.26375144172608	0	0.99064094369238	0.438819149407492	4.24765355033333	0.402879189285714	3.04313556776567
1.22	19	4	1.56277056277056	0	1.26375144172608	0	0.99064094369238	0.438819149407493	4.24765355033333	0.402879189285714	3.04313556776567
1.23	19	4	1.56277056277056	0	1.26375144172608	0	0.99064094369238	0.438819149407492	4.24765355033333	0.402879189285714	3.04313556776567
1.24	19	4	1.56277056277056	0	1.26375144172608	0	0.99064094369238	0.438819149407493	4.24765355033333	0.402879189285714	3.04313556776567
1.25	19	4	1.56277056277056	0	1.26375144172608	0	0.99064094369238	0.438819149407492	4.24765355033333	0.402879189285714	3.04313556776567
1.26	19	4	1.56277056277056	0	1.26375144172608	0	0.99064094369238	0.438819149407492	4.24765355033333	0.402879189285714	3.04313556776567
1.27	19	4	1.56277056277056	0	1.26375144172608	0	0.99064094369238	0.438819149407493	4.24765355033333	0.402879189285714	3.04313556776567
1.28	19	4	1.56277056277056	0	1.26375144172608	0	0.99064094369238	0.438819149407492	4.24765355033333	0.402879189285714	3.04313556776567
1.29	19	4	1.56277056277056	0	1.26375144172608	0	0.99064094369238	0.438819149407492	4.24765355033333	0.402879189285714	3.04313556776567
1.3	19	4	1.56277056277056	0	1.26375144172608	0	0.99064094369238	0.438819149407493	4.24765355033333	0.402879189285714	3.04313556776567
1.31	19	4	1.56277056277056	0	1.26375144172608	0	0.99064094369238	0.438819149407492	4.24765355033333	0.402879189285714	3.04313556776567
1.32	19	4	1.56277056277056	0	1.26375144172608	0	0.99064094369238	0.438819149407492	4.24765355033333	0.402879189285714	3.04313556776567
1.33	19	4	1.56277056277056	0	1.26375144172608	0	0.99064094369238	0.438819149407493	4.24765355033333	0.402879189285714	3.04313556776567
1.34	19	4	1.56277056277056	0	1.26375144172608	0	0.99064094369238	0.438819149407493	4.24765355033333	0.402879189285714	3.04313556776567
1.35	19	4	1.56277056277056	0	1.26375144172608	0	0.99064094369238	0.438819149407492	4.24765355033333	0.402879189285714	3.04313556776567
1.36	19	4	1.56277056277056	0	1.26375144172608	0	0.99064094369238	0.438819149407493	4.24765355033333	0.402879189285714	3.04313556776567
1.37	19	4	1.56277056277056	0	1.26375144172608	0	0.99064094369238	0.438819149407492	4.24765355033333	0.402879189285714	3.04313556776567
1.38	19	4	1.56277056277056	0	1.26375144172608	0	0.99064094369238	0.438819149407492	4.24765355033333	0.402879189285714	3.04313556776567
1.39	19	4	1.56277056277056	0	1.26375144172608	0	0.99064094369238	0.438819149407493	4.24765355033333	0.402879189285714	3.04313556776567
1.4	19	4	1.56277056277056	0	1.26375144172608	0	0.99064094369238	0.438819149407493	4.24765355033333	0.402879189285714	3.04313556776567
1.41	19	4	1.56277056277056	0	1.26375144172608	0	0.99064094369238	0.438819149407493	4.24765355033333	0.402879189285714	3.04313556776567
1.42	19	4	1.56277056277056	0	1.26375144172608	0	0.99064094369238	0.438819149407493	4.24765355033333	0.402879189285714	3.04313556776567
1.43	19	4	1.56277056277056	0	1.26375144172608	0	0.99064094369238	0.438819149407492	4.24765355033333	0.402879189285714	3.04313556776567
1.44	19	4	1.56277056277056	0	1.26375144172608	0	0.99064094369238	0.438819149407492	4.24765355033333	0.402879189285714	3.04313556776567
1.45	19	4	1.56277056277056	0	1.26375144172608	0	0.99064094369238	0.438819149407493	4.24765355033333	0.402879189285714	3.04313556776567
1.46	19	4	1.56277056277056	0	1.26375144172608	0	0.99064094369238	0.438819149407493	4.24765355033333	0.402879189285714	3.04313556776567
1.47	19	4	1.56277056277056	0	1.26375144172608	0	0.99064094369238	0.438819149407493	4.24765355033333	0.402879189285714	3.04313556776567
1.48	19	4	1.56277056277056	0	1.26375144172608	0	0.99064094369238	0.438819149407493	4.24765355033333	0.402879189285714	3.04313556776567
1.49	19	4	1.56277056277056	0	1.26375144172608	0	0.99064094369238	0.438819149407493	4.24765355033333	0.402879189285714	3.04313556776567
1.5	19	4	1.56277056277056	0	1.26375144172608	0	0.99064094369238	0.438819149407493	4.24765355033333	0.402879189285714	3.04313556776567
1.51	19	4	1.56277056277056	0	1.26375144172608	0	0.99064094369238	0.438819149407492	4.24765355033333	0.402879189285714	3.04313556776567
1.52	19	4	1.56277056277056	0	1.26375144172608	0	0.99064094369238	0.438819149407492	4.24765355033333	0.402879189285714	3.04313556776567
1.53	19	4	1.56277056277056	0	1.26375144172608	0	0.99064094369238	0.438819149407493	4.24765355033333	0.402879189285714	3.04313556776567
1.54	19	4	1.56277056277056	0	1.26375144172608	0	0.99064094369238	0.438819149407492	4.24765355033333	0.402879189285714	3.04313556776567
1.55	19	4	1.56277056277056	0	1.26375144172608	0	0.99064094369238	0.438819149407493	4.24765355033333	0.402879189285714	3.04313556776567
1.56	19	4	1.56277056277056	0	1.26375144172608	0	0.99064094369238	0.438819149407492	4.24765355033333	0.402879189285714	3.04313556776567
1.57	19	4	1.56277056277056	0	1.26375144172608	0	0.99064094369238	0.438819149407493	4.24765355033333	0.402879189285714	3.04313556776567
1.58	19	4	1.56277056277056	0	1.26375144172608	0	0.99064094369238	0.438819149407493	4.24765355033333	0.402879189285714	3.04313556776567
1.59	19	4	1.56277056277056	0	1.26375144172608	0	0.99064094369238	0.438819149407492	4.24765355033333	0.402879189285714	3.04313556776567
1.6	19	4	1.56277056277056	0	1.26375144172608	0	0.99064094369238	0.438819149407493	4.24765355033333	0.402879189285714	3.04313556776567
1.61	19	4	1.56277056277056	0	1.26375144172608	0	0.99064094369238	0.438819149407492	4.24765355033333	0.402879189285714	3.04313556776567
1.62	19	4	1.56277056277056	0	1.26375144172608	0	0.99064094369238	0.438819149407493	4.24765355033333	0.402879189285714	3.04313556776567
1.63	19	4	1.56277056277056	0	1.26375144172608	0	0.99064094369238	0.438819149407492	4.24765355033333	0.402879189285714	3.04313556776567
1.64	19	4	1.56277056277056	0	1.26375144172608	0	0.99064094369238	0.438819149407492	4.24765355033333	0.402879189285714	3.04313556776567
1.65	19	4	1.56277056277056	0	1.26375144172608	0	0.99064094369238	0.438819149407492	4.24765355033333	0.402879189285714	3.04313556776567
1.66	19	4	1.56277056277056	0	1.26375144172608	0	0.99064094369238	0.438819149407492	4.24765355033333	0.402879189285714	3.04313556776567
1.67	19	4	1.56277056277056	0	1.26375144172608	0	0.99064094369238	0.438819149407492	4.24765355033333	0.402879189285714	3.04313556776567
1.68	19	4	1.56277056277056	0	1.26375144172608	0	0.99064094369238	0.438819149407492	4.24765355033333	0.402879189285714	3.04313556776567
1.69	19	4	1.56277056277056	0	1.26375144172608	0	0.99064094369238	0.438819149407492	4.24765355033333	0.402879189285714	3.04313556776567
1.7	19	4	1.56277056277056	0	1.26375144172608	0	0.99064094369238	0.438819149407493	4.24765355033333	0.402879189285714	3.04313556776567
1.71	19	4	1.56277056277056	0	1.26375144172608	0	0.99064094369238	0.438819149407492	4.24765355033333	0.402879189285714	3.04313556776567
1.72	19	4	1.56277056277056	0	1.26375144172608	0	0.99064094369238	0.438819149407493	4.24765355033333	0.402879189285714	3.04313556776567
1.73	19	4	1.56277056277056	0	1.26375144172608	0	0.99064094369238	0.438819149407493	4.24765355033333	0.402879189285714	3.04313556776567
1.74	19	4	1.56277056277056	0	1.26375144172608	0	0.99064094369238	0.438819149407492	4.24765355033333	0.402879189285714	3.04313556776567
1.75	19	4	1.56277056277056	0	1.26375144172608	0	0.99064094369238	0.438819149407492	4.24765355033333	0.402879189285714	3.04313556776567
1.76	19	4	1.56277056277056	0	1.26375144172608	0	0.99064094369238	0.438819149407493	4.24765355033333	0.402879189285714	3.04313556776567
1.77	19	4	1.56277056277056	0	1.26375144172608	0	0.99064094369238	0.438819149407493	4.24765355033333	0.402879189285714	3.04313556776567
1.78	19	4	1.56277056277056	0	1.26375144172608	0	0.99064094369238	0.438819149407492	4.24765355033333	0.402879189285714	3.04313556776567
1.79	19	4	1.56277056277056	0	1.26375144172608	0	0.99064094369238	0.438819149407493	4.24765355033333	0.402879189285714	3.04313556776567
1.8	19	4	1.56277056277056	0	1.26375144172608	0	0.99064094369238	0.438819149407492	4.24765355033333	0.402879189285714	3.04313556776567
1.81	19	4	1.56277056277056	0	1.26375144172608	0	0.99064094369238	0.438819149407492	4.24765355033333	0.402879189285714	3.04313556776567
1.82	19	4	1.56277056277056	0	1.26375144172608	0	0.99064094369238	0.438819149407493	4.24765355033333	0.402879189285714	3.04313556776567
1.83	19	4	1.56277056277056	0	1.26375144172608	0	0.99064094369238	0.438819149407492	4.24765355033333	0.402879189285714	3.04313556776567
1.84	19	4	1.56277056277056	0	1.26375144172608	0	0.99064094369238	0.438819149407493	4.24765355033333	0.402879189285714	3.04313556776567
1.85	19	4	1.56277056277056	0	1.26375144172608	0	0.99064094369238	0.438819149407493	4.24765355033333	0.402879189285714	3.04313556776567
1.86	19	4	1.56277056277056	0	1.26375144172608	0	0.99064094369238	0.438819149407492	4.24765355033333	0.402879189285714	3.04313556776567
1.87	19	4	1.56277056277056	0	1.26375144172608	0	0.99064094369238	0.438819149407492	4.24765355033333	0.402879189285714	3.04313556776567
1.88	19	4	1.56277056277056	0	1.26375144172608	0	0.99064094369238	0.438819149407493	4.24765355033333	0.402879189285714	3.04313556776567
1.89	19	4	1.56277056277056	0	1.26375144172608	0	0.99064094369238	0.438819149407493	4.24765355033333	0.402879189285714	3.04313556776567
1.9	19	4	1.56277056277056	0	1.26375144172608	0	0.99064094369238	0.438819149407493	4.24765355033333	0.402879189285714	3.04313556776567
1.91	19	4	1.56277056277056	0	1.26375144172608	0	0.99064094369238	0.438819149407493	4.24765355033333	0.402879189285714	3.04313556776567
1.92	19	4	1.56277056277056	0	1.26375144172608	0	0.99064094369238	0.438819149407492	4.24765355033333	0.402879189285714	3.04313556776567
1.93	19	4	1.56277056277056	0	1.26375144172608	0	0.99064094369238	0.438819149407492	4.24765355033333	0.402879189285714	3.04313556776567
1.94	19	4	1.56277056277056	0	1.26375144172608	0	0.99064094369238	0.438819149407493	4.24765355033333	0.402879189285714	3.04313556776567
1.95	19	4	1.56277056277056	0	1.26375144172608	0	0.99064094369238	0.438819149407492	4.24765355033333	0.402879189285714	3.04313556776567
1.96	19	4	1.56277056277056	0	1.26375144172608	0	0.99064094369238	0.438819149407492	4.24765355033333	0.402879189285714	3.04313556776567
1.97	19	4	1.56277056277056	0	1.26375144172608	0	0.99064094369238	0.438819149407492	4.24765355033333	0.402879189285714	3.04313556776567
1.98	19	4	1.56277056277056	0	1.26375144172608	0	0.99064094369238	0.438819149407492	4.24765355033333	0.402879189285714	3.04313556776567
1.99	19	4	1.56277056277056	0	1.26375144172608	0	0.99064094369238	0.438819149407492	4.24765355033333	0.402879189285714	3.04313556776567
2	19	4	1.56277056277056	0	1.26375144172608	0	0.99064094369238	0.438819149407492	4.24765355033333	0.402879189285714	3.04313556776567
2.01	19	4	1.56277056277056	0	1.26375144172608	0	0.99064094369238	0.438819149407492	4.24765355033333	0.402879189285714	3.04313556776567
2.02	19	4	1.56277056277056	0	1.26375144172608	0	0.99064094369238	0.438819149407493	4.24765355033333	0.402879189285714	3.04313556776567
2.03	19	4	1.56277056277056	0	1.26375144172608	0	0.99064094369238	0.438819149407493	4.24765355033333	0.402879189285714	3.04313556776567
2.04	19	4	1.56277056277056	0	1.26375144172608	0	0.99064094369238	0.438819149407492	4.24765355033333	0.402879189285714	3.04313556776567
2.05	19	4	1.56277056277056	0	1.26375144172608	0	0.99064094369238	0.438819149407493	4.24765355033333	0.402879189285714	3.04313556776567
2.06	19	4	1.56277056277056	0	1.26375144172608	0	0.99064094369238	0.438819149407493	4.24765355033333	0.402879189285714	3.04313556776567
2.07	19	4	1.56277056277056	0	1.26375144172608	0	0.99064094369238	0.438819149407493	4.24765355033333	0.402879189285714	3.04313556776567
2.08	19	4	1.56277056277056	0	1.26375144172608	0	0.99064094369238	0.438819149407493	4.24765355033333	0.402879189285714	3.04313556776567
2.09	19	4	1.56277056277056	0	1.26375144172608	0	0.99064094369238	0.438819149407493	4.24765355033333	0.402879189285714	3.04313556776567
2.1	19	4	1.56277056277056	0	1.26375144172608	0	0.99064094369238	0.438819149407493	4.24765355033333	0.402879189285714	3.04313556776567
2.11	19	4	1.56277056277056	0	1.26375144172608	0	0.99064094369238	0.438819149407493	4.24765355033333	0.402879189285714	3.04313556776567
2.12	19	4	1.56277056277056	0	1.26375144172608	0	0.99064094369238	0.438819149407493	4.24765355033333	0.402879189285714	3.04313556776567
2.13	19	4	1.56277056277056	0	1.26375144172608	0	0.99064094369238	0.438819149407493	4.24765355033333	0.402879189285714	3.04313556776567
2.14	19	4	1.56277056277056	0	1.26375144172608	0	0.99064094369238	0.438819149407492	4.24765355033333	0.402879189285714	3.04313556776567
2.15	19	4	1.56277056277056	0	1.26375144172608	0	0.99064094369238	0.438819149407492	4.24765355033333	0.402879189285714	3.04313556776567
2.16	19	4	1.56277056277056	0	1.26375144172608	0	0.99064094369238	0.438819149407492	4.24765355033333	0.402879189285714	3.04313556776567
2.17	19	4	1.56277056277056	0	1.26375144172608	0	0.99064094369238	0.438819149407493	4.24765355033333	0.402879189285714	3.04313556776567
2.18	19	4	1.56277056277056	0	1.26375144172608	0	0.99064094369238	0.438819149407492	4.24765355033333	0.402879189285714	3.04313556776567
2.19	19	4	1.56277056277056	0	1.26375144172608	0	0.99064094369238	0.438819149407492	4.24765355033333	0.402879189285714	3.04313556776567
2.2	19	4	1.56277056277056	0	1.26375144172608	0	0.99064094369238	0.438819149407493	4.24765355033333	0.402879189285714	3.04313556776567
2.21	19	4	1.56277056277056	0	1.26375144172608	0	0.99064094369238	0.438819149407492	4.24765355033333	0.402879189285714	3.04313556776567
2.22	19	4	1.56277056277056	0	1.26375144172608	0	0.99064094369238	0.438819149407492	4.24765355033333	0.402879189285714	3.04313556776567
2.23	19	4	1.56277056277056	0	1.26375144172608	0	0.99064094369238	0.438819149407492	4.24765355033333	0.402879189285714	3.04313556776567
2.24	19	4	1.56277056277056	0	1.26375144172608	0	0.99064094369238	0.438819149407492	4.24765355033333	0.402879189285714	3.04313556776567
2.25	19	4	1.56277056277056	0	1.26375144172608	0	0.99064094369238	0.438819149407492	4.24765355033333	0.402879189285714	3.04313556776567
2.26	19	4	1.56277056277056	0	1.26375144172608	0	0.99064094369238	0.438819149407493	4.24765355033333	0.402879189285714	3.04313556776567
2.27	19	4	1.56277056277056	0	1.26375144172608	0	0.99064094369238	0.438819149407493	4.24765355033333	0.402879189285714	3.04313556776567
2.28	19	4	1.56277056277056	0	1.26375144172608	0	0.99064094369238	0.438819149407493	4.24765355033333	0.402879189285714	3.04313556776567
2.29	19	4	1.56277056277056	0	1.26375144172608	0	0.99064094369238	0.438819149407493	4.24765355033333	0.402879189285714	3.04313556776567
2.29999999999999	19	4	1.56277056277056	0	1.26375144172608	0	0.99064094369238	0.438819149407492	4.24765355033333	0.402879189285714	3.04313556776567
2.30999999999999	19	4	1.56277056277056	0	1.26375144172608	0	0.99064094369238	0.438819149407493	4.24765355033333	0.402879189285714	3.04313556776567
2.31999999999999	19	4	1.56277056277056	0	1.26375144172608	0	0.99064094369238	0.438819149407492	4.24765355033333	0.402879189285714	3.04313556776567
2.32999999999999	19	4	1.56277056277056	0	1.26375144172608	0	0.99064094369238	0.438819149407492	4.24765355033333	0.402879189285714	3.04313556776567
2.33999999999999	19	4	1.56277056277056	0	1.26375144172608	0	0.99064094369238	0.438819149407492	4.24765355033333	0.402879189285714	3.04313556776567
2.34999999999999	19	4	1.56277056277056	0	1.26375144172608	0	0.99064094369238	0.438819149407492	4.24765355033333	0.402879189285714	3.04313556776567
2.35999999999999	19	4	1.56277056277056	0	1.26375144172608	0	0.99064094369238	0.438819149407493	4.24765355033333	0.402879189285714	3.04313556776567
2.36999999999999	19	4	1.56277056277056	0	1.26375144172608	0	0.99064094369238	0.438819149407492	4.24765355033333	0.402879189285714	3.04313556776567
2.37999999999999	19	4	1.56277056277056	0	1.26375144172608	0	0.99064094369238	0.438819149407492	4.24765355033333	0.402879189285714	3.04313556776567
2.38999999999999	19	4	1.56277056277056	0	1.26375144172608	0	0.99064094369238	0.438819149407493	4.24765355033333	0.402879189285714	3.04313556776567
2.39999999999999	19	4	1.56277056277056	0	1.26375144172608	0	0.99064094369238	0.438819149407492	4.24765355033333	0.402879189285714	3.04313556776567
2.40999999999999	19	4	1.56277056277056	0	1.26375144172608	0	0.99064094369238	0.438819149407492	4.24765355033333	0.402879189285714	3.04313556776567
2.41999999999999	19	4	1.56277056277056	0	1.26375144172608	0	0.99064094369238	0.438819149407492	4.24765355033333	0.402879189285714	3.04313556776567
2.42999999999999	19	4	1.56277056277056	0	1.26375144172608	0	0.99064094369238	0.438819149407492	4.24765355033333	0.402879189285714	3.04313556776567
2.43999999999999	19	4	1.56277056277056	0	1.26375144172608	0	0.99064094369238	0.438819149407493	4.24765355033333	0.402879189285714	3.04313556776567
2.44999999999999	19	4	1.56277056277056	0	1.26375144172608	0	0.99064094369238	0.438819149407493	4.24765355033333	0.402879189285714	3.04313556776567
2.45999999999999	19	4	1.56277056277056	0	1.26375144172608	0	0.99064094369238	0.438819149407493	4.24765355033333	0.402879189285714	3.04313556776567
2.46999999999999	19	4	1.56277056277056	0	1.26375144172608	0	0.99064094369238	0.438819149407493	4.24765355033333	0.402879189285714	3.04313556776567
2.47999999999999	19	4	1.56277056277056	0	1.26375144172608	0	0.99064094369238	0.438819149407492	4.24765355033333	0.402879189285714	3.04313556776567
2.48999999999999	19	4	1.56277056277056	0	1.26375144172608	0	0.99064094369238	0.438819149407493	4.24765355033333	0.402879189285714	3.04313556776567
2.49999999999999	19	4	1.56277056277056	0	1.26375144172608	0	0.99064094369238	0.438819149407493	4.24765355033333	0.402879189285714	3.04313556776567
2.50999999999999	19	4	1.56277056277056	0	1.26375144172608	0	0.99064094369238	0.438819149407493	4.24765355033333	0.402879189285714	3.04313556776567
2.51999999999999	19	4	1.56277056277056	0	1.26375144172608	0	0.99064094369238	0.438819149407493	4.24765355033333	0.402879189285714	3.04313556776567
2.52999999999999	19	4	1.56277056277056	0	1.26375144172608	0	0.99064094369238	0.438819149407492	4.24765355033333	0.402879189285714	3.04313556776567
2.53999999999999	19	4	1.56277056277056	0	1.26375144172608	0	0.99064094369238	0.438819149407493	4.24765355033333	0.402879189285714	3.04313556776567
2.54999999999999	19	4	1.56277056277056	0	1.26375144172608	0	0.99064094369238	0.438819149407492	4.24765355033333	0.402879189285714	3.04313556776567
2.55999999999999	19	4	1.56277056277056	0	1.26375144172608	0	0.99064094369238	0.438819149407493	4.24765355033333	0.402879189285714	3.04313556776567
2.56999999999999	19	4	1.56277056277056	0	1.26375144172608	0	0.99064094369238	0.438819149407493	4.24765355033333	0.402879189285714	3.04313556776567
2.57999999999999	19	4	1.56277056277056	0	1.26375144172608	0	0.99064094369238	0.438819149407492	4.24765355033333	0.402879189285714	3.04313556776567
2.58999999999999	19	4	1.56277056277056	0	1.26375144172608	0	0.99064094369238	0.438819149407493	4.24765355033333	0.402879189285714	3.04313556776567
2.59999999999999	19	3	1.53617021276596	0	1.28703119394484	0.518175414423506	1.21141389856452	0.144326017105552	4.49678056711111	0.94702591015873	1.75729426269965
2.60999999999999	19	3	1.53617021276596	0	1.28703119394484	0.518175414423506	1.21141389856452	0.144326017105552	4.49678056711111	0.94702591015873	1.75729426269965
2.61999999999999	19	3	1.53617021276596	0	1.28703119394484	0.518175414423506	1.21141389856452	0.144326017105552	4.49678056711111	0.94702591015873	1.75729426269965
2.62999999999999	19	3	1.53617021276596	0	1.28703119394484	0.518175414423506	1.21141389856452	0.144326017105552	4.49678056711111	0.94702591015873	1.75729426269965
2.63999999999999	19	3	1.53617021276596	0	1.28703119394484	0.518175414423506	1.21141389856452	0.144326017105552	4.49678056711111	0.94702591015873	1.75729426269965
2.64999999999999	19	3	1.53617021276596	0	1.28703119394484	0.518175414423506	1.21141389856452	0.144326017105552	4.49678056711111	0.94702591015873	1.75729426269965
2.65999999999999	19	3	1.53617021276596	0	1.28703119394484	0.518175414423506	1.21141389856452	0.144326017105552	4.49678056711111	0.94702591015873	1.75729426269965
2.66999999999999	19	3	1.53617021276596	0	1.28703119394484	0.518175414423506	1.21141389856452	0.144326017105552	4.49678056711111	0.94702591015873	1.75729426269965
2.67999999999999	19	3	1.53617021276596	0	1.28703119394484	0.518175414423506	1.21141389856452	0.144326017105552	4.49678056711111	0.94702591015873	1.75729426269965
2.68999999999999	19	3	1.53617021276596	0	1.28703119394484	0.518175414423506	1.21141389856452	0.144326017105552	4.49678056711111	0.94702591015873	1.75729426269965
2.69999999999999	19	3	1.53617021276596	0	1.28703119394484	0.518175414423506	1.21141389856452	0.144326017105552	4.49678056711111	0.94702591015873	1.75729426269965
2.70999999999999	19	3	1.53617021276596	0	1.28703119394484	0.518175414423506	1.21141389856452	0.144326017105552	4.49678056711111	0.94702591015873	1.75729426269965
2.71999999999999	19	3	1.53617021276596	0	1.28703119394484	0.518175414423506	1.21141389856452	0.144326017105552	4.49678056711111	0.94702591015873	1.75729426269965
2.72999999999999	19	3	1.53617021276596	0	1.28703119394484	0.518175414423506	1.21141389856452	0.144326017105552	4.49678056711111	0.94702591015873	1.75729426269965
2.73999999999999	19	3	1.53617021276596	0	1.28703119394484	0.518175414423506	1.21141389856452	0.144326017105552	4.49678056711111	0.94702591015873	1.75729426269965
2.74999999999999	19	3	1.53617021276596	0	1.28703119394484	0.518175414423506	1.21141389856452	0.144326017105552	4.49678056711111	0.94702591015873	1.75729426269965
2.75999999999999	19	3	1.53617021276596	0	1.28703119394484	0.518175414423506	1.21141389856452	0.144326017105552	4.49678056711111	0.94702591015873	1.75729426269965
2.76999999999998	19	3	1.53617021276596	0	1.28703119394484	0.518175414423506	1.21141389856452	0.144326017105552	4.49678056711111	0.94702591015873	1.75729426269965
2.77999999999998	19	3	1.53617021276596	0	1.28703119394484	0.518175414423506	1.21141389856452	0.144326017105552	4.49678056711111	0.94702591015873	1.75729426269965
2.78999999999998	19	3	1.53617021276596	0	1.28703119394484	0.518175414423506	1.21141389856452	0.144326017105552	4.49678056711111	0.94702591015873	1.75729426269965
2.79999999999998	19	3	1.53617021276596	0	1.28703119394484	0.518175414423506	1.21141389856452	0.144326017105552	4.49678056711111	0.94702591015873	1.75729426269965
2.80999999999998	19	3	1.53617021276596	0	1.28703119394484	0.518175414423506	1.21141389856452	0.144326017105552	4.49678056711111	0.94702591015873	1.75729426269965
2.81999999999998	19	3	1.53617021276596	0	1.28703119394484	0.518175414423506	1.21141389856452	0.144326017105552	4.49678056711111	0.94702591015873	1.75729426269965
2.82999999999998	19	3	1.53617021276596	0	1.28703119394484	0.518175414423506	1.21141389856452	0.144326017105552	4.49678056711111	0.94702591015873	1.75729426269965
2.83999999999998	19	3	1.53617021276596	0	1.28703119394484	0.518175414423506	1.21141389856452	0.144326017105552	4.49678056711111	0.94702591015873	1.75729426269965
2.84999999999998	19	3	1.53617021276596	0	1.28703119394484	0.518175414423506	1.21141389856452	0.144326017105552	4.49678056711111	0.94702591015873	1.75729426269965
2.85999999999998	19	3	1.53617021276596	0	1.28703119394484	0.518175414423506	1.21141389856452	0.144326017105552	4.49678056711111	0.94702591015873	1.75729426269965
2.86999999999998	19	3	1.53617021276596	0	1.28703119394484	0.518175414423506	1.21141389856452	0.144326017105552	4.49678056711111	0.94702591015873	1.75729426269965
2.87999999999998	19	3	1.53617021276596	0	1.28703119394484	0.518175414423506	1.21141389856452	0.144326017105552	4.49678056711111	0.94702591015873	1.75729426269965
2.88999999999998	19	3	1.53617021276596	0	1.28703119394484	0.518175414423506	1.21141389856452	0.144326017105552	4.49678056711111	0.94702591015873	1.75729426269965
2.89999999999998	19	3	1.53617021276596	0	1.28703119394484	0.518175414423506	1.21141389856452	0.144326017105552	4.49678056711111	0.94702591015873	1.75729426269965
2.90999999999998	19	3	1.53617021276596	0	1.28703119394484	0.518175414423506	1.21141389856452	0.144326017105552	4.49678056711111	0.94702591015873	1.75729426269965
2.91999999999998	19	3	1.53617021276596	0	1.28703119394484	0.518175414423506	1.21141389856452	0.144326017105552	4.49678056711111	0.94702591015873	1.75729426269965
2.92999999999998	19	3	1.53617021276596	0	1.28703119394484	0.518175414423506	1.21141389856452	0.144326017105552	4.49678056711111	0.94702591015873	1.75729426269965
2.93999999999998	19	3	1.53617021276596	0	1.28703119394484	0.518175414423506	1.21141389856452	0.144326017105552	4.49678056711111	0.94702591015873	1.75729426269965
2.94999999999998	19	3	1.53617021276596	0	1.28703119394484	0.518175414423506	1.21141389856452	0.144326017105552	4.49678056711111	0.94702591015873	1.75729426269965
2.95999999999998	19	3	1.53617021276596	0	1.28703119394484	0.518175414423506	1.21141389856452	0.144326017105552	4.49678056711111	0.94702591015873	1.75729426269965
2.96999999999998	19	3	1.53617021276596	0	1.28703119394484	0.518175414423506	1.21141389856452	0.144326017105552	4.49678056711111	0.94702591015873	1.75729426269965
2.97999999999998	19	3	1.53617021276596	0	1.28703119394484	0.518175414423506	1.21141389856452	0.144326017105552	4.49678056711111	0.94702591015873	1.75729426269965
2.98999999999998	19	3	1.53617021276596	0	1.28703119394484	0.518175414423506	1.21141389856452	0.144326017105552	4.49678056711111	0.94702591015873	1.75729426269965
2.99999999999998	19	3	1.53617021276596	0	1.28703119394484	0.518175414423506	1.21141389856452	0.144326017105552	4.49678056711111	0.94702591015873	1.75729426269965
3.00999999999998	19	3	1.53617021276596	0	1.28703119394484	0.518175414423506	1.21141389856452	0.144326017105552	4.49678056711111	0.94702591015873	1.75729426269965
3.01999999999998	19	3	1.53617021276596	0	1.28703119394484	0.518175414423506	1.21141389856452	0.144326017105552	4.49678056711111	0.94702591015873	1.75729426269965
3.02999999999998	19	3	1.53617021276596	0	1.28703119394484	0.518175414423506	1.21141389856452	0.144326017105552	4.49678056711111	0.94702591015873	1.75729426269965
3.03999999999998	19	3	1.53617021276596	0	1.28703119394484	0.518175414423506	1.21141389856452	0.144326017105552	4.49678056711111	0.94702591015873	1.75729426269965
3.04999999999998	19	3	1.53617021276596	0	1.28703119394484	0.518175414423506	1.21141389856452	0.144326017105552	4.49678056711111	0.94702591015873	1.75729426269965
3.05999999999998	19	3	1.53617021276596	0	1.28703119394484	0.518175414423506	1.21141389856452	0.144326017105552	4.49678056711111	0.94702591015873	1.75729426269965
3.06999999999998	19	3	1.53617021276596	0	1.28703119394484	0.518175414423506	1.21141389856452	0.144326017105552	4.49678056711111	0.94702591015873	1.75729426269965
3.07999999999998	19	3	1.53617021276596	0	1.28703119394484	0.518175414423506	1.21141389856452	0.144326017105552	4.49678056711111	0.94702591015873	1.75729426269965
3.08999999999998	19	3	1.53617021276596	0	1.28703119394484	0.518175414423506	1.21141389856452	0.144326017105552	4.49678056711111	0.94702591015873	1.75729426269965
3.09999999999998	19	3	1.53617021276596	0	1.28703119394484	0.518175414423506	1.21141389856452	0.144326017105552	4.49678056711111	0.94702591015873	1.75729426269965
3.10999999999998	19	3	1.53617021276596	0	1.28703119394484	0.518175414423506	1.21141389856452	0.144326017105552	4.49678056711111	0.94702591015873	1.75729426269965
3.11999999999998	19	3	1.53617021276596	0	1.28703119394484	0.518175414423506	1.21141389856452	0.144326017105552	4.49678056711111	0.94702591015873	1.75729426269965
3.12999999999998	19	3	1.53617021276596	0	1.28703119394484	0.518175414423506	1.21141389856452	0.144326017105552	4.49678056711111	0.94702591015873	1.75729426269965
3.13999999999998	19	3	1.24054982817869	0	1.46741243248501	0.182125100357154	1.08562438635424	0.353497554467029	4.52784276352941	0.460526674068627	2.62031935392085
3.14999999999998	19	3	1.24054982817869	0	1.46741243248501	0.182125100357154	1.08562438635424	0.353497554467029	4.52784276352941	0.460526674068628	2.62031935392085
3.15999999999998	19	3	1.24054982817869	0	1.46741243248501	0.182125100357154	1.08562438635424	0.353497554467029	4.52784276352941	0.460526674068628	2.62031935392085
3.16999999999998	19	3	1.24054982817869	0	1.46741243248501	0.182125100357154	1.08562438635424	0.353497554467029	4.52784276352941	0.460526674068628	2.62031935392085
3.17999999999998	19	3	1.24054982817869	0	1.46741243248501	0.182125100357154	1.08562438635424	0.353497554467029	4.52784276352941	0.460526674068627	2.62031935392085
3.18999999999998	19	3	1.24054982817869	0	1.46741243248501	0.182125100357154	1.08562438635424	0.353497554467029	4.52784276352941	0.460526674068628	2.62031935392085
3.19999999999998	19	3	1.24054982817869	0	1.46741243248501	0.182125100357154	1.08562438635424	0.353497554467029	4.52784276352941	0.460526674068628	2.62031935392085
3.20999999999998	19	3	1.24054982817869	0	1.46741243248501	0.182125100357154	1.08562438635424	0.353497554467029	4.52784276352941	0.460526674068628	2.62031935392085
3.21999999999998	19	3	1.24054982817869	0	1.46741243248501	0.182125100357154	1.08562438635424	0.353497554467029	4.52784276352941	0.460526674068627	2.62031935392085
3.22999999999998	19	3	1.24054982817869	0	1.46741243248501	0.182125100357154	1.08562438635424	0.353497554467029	4.52784276352941	0.460526674068627	2.62031935392085
3.23999999999997	19	3	1.24054982817869	0	1.46741243248501	0.182125100357154	1.08562438635424	0.353497554467029	4.52784276352941	0.460526674068627	2.62031935392085
3.24999999999997	19	3	1.24054982817869	0	1.46741243248501	0.182125100357154	1.08562438635424	0.353497554467029	4.52784276352941	0.460526674068628	2.62031935392085
3.25999999999997	19	3	1.24054982817869	0	1.46741243248501	0.182125100357154	1.08562438635424	0.353497554467029	4.52784276352941	0.460526674068628	2.62031935392085
3.26999999999997	19	3	1.24054982817869	0	1.46741243248501	0.182125100357154	1.08562438635424	0.353497554467029	4.52784276352941	0.460526674068627	2.62031935392085
3.27999999999997	19	3	1.24054982817869	0	1.46741243248501	0.182125100357154	1.08562438635424	0.353497554467029	4.52784276352941	0.460526674068627	2.62031935392085
3.28999999999997	19	3	1.24054982817869	0	1.46741243248501	0.182125100357154	1.08562438635424	0.353497554467029	4.52784276352941	0.460526674068627	2.62031935392085
3.29999999999997	19	3	1.24054982817869	0	1.46741243248501	0.182125100357154	1.08562438635424	0.353497554467029	4.52784276352941	0.460526674068628	2.62031935392085
3.30999999999997	19	3	1.24054982817869	0	1.46741243248501	0.182125100357154	1.08562438635424	0.353497554467029	4.52784276352941	0.460526674068628	2.62031935392085
3.31999999999997	19	3	1.24054982817869	0	1.46741243248501	0.182125100357154	1.08562438635424	0.353497554467029	4.52784276352941	0.460526674068628	2.62031935392085
3.32999999999997	19	3	1.24054982817869	0	1.46741243248501	0.182125100357154	1.08562438635424	0.353497554467029	4.52784276352941	0.460526674068628	2.62031935392085
3.33999999999997	19	3	1.24054982817869	0	1.46741243248501	0.182125100357154	1.08562438635424	0.353497554467029	4.52784276352941	0.460526674068628	2.62031935392085
3.34999999999997	19	3	1.24054982817869	0	1.46741243248501	0.182125100357154	1.08562438635424	0.353497554467029	4.52784276352941	0.460526674068627	2.62031935392085
3.35999999999997	19	3	1.24054982817869	0	1.46741243248501	0.182125100357154	1.08562438635424	0.353497554467029	4.52784276352941	0.460526674068627	2.62031935392085
3.36999999999997	19	3	1.24054982817869	0	1.46741243248501	0.182125100357154	1.08562438635424	0.353497554467029	4.52784276352941	0.460526674068627	2.62031935392085
3.37999999999997	19	3	1.24054982817869	0	1.46741243248501	0.182125100357154	1.08562438635424	0.353497554467029	4.52784276352941	0.460526674068628	2.62031935392085
3.38999999999997	19	3	1.24054982817869	0	1.46741243248501	0.182125100357154	1.08562438635424	0.353497554467029	4.52784276352941	0.460526674068627	2.62031935392085
3.39999999999997	19	3	1.24054982817869	0	1.46741243248501	0.182125100357154	1.08562438635424	0.353497554467029	4.52784276352941	0.460526674068628	2.62031935392085
3.40999999999997	19	3	1.24054982817869	0	1.46741243248501	0.182125100357154	1.08562438635424	0.353497554467029	4.52784276352941	0.460526674068627	2.62031935392085
3.41999999999997	19	3	1.24054982817869	0	1.46741243248501	0.182125100357154	1.08562438635424	0.353497554467029	4.52784276352941	0.460526674068627	2.62031935392085
3.42999999999997	19	3	1.24054982817869	0	1.46741243248501	0.182125100357154	1.08562438635424	0.353497554467029	4.52784276352941	0.460526674068628	2.62031935392085
3.43999999999997	19	3	1.24054982817869	0	1.46741243248501	0.182125100357154	1.08562438635424	0.353497554467029	4.52784276352941	0.460526674068627	2.62031935392085
3.44999999999997	19	3	1.24054982817869	0	1.46741243248501	0.182125100357154	1.08562438635424	0.353497554467029	4.52784276352941	0.460526674068628	2.62031935392085
3.45999999999997	19	3	1.24054982817869	0	1.46741243248501	0.182125100357154	1.08562438635424	0.353497554467029	4.52784276352941	0.460526674068627	2.62031935392085
3.46999999999997	19	3	1.24054982817869	0	1.46741243248501	0.182125100357154	1.08562438635424	0.353497554467029	4.52784276352941	0.460526674068627	2.62031935392085
3.47999999999997	19	3	1.24054982817869	0	1.46741243248501	0.182125100357154	1.08562438635424	0.353497554467029	4.52784276352941	0.460526674068628	2.62031935392085
3.48999999999997	19	3	1.24054982817869	0	1.46741243248501	0.182125100357154	1.08562438635424	0.353497554467029	4.52784276352941	0.460526674068627	2.62031935392085
3.49999999999997	19	3	1.24054982817869	0	1.46741243248501	0.182125100357154	1.08562438635424	0.353497554467029	4.52784276352941	0.460526674068627	2.62031935392085
3.50999999999997	19	3	1.24054982817869	0	1.46741243248501	0.182125100357154	1.08562438635424	0.353497554467029	4.52784276352941	0.460526674068627	2.62031935392085
3.51999999999997	19	3	1.24054982817869	0	1.46741243248501	0.182125100357154	1.08562438635424	0.353497554467029	4.52784276352941	0.460526674068627	2.62031935392085
3.52999999999997	19	3	1.24054982817869	0	1.46741243248501	0.182125100357154	1.08562438635424	0.353497554467029	4.52784276352941	0.460526674068627	2.62031935392085
3.53999999999997	19	3	1.24054982817869	0	1.46741243248501	0.182125100357154	1.08562438635424	0.353497554467029	4.52784276352941	0.460526674068627	2.62031935392085
3.54999999999997	19	3	1.24054982817869	0	1.46741243248501	0.182125100357154	1.08562438635424	0.353497554467029	4.52784276352941	0.460526674068628	2.62031935392085
3.55999999999997	19	3	1.24054982817869	0	1.46741243248501	0.182125100357154	1.08562438635424	0.353497554467029	4.52784276352941	0.460526674068627	2.62031935392085
3.56999999999997	19	2	1.11076923076923	0	1	0.26200346674859	1	-1.52655665885959e-16	4.52098341611111	0.81515672493464	2.77307619370594
3.57999999999997	19	2	1.11076923076923	0	1	0.26200346674859	1	-1.11022302462516e-16	4.52098341611111	0.815156724934641	2.77307619370594
3.58999999999997	19	2	1.11076923076923	0	1	0.26200346674859	1	-1.11022302462516e-16	4.52098341611111	0.81515672493464	2.77307619370594
3.59999999999997	19	2	1.11076923076923	0	1	0.26200346674859	1	-1.11022302462516e-16	4.52098341611111	0.815156724934641	2.77307619370594
3.60999999999997	19	2	1.11076923076923	0	1	0.26200346674859	1	-1.11022302462516e-16	4.52098341611111	0.815156724934641	2.77307619370594
3.61999999999997	19	2	1.11076923076923	0	1	0.26200346674859	1	-1.11022302462516e-16	4.52098341611111	0.815156724934641	2.77307619370594
3.62999999999997	19	2	1.11076923076923	0	1	0.26200346674859	1	-1.11022302462516e-16	4.52098341611111	0.81515672493464	2.77307619370594
3.63999999999997	19	2	1.11076923076923	0	1	0.26200346674859	1	-1.11022302462516e-16	4.52098341611111	0.815156724934641	2.77307619370594
3.64999999999997	19	2	1.11076923076923	0	1	0.26200346674859	1	-1.52655665885959e-16	4.52098341611111	0.815156724934641	2.77307619370594
3.65999999999997	19	2	1.11076923076923	0	1	0.26200346674859	1	-1.52655665885959e-16	4.52098341611111	0.815156724934641	2.77307619370594
3.66999999999997	19	2	1.11076923076923	0	1	0.26200346674859	1	-1.11022302462516e-16	4.52098341611111	0.81515672493464	2.77307619370594
3.67999999999997	19	2	1.11076923076923	0	1	0.26200346674859	1	-1.11022302462516e-16	4.52098341611111	0.81515672493464	2.77307619370594
3.68999999999997	19	2	1.11076923076923	0	1	0.26200346674859	1	-1.11022302462516e-16	4.52098341611111	0.81515672493464	2.77307619370595
3.69999999999997	19	2	1.11076923076923	0	1	0.26200346674859	1	-1.11022302462516e-16	4.52098341611111	0.815156724934641	2.77307619370594
3.70999999999996	19	2	1.11076923076923	0	1	0.26200346674859	1	-1.52655665885959e-16	4.52098341611111	0.81515672493464	2.77307619370594
3.71999999999996	19	2	1.11076923076923	0	1	0.26200346674859	1	-1.52655665885959e-16	4.52098341611111	0.81515672493464	2.77307619370594
3.72999999999996	19	2	1.11076923076923	0	1	0.26200346674859	1	-1.11022302462516e-16	4.52098341611111	0.81515672493464	2.77307619370594
3.73999999999996	19	2	1.11076923076923	0	1	0.26200346674859	1	-1.11022302462516e-16	4.52098341611111	0.81515672493464	2.77307619370594
3.74999999999996	19	2	1.11076923076923	0	1	0.26200346674859	1	-1.52655665885959e-16	4.52098341611111	0.81515672493464	2.77307619370595
3.75999999999996	19	2	1.11076923076923	0	1	0.26200346674859	1	-1.52655665885959e-16	4.52098341611111	0.815156724934641	2.77307619370594
3.76999999999996	19	2	1.11076923076923	0	1	0.26200346674859	1	-1.11022302462516e-16	4.52098341611111	0.81515672493464	2.77307619370594
3.77999999999996	19	2	1.11076923076923	0	1	0.26200346674859	1	-1.52655665885959e-16	4.52098341611111	0.81515672493464	2.77307619370594
3.78999999999996	19	2	1.11076923076923	0	1	0.26200346674859	1	-1.11022302462516e-16	4.52098341611111	0.815156724934641	2.77307619370594
3.79999999999996	19	2	1.11076923076923	0	1	0.26200346674859	1	-1.11022302462516e-16	4.52098341611111	0.81515672493464	2.77307619370594
3.80999999999996	19	2	1.11076923076923	0	1	0.26200346674859	1	-1.52655665885959e-16	4.52098341611111	0.81515672493464	2.77307619370594
3.81999999999996	19	2	1.11076923076923	0	1	0.26200346674859	1	-1.11022302462516e-16	4.52098341611111	0.81515672493464	2.77307619370594
3.82999999999996	19	2	1.11076923076923	0	1	0.26200346674859	1	-1.11022302462516e-16	4.52098341611111	0.815156724934641	2.77307619370594
3.83999999999996	19	2	1.11076923076923	0	1	0.26200346674859	1	-1.52655665885959e-16	4.52098341611111	0.815156724934641	2.77307619370594
3.84999999999996	19	2	1.11076923076923	0	1	0.26200346674859	1	-1.52655665885959e-16	4.52098341611111	0.81515672493464	2.77307619370594
3.85999999999996	19	2	1.11076923076923	0	1	0.26200346674859	1	-1.52655665885959e-16	4.52098341611111	0.815156724934641	2.77307619370594
3.86999999999996	19	2	1.11076923076923	0	1	0.26200346674859	1	-1.11022302462516e-16	4.52098341611111	0.815156724934641	2.77307619370594
3.87999999999996	19	2	1.11076923076923	0	1	0.26200346674859	1	-1.52655665885959e-16	4.52098341611111	0.815156724934641	2.77307619370594
3.88999999999996	19	2	1.11076923076923	0	1	0.26200346674859	1	-1.52655665885959e-16	4.52098341611111	0.81515672493464	2.77307619370594
3.89999999999996	19	2	1.11076923076923	0	1	0.26200346674859	1	-1.11022302462516e-16	4.52098341611111	0.81515672493464	2.77307619370595
3.90999999999996	19	2	1.11076923076923	0	1	0.26200346674859	1	-1.52655665885959e-16	4.52098341611111	0.81515672493464	2.77307619370594
3.91999999999996	19	2	1.11076923076923	0	1	0.26200346674859	1	-1.11022302462516e-16	4.52098341611111	0.815156724934641	2.77307619370594
3.92999999999996	19	2	1.11076923076923	0	1	0.26200346674859	1	-1.52655665885959e-16	4.52098341611111	0.81515672493464	2.77307619370594
3.93999999999996	19	2	1.11076923076923	0	1	0.26200346674859	1	-1.52655665885959e-16	4.52098341611111	0.815156724934641	2.77307619370594
3.94999999999996	19	1	1	1	0	1	0	-1	0	1.93459449894737	0.516904188730047
