#dist_cut	num_seqs	num_clusters	num_clusters(recip_simpson_index)	avg_intra_clust_phylo_dist_phylum(norm_shannon_index)	avg_inter_clust_phylo_dist_phylum(norm_shannon_index)	avg_intra_clust_phylo_dist_order(norm_shannon_index)	avg_inter_clust_phylo_dist_order(norm_shannon_index)	avg_silhouette_width	avg_inter_clust_dist	avg_intra_clust_dist	dunn_index
0	23	23	23	0	0	0	0.331187418012537	1	1.45253234766798	0	0.08150437
0.01	23	23	23	0	0	0	0.331187418012537	1	1.45253234766798	0	0.08150437
0.02	23	23	23	0	0	0	0.331187418012537	1	1.45253234766798	0	0.08150437
0.03	23	23	23	0	0	0	0.331187418012537	1	1.45253234766799	0	0.08150437
0.04	23	23	23	0	0	0	0.331187418012537	1	1.45253234766798	0	0.08150437
0.05	23	23	23	0	0	0	0.331187418012537	1	1.45253234766799	0	0.08150437
0.06	23	23	23	0	0	0	0.331187418012537	1	1.45253234766798	0	0.08150437
0.07	23	23	23	0	0	0	0.331187418012537	1	1.45253234766798	0	0.08150437
0.08	23	23	23	0	0	0	0.331187418012537	1	1.45253234766798	0	0.08150437
0.09	23	22	21.16	0	0	0	0.344479516240139	0.909090909090909	1.48489342365801	0.00370474409090909	1.67139498164332
0.1	23	22	21.16	0	0	0	0.344479516240139	0.909090909090909	1.48489342365801	0.00370474409090909	1.67139498164332
0.11	23	22	21.16	0	0	0	0.344479516240139	0.909090909090909	1.48489342365801	0.00370474409090909	1.67139498164332
0.12	23	22	21.16	0	0	0	0.344479516240139	0.909090909090909	1.48489342365801	0.00370474409090909	1.67139498164332
0.13	23	21	18.2413793103448	0	0	0	0.358383176558602	0.904761904761905	1.51927655590476	0.00561835492063492	1.26425814187941
0.14	23	21	18.2413793103448	0	0	0	0.358383176558602	0.904761904761905	1.51927655590476	0.00561835492063492	1.26425814187941
0.15	23	20	17.0645161290323	0	0	0	0.373920097745298	0.891019203354957	1.5298332993421	0.0133574761666667	1.03126979573566
0.16	23	19	16.030303030303	0	0	0	0.390813860034544	0.876796236322807	1.56011713116959	0.0221567328070175	1.07021999838781
0.17	23	18	14.2972972972973	0	0	0	0.408593914325106	0.849301292300275	1.58989220495643	0.0240833787037037	1.16840436146895
0.18	23	17	12.3023255813953	0	0	0	0.42845163755136	0.858581606264159	1.61389586132353	0.0263239975490196	1.22344469223189
0.19	23	17	12.3023255813953	0	0	0	0.42845163755136	0.858581606264159	1.61389586132353	0.0263239975490196	1.22344469223189
0.2	23	17	12.3023255813953	0	0	0	0.42845163755136	0.858581606264159	1.61389586132353	0.0263239975490196	1.22344469223189
0.21	23	17	12.3023255813953	0	0	0	0.42845163755136	0.858581606264159	1.61389586132353	0.0263239975490196	1.22344469223189
0.22	23	17	12.3023255813953	0	0	0	0.42845163755136	0.858581606264159	1.61389586132353	0.0263239975490196	1.22344469223189
0.23	23	16	11.7555555555556	0	0	0	0.450448118344044	0.849040749001597	1.6255730184375	0.0417604080208333	1.07347949368112
0.24	23	15	11.2553191489362	0	0	0	0.474648816148435	0.823270528336223	1.66247039633333	0.0603359318888889	1.18338791615488
0.25	23	15	11.2553191489362	0	0	0	0.474648816148435	0.823270528336223	1.66247039633333	0.0603359318888889	1.18338791615488
0.26	23	14	10.3725490196078	0	0	0	0.50026180792769	0.813598813529261	1.66687307975275	0.0674862805952381	1.25985940349161
0.27	23	14	10.3725490196078	0	0	0	0.50026180792769	0.811464351115105	1.66687307975275	0.0674862805952381	1.25985940349161
0.28	23	14	10.3725490196078	0	0	0	0.50026180792769	0.813598813529261	1.66687307975275	0.0674862805952381	1.25985940349161
0.29	23	14	10.3725490196078	0	0	0	0.50026180792769	0.809271005831482	1.66687307975275	0.0674862805952381	1.25985940349161
0.3	23	14	10.3725490196078	0	0	0	0.50026180792769	0.81005132822464	1.66687307975275	0.0674862805952381	1.25985940349161
0.31	23	14	10.3725490196078	0	0	0	0.50026180792769	0.813598813529261	1.66687307975275	0.0674862805952381	1.25985940349161
0.32	23	14	10.3725490196078	0	0	0	0.50026180792769	0.810051328224639	1.66687307975275	0.0674862805952381	1.25985940349161
0.33	23	14	10.3725490196078	0	0	0	0.50026180792769	0.809271005831482	1.66687307975275	0.0674862805952381	1.25985940349161
0.34	23	12	8.13846153846154	0	0	0	0.56213510299732	0.776920790278645	1.72397963243939	0.0871793632777778	1.6058984834713
0.35	23	12	8.13846153846154	0	0	0	0.56213510299732	0.781059523134037	1.72397963243939	0.0871793632777778	1.6058984834713
0.36	23	12	6.53086419753086	0	0	0	0.566992697233696	0.87725996911781	1.71162751812771	0.0875151933730159	0.950265344148861
0.37	23	12	6.53086419753086	0	0	0	0.566992697233696	0.87725996911781	1.71162751812771	0.0875151933730159	0.950265344148861
0.38	23	12	6.53086419753086	0	0	0	0.566992697233696	0.87465204899216	1.71162751812771	0.0875151933730159	0.950265344148862
0.39	23	12	6.53086419753086	0	0	0	0.566992697233696	0.87465204899216	1.71162751812771	0.0875151933730159	0.950265344148861
0.4	23	12	6.53086419753086	0	0	0	0.566992697233696	0.87465204899216	1.71162751812771	0.0875151933730159	0.950265344148862
0.41	23	12	6.53086419753086	0	0	0	0.566992697233696	0.87465204899216	1.71162751812771	0.0875151933730159	0.950265344148861
0.42	23	12	6.53086419753086	0	0	0	0.566992697233696	0.87465204899216	1.71162751812771	0.0875151933730159	0.950265344148861
0.43	23	12	6.53086419753086	0	0	0	0.566992697233696	0.87725996911781	1.71162751812771	0.0875151933730159	0.950265344148861
0.44	23	12	6.53086419753086	0	0	0	0.566992697233696	0.87725996911781	1.71162751812771	0.0875151933730159	0.950265344148861
0.45	23	12	6.53086419753086	0	0	0	0.566992697233696	0.877259969117811	1.71162751812771	0.0875151933730159	0.950265344148861
0.46	23	12	6.53086419753086	0	0	0	0.566992697233696	0.87465204899216	1.71162751812771	0.0875151933730159	0.950265344148861
0.47	23	12	6.53086419753086	0	0	0	0.566992697233696	0.87725996911781	1.71162751812771	0.0875151933730159	0.950265344148861
0.48	23	11	6.37349397590361	0	0	0	0.60374308203135	0.794859974459029	1.78501363023377	0.138431063679654	0.743790348028402
0.49	23	10	5.81318681318681	0	0	0	0.645075732730747	0.782400974483607	1.79815485249524	0.162536537047619	0.743790348028402
0.5	23	10	5.81318681318681	0	0	0	0.645075732730747	0.803449764247724	1.79815485249524	0.162536537047619	0.743790348028402
0.51	23	9	5.03809523809524	0	0	0	0.693724921236594	0.675660096029253	1.91174859738889	0.180085154920635	1.31379831038377
0.52	23	8	4.68141592920354	0	0	0	0.736785653974828	0.657530759756559	2.00044829469643	0.189570249494048	1.33783879022476
0.53	23	8	4.68141592920354	0	0	0	0.736785653974828	0.657530759756559	2.00044829469643	0.189570249494048	1.33783879022476
0.54	23	8	4.68141592920354	0	0	0	0.736785653974828	0.657530759756559	2.00044829469643	0.189570249494048	1.33783879022476
0.55	23	8	4.68141592920354	0	0	0	0.736785653974828	0.657530759756559	2.00044829469643	0.189570249494048	1.33783879022476
0.56	23	7	2.98870056497175	0	0	0	0.827615821475543	0.666428964253997	2.09469926604762	0.172616616904762	1.20503097170103
0.57	23	6	2.82887700534759	0	0	0	0.883686777453958	0.600895060327834	2.20233791227778	0.217800975388889	1.45141511808645
0.58	23	6	2.82887700534759	0	0	0	0.883686777453958	0.600895060327834	2.20233791227778	0.217800975388889	1.45141511808645
0.59	23	6	2.82887700534759	0	0	0	0.883686777453958	0.600895060327833	2.20233791227778	0.217800975388889	1.45141511808645
0.6	23	6	2.82887700534759	0	0	0	0.883686777453958	0.600895060327834	2.20233791227778	0.217800975388889	1.45141511808645
0.61	23	6	2.82887700534759	0	0	0	0.883686777453958	0.600895060327833	2.20233791227778	0.217800975388889	1.45141511808645
0.62	23	6	2.82887700534759	0	0	0	0.883686777453958	0.600895060327834	2.20233791227778	0.217800975388889	1.45141511808645
0.63	23	6	2.82887700534759	0	0	0	0.883686777453958	0.600895060327834	2.20233791227778	0.217800975388889	1.45141511808645
0.64	23	6	2.82887700534759	0	0	0	0.883686777453958	0.600895060327834	2.20233791227778	0.217800975388889	1.45141511808645
0.65	23	6	2.82887700534759	0	0	0	0.883686777453958	0.600895060327834	2.20233791227778	0.217800975388889	1.45141511808645
0.66	23	6	2.82887700534759	0	0	0	0.883686777453958	0.600895060327833	2.20233791227778	0.217800975388889	1.45141511808645
0.67	23	6	2.82887700534759	0	0	0	0.883686777453958	0.600895060327834	2.20233791227778	0.217800975388889	1.45141511808645
0.68	23	6	2.82887700534759	0	0	0	0.883686777453958	0.600895060327834	2.20233791227778	0.217800975388889	1.45141511808645
0.69	23	6	2.82887700534759	0	0	0	0.883686777453958	0.600895060327834	2.20233791227778	0.217800975388889	1.45141511808645
0.7	23	6	2.82887700534759	0	0	0	0.883686777453958	0.600895060327834	2.20233791227778	0.217800975388889	1.45141511808645
0.71	23	6	2.82887700534759	0	0	0	0.883686777453958	0.600895060327834	2.20233791227778	0.217800975388889	1.45141511808645
0.72	23	6	3.1301775147929	0	0	0	0.861746828959795	0.569491945572312	2.19954914730303	0.274486542151515	1.30669049528777
0.73	23	6	3.1301775147929	0	0	0	0.861746828959795	0.569491945572312	2.19954914730303	0.274486542151515	1.30669049528777
0.74	23	6	3.1301775147929	0	0	0	0.861746828959795	0.569491945572312	2.19954914730303	0.274486542151515	1.30669049528777
0.75	23	6	3.1301775147929	0	0	0	0.861746828959795	0.569491945572312	2.19954914730303	0.274486542151515	1.30669049528777
0.76	23	6	3.1301775147929	0	0	0	0.861746828959795	0.569491945572312	2.19954914730303	0.274486542151515	1.30669049528777
0.77	23	6	3.1301775147929	0	0	0	0.861746828959795	0.569491945572312	2.19954914730303	0.274486542151515	1.30669049528777
0.78	23	6	3.1301775147929	0	0	0	0.861746828959795	0.569491945572312	2.19954914730303	0.274486542151515	1.30669049528777
0.79	23	6	3.1301775147929	0	0	0	0.861746828959795	0.569491945572312	2.19954914730303	0.274486542151515	1.30669049528777
0.8	23	5	2.25106382978723	0	0	0	0.952884929225706	0.546843511217704	2.39929379428571	0.226925205701099	2.64177853328305
0.81	23	5	2.25106382978723	0	0	0	0.952884929225706	0.546843511217704	2.39929379428571	0.226925205701099	2.64177853328305
0.820000000000001	23	5	2.25106382978723	0	0	0	0.952884929225706	0.546843511217704	2.39929379428571	0.226925205701099	2.64177853328305
0.830000000000001	23	5	2.25106382978723	0	0	0	0.952884929225706	0.546843511217704	2.39929379428571	0.226925205701099	2.64177853328305
0.840000000000001	23	5	2.25106382978723	0	0	0	0.952884929225706	0.546843511217704	2.39929379428571	0.226925205701099	2.64177853328305
0.850000000000001	23	5	2.25106382978723	0	0	0	0.952884929225706	0.546843511217704	2.39929379428571	0.226925205701099	2.64177853328305
0.860000000000001	23	5	2.25106382978723	0	0	0	0.952884929225706	0.546843511217704	2.39929379428571	0.226925205701099	2.64177853328305
0.870000000000001	23	5	2.25106382978723	0	0	0	0.952884929225706	0.546843511217704	2.39929379428571	0.226925205701099	2.64177853328305
0.880000000000001	23	5	2.25106382978723	0	0	0	0.952884929225706	0.546843511217704	2.39929379428571	0.226925205701099	2.64177853328305
0.890000000000001	23	5	2.25106382978723	0	0	0	0.952884929225706	0.546843511217704	2.39929379428571	0.226925205701099	2.64177853328305
0.900000000000001	23	5	2.25106382978723	0	0	0	0.952884929225706	0.546843511217704	2.39929379428571	0.226925205701099	2.64177853328305
0.910000000000001	23	5	2.25106382978723	0	0	0	0.952884929225706	0.546843511217704	2.39929379428571	0.226925205701099	2.64177853328305
0.920000000000001	23	5	2.25106382978723	0	0	0	0.952884929225706	0.546843511217704	2.39929379428571	0.226925205701099	2.64177853328305
0.930000000000001	23	5	2.25106382978723	0	0	0	0.952884929225706	0.546843511217704	2.39929379428571	0.226925205701099	2.64177853328305
0.940000000000001	23	5	2.25106382978723	0	0	0	0.952884929225706	0.546843511217704	2.39929379428571	0.226925205701099	2.64177853328305
0.950000000000001	23	5	2.25106382978723	0	0	0	0.952884929225706	0.546843511217704	2.39929379428571	0.226925205701099	2.64177853328305
0.960000000000001	23	5	2.25106382978723	0	0	0	0.952884929225706	0.546843511217704	2.39929379428571	0.226925205701099	2.64177853328305
0.970000000000001	23	5	2.25106382978723	0	0	0	0.952884929225706	0.546843511217704	2.39929379428571	0.226925205701099	2.64177853328305
0.980000000000001	23	5	2.25106382978723	0	0	0	0.952884929225706	0.546843511217704	2.39929379428571	0.226925205701099	2.64177853328305
0.990000000000001	23	5	2.25106382978723	0	0	0	0.952884929225706	0.546843511217704	2.39929379428571	0.226925205701099	2.64177853328305
1	23	5	2.25106382978723	0	0	0	0.952884929225706	0.546843511217704	2.39929379428571	0.226925205701099	2.64177853328305
1.01	23	5	2.25106382978723	0	0	0	0.952884929225706	0.546843511217704	2.39929379428571	0.226925205701099	2.64177853328305
1.02	23	5	2.25106382978723	0	0	0	0.952884929225706	0.546843511217704	2.39929379428571	0.226925205701099	2.64177853328305
1.03	23	5	2.25106382978723	0	0	0	0.952884929225706	0.546843511217704	2.39929379428571	0.226925205701099	2.64177853328305
1.04	23	5	2.25106382978723	0	0	0	0.952884929225706	0.546843511217704	2.39929379428571	0.226925205701099	2.64177853328305
1.05	23	5	2.25106382978723	0	0	0	0.952884929225706	0.546843511217704	2.39929379428571	0.226925205701099	2.64177853328305
1.06	23	5	2.25106382978723	0	0	0	0.952884929225706	0.546843511217704	2.39929379428571	0.226925205701099	2.64177853328305
1.07	23	5	2.25106382978723	0	0	0	0.952884929225706	0.546843511217704	2.39929379428571	0.226925205701099	2.64177853328305
1.08	23	5	2.25106382978723	0	0	0	0.952884929225706	0.546843511217704	2.39929379428571	0.226925205701099	2.64177853328305
1.09	23	5	2.25106382978723	0	0	0	0.952884929225706	0.546843511217704	2.39929379428571	0.226925205701099	2.64177853328305
1.1	23	5	2.25106382978723	0	0	0	0.952884929225706	0.546843511217704	2.39929379428571	0.226925205701099	2.64177853328305
1.11	23	5	2.25106382978723	0	0	0	0.952884929225706	0.546843511217704	2.39929379428571	0.226925205701099	2.64177853328305
1.12	23	5	2.25106382978723	0	0	0	0.952884929225706	0.546843511217704	2.39929379428571	0.226925205701099	2.64177853328305
1.13	23	5	2.25106382978723	0	0	0	0.952884929225706	0.546843511217704	2.39929379428571	0.226925205701099	2.64177853328305
1.14	23	5	2.25106382978723	0	0	0	0.952884929225706	0.546843511217704	2.39929379428571	0.226925205701099	2.64177853328305
1.15	23	5	2.25106382978723	0	0	0	0.952884929225706	0.546843511217704	2.39929379428571	0.226925205701099	2.64177853328305
1.16	23	5	2.25106382978723	0	0	0	0.952884929225706	0.546843511217704	2.39929379428571	0.226925205701099	2.64177853328305
1.17	23	5	2.25106382978723	0	0	0	0.952884929225706	0.546843511217704	2.39929379428571	0.226925205701099	2.64177853328305
1.18	23	5	2.25106382978723	0	0	0	0.952884929225706	0.546843511217704	2.39929379428571	0.226925205701099	2.64177853328305
1.19	23	5	2.25106382978723	0	0	0	0.952884929225706	0.546843511217704	2.39929379428571	0.226925205701099	2.64177853328305
1.2	23	5	2.25106382978723	0	0	0	0.952884929225706	0.546843511217704	2.39929379428571	0.226925205701099	2.64177853328305
1.21	23	5	2.25106382978723	0	0	0	0.952884929225706	0.546843511217704	2.39929379428571	0.226925205701099	2.64177853328305
1.22	23	5	2.25106382978723	0	0	0	0.952884929225706	0.546843511217704	2.39929379428571	0.226925205701099	2.64177853328305
1.23	23	5	2.25106382978723	0	0	0	0.952884929225706	0.546843511217704	2.39929379428571	0.226925205701099	2.64177853328305
1.24	23	5	2.25106382978723	0	0	0	0.952884929225706	0.546843511217704	2.39929379428571	0.226925205701099	2.64177853328305
1.25	23	5	2.25106382978723	0	0	0	0.952884929225706	0.546843511217704	2.39929379428571	0.226925205701099	2.64177853328305
1.26	23	5	2.25106382978723	0	0	0	0.952884929225706	0.546843511217704	2.39929379428571	0.226925205701099	2.64177853328305
1.27	23	5	2.25106382978723	0	0	0	0.952884929225706	0.546843511217704	2.39929379428571	0.226925205701099	2.64177853328305
1.28	23	5	2.25106382978723	0	0	0	0.952884929225706	0.546843511217704	2.39929379428571	0.226925205701099	2.64177853328305
1.29	23	5	2.25106382978723	0	0	0	0.952884929225706	0.546843511217704	2.39929379428571	0.226925205701099	2.64177853328305
1.3	23	5	2.25106382978723	0	0	0	0.952884929225706	0.546843511217704	2.39929379428571	0.226925205701099	2.64177853328305
1.31	23	5	2.25106382978723	0	0	0	0.952884929225706	0.546843511217704	2.39929379428571	0.226925205701099	2.64177853328305
1.32	23	5	2.25106382978723	0	0	0	0.952884929225706	0.546843511217704	2.39929379428571	0.226925205701099	2.64177853328305
1.33	23	5	2.25106382978723	0	0	0	0.952884929225706	0.546843511217704	2.39929379428571	0.226925205701099	2.64177853328305
1.34	23	5	2.25106382978723	0	0	0	0.952884929225706	0.546843511217704	2.39929379428571	0.226925205701099	2.64177853328305
1.35	23	5	2.25106382978723	0	0	0	0.952884929225706	0.546843511217704	2.39929379428571	0.226925205701099	2.64177853328305
1.36	23	5	2.25106382978723	0	0	0	0.952884929225706	0.546843511217704	2.39929379428571	0.226925205701099	2.64177853328305
1.37	23	5	2.25106382978723	0	0	0	0.952884929225706	0.546843511217704	2.39929379428571	0.226925205701099	2.64177853328305
1.38	23	5	2.25106382978723	0	0	0	0.952884929225706	0.546843511217704	2.39929379428571	0.226925205701099	2.64177853328305
1.39	23	5	2.25106382978723	0	0	0	0.952884929225706	0.546843511217704	2.39929379428571	0.226925205701099	2.64177853328305
1.4	23	5	2.25106382978723	0	0	0	0.952884929225706	0.546843511217704	2.39929379428571	0.226925205701099	2.64177853328305
1.41	23	5	2.25106382978723	0	0	0	0.952884929225706	0.546843511217704	2.39929379428571	0.226925205701099	2.64177853328305
1.42	23	5	2.25106382978723	0	0	0	0.952884929225706	0.546843511217704	2.39929379428571	0.226925205701099	2.64177853328305
1.43	23	5	2.25106382978723	0	0	0	0.952884929225706	0.546843511217704	2.39929379428571	0.226925205701099	2.64177853328305
1.44	23	5	2.25106382978723	0	0	0	0.952884929225706	0.546843511217704	2.39929379428571	0.226925205701099	2.64177853328305
1.45	23	5	2.25106382978723	0	0	0	0.952884929225706	0.546843511217704	2.39929379428571	0.226925205701099	2.64177853328305
1.46	23	5	2.25106382978723	0	0	0	0.952884929225706	0.546843511217704	2.39929379428571	0.226925205701099	2.64177853328305
1.47	23	5	2.25106382978723	0	0	0	0.952884929225706	0.546843511217704	2.39929379428571	0.226925205701099	2.64177853328305
1.48	23	5	2.25106382978723	0	0	0	0.952884929225706	0.546843511217704	2.39929379428571	0.226925205701099	2.64177853328305
1.49	23	5	2.25106382978723	0	0	0	0.952884929225706	0.546843511217704	2.39929379428571	0.226925205701099	2.64177853328305
1.5	23	5	2.25106382978723	0	0	0	0.952884929225706	0.546843511217704	2.39929379428571	0.226925205701099	2.64177853328305
1.51	23	5	2.25106382978723	0	0	0	0.952884929225706	0.546843511217704	2.39929379428571	0.226925205701099	2.64177853328305
1.52	23	5	2.25106382978723	0	0	0	0.952884929225706	0.546843511217704	2.39929379428571	0.226925205701099	2.64177853328305
1.53	23	4	2.1417004048583	0	0	0.288235515705157	1.05043217157548	0.388854676398967	2.47585994595238	0.368897488626374	2.25818480863835
1.54	23	4	2.1417004048583	0	0	0.288235515705157	1.05043217157548	0.388854676398967	2.47585994595238	0.368897488626374	2.25818480863835
1.55	23	4	2.1417004048583	0	0	0.288235515705157	1.05043217157548	0.388854676398967	2.47585994595238	0.368897488626374	2.25818480863835
1.56	23	4	2.1417004048583	0	0	0.288235515705157	1.05043217157548	0.388854676398967	2.47585994595238	0.368897488626374	2.25818480863835
1.57	23	4	2.1417004048583	0	0	0.288235515705157	1.05043217157548	0.388854676398967	2.47585994595238	0.368897488626374	2.25818480863835
1.58	23	4	2.1417004048583	0	0	0.288235515705157	1.05043217157548	0.388854676398967	2.47585994595238	0.368897488626374	2.25818480863835
1.59	23	4	2.1417004048583	0	0	0.288235515705157	1.05043217157548	0.388854676398967	2.47585994595238	0.368897488626374	2.25818480863835
1.6	23	4	2.1417004048583	0	0	0.288235515705157	1.05043217157548	0.388854676398967	2.47585994595238	0.368897488626374	2.25818480863835
1.61	23	4	2.1417004048583	0	0	0.288235515705157	1.05043217157548	0.388854676398967	2.47585994595238	0.368897488626374	2.25818480863835
1.62	23	4	2.1417004048583	0	0	0.288235515705157	1.05043217157548	0.388854676398967	2.47585994595238	0.368897488626374	2.25818480863835
1.63	23	4	2.1417004048583	0	0	0.288235515705157	1.05043217157548	0.388854676398967	2.47585994595238	0.368897488626374	2.25818480863835
1.64	23	4	2.1417004048583	0	0	0.288235515705157	1.05043217157548	0.388854676398967	2.47585994595238	0.368897488626374	2.25818480863835
1.65	23	4	2.1417004048583	0	0	0.288235515705157	1.05043217157548	0.388854676398967	2.47585994595238	0.368897488626374	2.25818480863835
1.66	23	4	2.1417004048583	0	0	0.288235515705157	1.05043217157548	0.388854676398967	2.47585994595238	0.368897488626374	2.25818480863835
1.67	23	4	2.1417004048583	0	0	0.288235515705157	1.05043217157548	0.388854676398967	2.47585994595238	0.368897488626374	2.25818480863835
1.68	23	4	2.1417004048583	0	0	0.288235515705157	1.05043217157548	0.388854676398967	2.47585994595238	0.368897488626374	2.25818480863835
1.69	23	4	2.1417004048583	0	0	0.288235515705157	1.05043217157548	0.388854676398967	2.47585994595238	0.368897488626374	2.25818480863835
1.7	23	4	2.1417004048583	0	0	0.288235515705157	1.05043217157548	0.388854676398967	2.47585994595238	0.368897488626374	2.25818480863835
1.71	23	4	2.1417004048583	0	0	0.288235515705157	1.05043217157548	0.388854676398967	2.47585994595238	0.368897488626374	2.25818480863835
1.72	23	4	2.1417004048583	0	0	0.288235515705157	1.05043217157548	0.388854676398967	2.47585994595238	0.368897488626374	2.25818480863835
1.73	23	4	2.1417004048583	0	0	0.288235515705157	1.05043217157548	0.388854676398967	2.47585994595238	0.368897488626374	2.25818480863835
1.74	23	4	2.1417004048583	0	0	0.288235515705157	1.05043217157548	0.388854676398967	2.47585994595238	0.368897488626374	2.25818480863835
1.75	23	4	2.1417004048583	0	0	0.288235515705157	1.05043217157548	0.388854676398967	2.47585994595238	0.368897488626374	2.25818480863835
1.76	23	4	2.1417004048583	0	0	0.288235515705157	1.05043217157548	0.388854676398967	2.47585994595238	0.368897488626374	2.25818480863835
1.77	23	4	2.1417004048583	0	0	0.288235515705157	1.05043217157548	0.388854676398967	2.47585994595238	0.368897488626374	2.25818480863835
1.78	23	4	2.1417004048583	0	0	0.288235515705157	1.05043217157548	0.388854676398967	2.47585994595238	0.368897488626374	2.25818480863835
1.79	23	4	2.1417004048583	0	0	0.288235515705157	1.05043217157548	0.388854676398967	2.47585994595238	0.368897488626374	2.25818480863835
1.8	23	4	2.1417004048583	0	0	0.288235515705157	1.05043217157548	0.388854676398967	2.47585994595238	0.368897488626374	2.25818480863835
1.81	23	4	2.1417004048583	0	0	0.288235515705157	1.05043217157548	0.388854676398967	2.47585994595238	0.368897488626374	2.25818480863835
1.82	23	4	2.1417004048583	0	0	0.288235515705157	1.05043217157548	0.388854676398967	2.47585994595238	0.368897488626374	2.25818480863835
1.83	23	4	2.1417004048583	0	0	0.288235515705157	1.05043217157548	0.388854676398967	2.47585994595238	0.368897488626374	2.25818480863835
1.84	23	4	2.1417004048583	0	0	0.288235515705157	1.05043217157548	0.388854676398967	2.47585994595238	0.368897488626374	2.25818480863835
1.85	23	4	2.1417004048583	0	0	0.288235515705157	1.05043217157548	0.388854676398967	2.47585994595238	0.368897488626374	2.25818480863835
1.86	23	4	2.1417004048583	0	0	0.288235515705157	1.05043217157548	0.388854676398967	2.47585994595238	0.368897488626374	2.25818480863835
1.87	23	4	2.1417004048583	0	0	0.288235515705157	1.05043217157548	0.388854676398967	2.47585994595238	0.368897488626374	2.25818480863835
1.88	23	4	2.1417004048583	0	0	0.288235515705157	1.05043217157548	0.388854676398967	2.47585994595238	0.368897488626374	2.25818480863835
1.89	23	4	2.01140684410646	0	0	0.316660753554777	1.08927318574714	0.381835073106473	2.46558471177778	0.428546784	2.00540258714199
1.9	23	4	2.01140684410646	0	0	0.316660753554777	1.08927318574714	0.381835073106473	2.46558471177778	0.428546784	2.00540258714198
1.91	23	4	2.01140684410646	0	0	0.316660753554777	1.08927318574714	0.381835073106473	2.46558471177778	0.428546784	2.00540258714199
1.92	23	4	2.01140684410646	0	0	0.316660753554777	1.08927318574714	0.381835073106473	2.46558471177778	0.428546784	2.00540258714199
1.93	23	4	2.01140684410646	0	0	0.316660753554777	1.08927318574714	0.381835073106473	2.46558471177778	0.428546784	2.00540258714198
1.94	23	3	1.1941309255079	0	0	0.179399457279427	1.16733110521994	0.333333333333333	2.5761253631746	0.413998387428571	1.78645062568407
1.95	23	3	1.1941309255079	0	0	0.179399457279427	1.16733110521994	0.333333333333333	2.5761253631746	0.413998387428571	1.78645062568407
1.96	23	2	1.09072164948454	0	0	0.516778445487945	1	1.59594559789866e-16	2.73080346136364	0.665396120800866	2.05201336166257
1.97	23	2	1.09072164948454	0	0	0.516778445487945	1	1.66533453693773e-16	2.73080346136364	0.665396120800865	2.05201336166257
1.98	23	2	1.09072164948454	0	0	0.516778445487945	1	1.66533453693773e-16	2.73080346136364	0.665396120800865	2.05201336166257
1.99	23	2	1.09072164948454	0	0	0.516778445487945	1	1.66533453693773e-16	2.73080346136364	0.665396120800865	2.05201336166257
2	23	2	1.09072164948454	0	0	0.516778445487945	1	1.59594559789866e-16	2.73080346136364	0.665396120800866	2.05201336166257
2.01	23	2	1.09072164948454	0	0	0.516778445487945	1	1.59594559789866e-16	2.73080346136364	0.665396120800866	2.05201336166257
2.02	23	2	1.09072164948454	0	0	0.516778445487945	1	1.66533453693773e-16	2.73080346136364	0.665396120800866	2.05201336166257
2.03	23	2	1.09072164948454	0	0	0.516778445487945	1	1.66533453693773e-16	2.73080346136364	0.665396120800865	2.05201336166257
2.04	23	2	1.09072164948454	0	0	0.516778445487945	1	1.59594559789866e-16	2.73080346136364	0.665396120800865	2.05201336166257
2.05	23	2	1.09072164948454	0	0	0.516778445487945	1	1.59594559789866e-16	2.73080346136364	0.665396120800866	2.05201336166257
2.06	23	2	1.09072164948454	0	0	0.516778445487945	1	1.59594559789866e-16	2.73080346136364	0.665396120800865	2.05201336166257
2.07	23	2	1.09072164948454	0	0	0.516778445487945	1	1.66533453693773e-16	2.73080346136364	0.665396120800866	2.05201336166257
2.08	23	2	1.09072164948454	0	0	0.516778445487945	1	1.66533453693773e-16	2.73080346136364	0.665396120800866	2.05201336166257
2.09	23	2	1.09072164948454	0	0	0.516778445487945	1	1.66533453693773e-16	2.73080346136364	0.665396120800866	2.05201336166257
2.1	23	2	1.09072164948454	0	0	0.516778445487945	1	1.59594559789866e-16	2.73080346136364	0.665396120800866	2.05201336166257
2.11	23	2	1.09072164948454	0	0	0.516778445487945	1	1.66533453693773e-16	2.73080346136364	0.665396120800865	2.05201336166257
2.12	23	2	1.09072164948454	0	0	0.516778445487945	1	1.66533453693773e-16	2.73080346136364	0.665396120800866	2.05201336166257
2.13	23	2	1.09072164948454	0	0	0.516778445487945	1	1.59594559789866e-16	2.73080346136364	0.665396120800866	2.05201336166257
2.14	23	2	1.09072164948454	0	0	0.516778445487945	1	1.59594559789866e-16	2.73080346136364	0.665396120800865	2.05201336166257
2.15	23	2	1.09072164948454	0	0	0.516778445487945	1	1.66533453693773e-16	2.73080346136364	0.665396120800865	2.05201336166257
2.16	23	2	1.09072164948454	0	0	0.516778445487945	1	1.66533453693773e-16	2.73080346136364	0.665396120800866	2.05201336166257
2.17	23	2	1.09072164948454	0	0	0.516778445487945	1	1.66533453693773e-16	2.73080346136364	0.665396120800865	2.05201336166257
2.18	23	2	1.09072164948454	0	0	0.516778445487945	1	1.66533453693773e-16	2.73080346136364	0.665396120800866	2.05201336166257
2.19	23	2	1.09072164948454	0	0	0.516778445487945	1	1.59594559789866e-16	2.73080346136364	0.665396120800866	2.05201336166257
2.2	23	2	1.09072164948454	0	0	0.516778445487945	1	1.59594559789866e-16	2.73080346136364	0.665396120800866	2.05201336166257
2.21	23	2	1.09072164948454	0	0	0.516778445487945	1	1.66533453693773e-16	2.73080346136364	0.665396120800866	2.05201336166257
2.22	23	2	1.09072164948454	0	0	0.516778445487945	1	1.66533453693773e-16	2.73080346136364	0.665396120800866	2.05201336166257
2.23	23	2	1.09072164948454	0	0	0.516778445487945	1	1.59594559789866e-16	2.73080346136364	0.665396120800865	2.05201336166257
2.24	23	2	1.09072164948454	0	0	0.516778445487945	1	1.59594559789866e-16	2.73080346136364	0.665396120800866	2.05201336166257
2.25	23	2	1.09072164948454	0	0	0.516778445487945	1	1.59594559789866e-16	2.73080346136364	0.665396120800865	2.05201336166257
2.26	23	2	1.09072164948454	0	0	0.516778445487945	1	1.59594559789866e-16	2.73080346136364	0.665396120800865	2.05201336166257
2.27	23	2	1.09072164948454	0	0	0.516778445487945	1	1.59594559789866e-16	2.73080346136364	0.665396120800865	2.05201336166257
2.28	23	2	1.09072164948454	0	0	0.516778445487945	1	1.66533453693773e-16	2.73080346136364	0.665396120800866	2.05201336166257
2.29	23	2	1.09072164948454	0	0	0.516778445487945	1	1.59594559789866e-16	2.73080346136364	0.665396120800865	2.05201336166257
2.29999999999999	23	2	1.09072164948454	0	0	0.516778445487945	1	1.59594559789866e-16	2.73080346136364	0.665396120800866	2.05201336166257
2.30999999999999	23	2	1.09072164948454	0	0	0.516778445487945	1	1.66533453693773e-16	2.73080346136364	0.665396120800866	2.05201336166257
2.31999999999999	23	2	1.09072164948454	0	0	0.516778445487945	1	1.59594559789866e-16	2.73080346136364	0.665396120800865	2.05201336166257
2.32999999999999	23	2	1.09072164948454	0	0	0.516778445487945	1	1.66533453693773e-16	2.73080346136364	0.665396120800866	2.05201336166257
2.33999999999999	23	2	1.09072164948454	0	0	0.516778445487945	1	1.66533453693773e-16	2.73080346136364	0.665396120800866	2.05201336166257
2.34999999999999	23	2	1.09072164948454	0	0	0.516778445487945	1	1.66533453693773e-16	2.73080346136364	0.665396120800865	2.05201336166257
2.35999999999999	23	2	1.09072164948454	0	0	0.516778445487945	1	1.59594559789866e-16	2.73080346136364	0.665396120800865	2.05201336166257
2.36999999999999	23	2	1.09072164948454	0	0	0.516778445487945	1	1.59594559789866e-16	2.73080346136364	0.665396120800866	2.05201336166257
2.37999999999999	23	2	1.09072164948454	0	0	0.516778445487945	1	1.59594559789866e-16	2.73080346136364	0.665396120800866	2.05201336166257
2.38999999999999	23	2	1.09072164948454	0	0	0.516778445487945	1	1.66533453693773e-16	2.73080346136364	0.665396120800865	2.05201336166257
2.39999999999999	23	2	1.09072164948454	0	0	0.516778445487945	1	1.59594559789866e-16	2.73080346136364	0.665396120800865	2.05201336166257
2.40999999999999	23	2	1.09072164948454	0	0	0.516778445487945	1	1.66533453693773e-16	2.73080346136364	0.665396120800866	2.05201336166257
2.41999999999999	23	2	1.09072164948454	0	0	0.516778445487945	1	1.59594559789866e-16	2.73080346136364	0.665396120800866	2.05201336166257
2.42999999999999	23	2	1.09072164948454	0	0	0.516778445487945	1	1.59594559789866e-16	2.73080346136364	0.665396120800866	2.05201336166257
2.43999999999999	23	2	1.09072164948454	0	0	0.516778445487945	1	1.59594559789866e-16	2.73080346136364	0.665396120800865	2.05201336166257
2.44999999999999	23	2	1.09072164948454	0	0	0.516778445487945	1	1.66533453693773e-16	2.73080346136364	0.665396120800865	2.05201336166257
2.45999999999999	23	2	1.09072164948454	0	0	0.516778445487945	1	1.66533453693773e-16	2.73080346136364	0.665396120800866	2.05201336166257
2.46999999999999	23	1	1	0	0	1	0	-1	0	1.45253234766798	0.688452826269573
