	0	0.01	0.02	0.03	0.04	0.05	0.06	0.07	0.08	0.09	0.1	0.11	0.12	0.13	0.14	0.15	0.16	0.17	0.18	0.19	0.2	0.21	0.22	0.23	0.24	0.25	0.26	0.27	0.28	0.29	0.3	0.31	0.32	0.33	0.34	0.35	0.36	0.37	0.38	0.39	0.4	0.41	0.42	0.43	0.44	0.45	0.46	0.47	0.48	0.49	0.5	0.51	0.52	0.53	0.54	0.55	0.56	0.57	0.58	0.59	0.6	0.61	0.62	0.63	0.64	0.65	0.66	0.67	0.68	0.69	0.7	0.71	0.72	0.73	0.74	0.75	0.76	0.77	0.78	0.79	0.8	0.81	0.820000000000001	0.830000000000001	0.840000000000001	0.850000000000001	0.860000000000001	0.870000000000001	0.880000000000001	0.890000000000001	0.900000000000001	0.910000000000001	0.920000000000001	0.930000000000001	0.940000000000001	0.950000000000001	0.960000000000001	0.970000000000001	0.980000000000001	0.990000000000001	1	1.01	1.02	1.03	1.04	1.05	1.06	1.07	1.08	1.09	1.1	1.11	1.12	1.13	1.14	1.15	1.16	1.17	1.18	1.19	1.2	1.21	1.22	1.23	1.24	1.25	1.26	1.27	1.28	1.29	1.3	1.31	1.32	1.33	1.34	1.35	1.36	1.37	1.38	1.39	1.4	1.41	1.42	1.43	1.44	1.45	1.46	1.47	1.48	1.49	1.5	1.51	1.52	1.53	1.54	1.55	1.56	1.57	1.58	1.59	1.6	1.61	1.62	1.63	1.64	1.65	1.66	1.67	1.68	1.69	1.7	1.71	1.72	1.73	1.74	1.75	1.76	1.77	1.78	1.79	1.8	1.81	1.82	1.83	1.84	1.85	1.86	1.87	1.88	1.89	1.9	1.91	1.92	1.93	1.94	1.95	1.96	1.97	1.98	1.99	2	2.01	2.02	2.03	2.04	2.05	2.06	2.07	2.08	2.09	2.1	2.11	2.12	2.13	2.14	2.15	2.16	2.17	2.18	2.19	2.2	2.21	2.22	2.23	2.24	2.25	2.26	
159044453	17	17	1	17	6	11	15	1	18	8	5	5	11	13	8	15	8	8	8	4	13	5	12	12	6	6	8	8	8	11	7	6	11	9	10	6	8	6	11	8	11	5	8	6	11	11	8	9	11	7	10	9	7	5	6	8	8	7	5	5	7	10	7	10	5	5	5	7	7	7	7	6	4	7	5	6	6	5	6	6	6	6	5	6	5	6	5	7	5	6	5	5	5	5	4	6	4	6	4	6	4	4	4	4	6	4	4	6	4	4	4	6	5	6	5	4	5	5	5	4	4	5	5	6	5	4	4	4	4	3	3	3	3	3	4	3	3	4	3	4	3	4	4	4	4	3	4	3	3	4	4	4	3	4	4	3	3	4	3	3	3	3	3	3	3	3	3	3	3	3	3	3	3	3	3	3	3	3	3	3	3	3	3	3	3	3	3	3	3	3	3	3	3	3	3	3	3	3	3	3	3	3	3	3	3	3	3	3	3	3	3	3	3	3	3	3	3	3	3	3	3	2	2	2	2	2	1
146306060	16	16	6	13	4	15	10	3	16	4	9	1	1	2	2	2	2	2	2	2	3	3	4	3	2	2	2	2	4	3	2	2	4	3	4	2	4	2	3	2	3	3	3	3	3	3	3	4	4	2	4	4	3	3	3	4	4	3	3	3	3	4	3	4	3	3	3	4	4	4	4	1	1	1	1	1	1	1	1	1	1	1	1	1	1	1	1	1	1	1	1	1	1	1	1	1	1	1	1	1	1	1	1	1	1	1	1	1	1	1	1	1	1	1	1	1	1	1	1	1	1	1	1	1	1	1	1	1	1	1	1	1	1	1	1	1	1	1	1	1	1	1	1	1	1	1	1	1	1	1	1	1	1	1	1	1	1	1	1	1	1	1	1	1	1	1	1	1	1	1	1	1	1	1	1	1	1	1	1	1	1	1	1	1	1	1	1	1	1	1	1	1	1	1	1	1	1	1	1	1	1	1	1	1	1	1	1	1	1	1	1	1	1	1	1	1	1	1	1	1	1	1	1	1	1	1	1
237808173	3	4	14	5	17	5	9	16	4	13	10	11	6	3	11	6	11	12	10	12	6	6	11	11	5	5	9	9	9	12	8	5	10	8	11	5	9	5	10	7	10	6	7	5	10	10	9	8	10	8	9	10	6	6	5	9	10	6	7	7	5	8	5	8	6	7	7	9	8	9	9	8	6	6	6	7	7	6	7	7	5	5	6	5	6	5	6	6	6	7	6	6	6	6	5	5	5	5	6	5	6	6	6	6	4	6	6	4	6	5	5	5	4	5	4	5	4	4	6	5	5	6	4	5	2	2	2	2	2	1	1	1	1	1	1	1	1	1	1	1	1	1	1	1	1	1	1	1	1	1	1	1	1	1	1	1	1	1	1	1	1	1	1	1	1	1	1	1	1	1	1	1	1	1	1	1	1	1	1	1	1	1	1	1	1	1	1	1	1	1	1	1	1	1	1	1	1	1	1	1	1	1	1	1	1	1	1	1	1	1	1	1	1	1	1	1	1	1	1	1	1	1	1	1	1	1	1
557223798	13	13	3	14	3	14	13	4	15	5	8	7	14	14	7	14	7	6	3	3	2	4	2	2	4	4	4	4	2	2	4	4	2	2	2	4	2	4	2	4	2	4	4	4	2	2	2	2	2	4	3	3	4	4	4	3	3	4	4	4	4	3	4	3	4	4	4	3	3	3	3	3	3	4	3	3	3	3	3	3	4	4	3	4	3	4	3	4	3	3	3	3	3	2	2	3	2	3	2	3	2	2	3	2	2	3	3	2	3	3	3	2	3	2	3	3	3	3	2	3	3	2	3	2	2	2	2	2	2	5	4	1	1	1	1	1	1	1	1	1	1	1	1	1	1	1	1	1	1	1	1	1	1	1	1	1	1	1	1	1	1	1	1	1	1	1	1	1	1	1	1	1	1	1	1	1	1	1	1	1	1	1	1	1	1	1	1	1	1	1	1	1	1	1	1	1	1	1	1	1	1	1	1	1	1	1	1	1	1	1	1	1	1	1	1	1	1	1	1	1	1	1	1	1	1	1	1
472327052	14	14	5	15	1	13	12	6	13	7	7	8	13	15	6	13	6	7	7	5	12	2	3	4	3	3	3	3	3	4	3	3	3	4	3	3	3	3	4	3	4	2	2	2	4	4	4	3	3	3	2	2	2	2	2	2	2	2	2	2	2	2	2	2	2	2	2	2	2	2	2	2	2	2	2	2	2	2	2	2	2	2	2	2	2	2	2	2	2	2	2	2	2	1	1	1	1	1	1	1	1	1	1	1	1	1	1	1	1	1	1	1	1	1	1	1	1	1	1	1	1	1	1	1	1	1	1	1	1	1	1	1	1	1	1	1	1	1	1	1	1	1	1	1	1	1	1	1	1	1	1	1	1	1	1	1	1	1	1	1	1	1	1	1	1	1	1	1	1	1	1	1	1	1	1	1	1	1	1	1	1	1	1	1	1	1	1	1	1	1	1	1	1	1	1	1	1	1	1	1	1	1	1	1	1	1	1	1	1	1	1	1	1	1	1	1	1	1	1	1	1	1	1	1	1	1	1
378952654	5	5	16	3	18	7	7	14	5	12	12	10	7	1	1	1	1	1	1	1	1	1	1	1	1	1	1	1	1	1	1	1	1	1	1	1	1	1	1	1	1	1	1	1	1	1	1	1	1	1	1	1	1	1	1	1	1	1	1	1	1	1	1	1	1	1	1	1	1	1	1	1	1	1	1	1	1	1	1	1	1	1	1	1	1	1	1	1	1	1	1	1	1	1	1	1	1	1	1	1	1	1	1	1	1	1	1	1	1	1	1	1	1	1	1	1	1	1	1	1	1	1	1	1	1	1	1	1	1	1	1	1	1	1	1	1	1	1	1	1	1	1	1	1	1	1	1	1	1	1	1	1	1	1	1	1	1	1	1	1	1	1	1	1	1	1	1	1	1	1	1	1	1	1	1	1	1	1	1	1	1	1	1	1	1	1	1	1	1	1	1	1	1	1	1	1	1	1	1	1	1	1	1	1	1	1	1	1	1	1	1	1	1	1	1	1	1	1	1	1	1	1	1	1	1	1	1
386067575	1	1	17	2	14	8	6	18	1	11	13	14	8	6	9	3	10	9	9	13	4	2	3	4	3	3	3	3	3	4	3	3	3	4	3	3	3	3	4	3	4	2	2	2	4	4	4	3	3	3	2	2	2	2	2	2	2	2	2	2	2	2	2	2	2	2	2	2	2	2	2	2	2	2	2	2	2	2	2	2	2	2	2	2	2	2	2	2	2	2	2	2	2	1	1	1	1	1	1	1	1	1	1	1	1	1	1	1	1	1	1	1	1	1	1	1	1	1	1	1	1	1	1	1	1	1	1	1	1	1	1	1	1	1	1	1	1	1	1	1	1	1	1	1	1	1	1	1	1	1	1	1	1	1	1	1	1	1	1	1	1	1	1	1	1	1	1	1	1	1	1	1	1	1	1	1	1	1	1	1	1	1	1	1	1	1	1	1	1	1	1	1	1	1	1	1	1	1	1	1	1	1	1	1	1	1	1	1	1	1	1	1	1	1	1	1	1	1	1	1	1	1	1	1	1	1	1
110833253	6	6	11	8	10	2	3	13	6	17	16	17	2	9	13	7	15	13	12	9	7	10	6	7	11	11	12	12	5	7	11	10	6	6	6	10	5	10	7	11	7	9	10	9	7	7	6	5	6	11	6	6	9	8	8	5	5	10	8	8	10	7	8	5	8	8	9	5	6	6	6	4	7	5	7	5	5	7	5	5	7	7	7	7	7	7	7	5	7	5	7	7	7	4	6	4	6	4	5	4	5	5	5	5	5	5	5	5	5	6	6	4	6	4	6	6	6	6	4	6	6	4	6	4	4	5	5	5	5	4	5	4	4	4	3	4	4	3	4	3	4	3	3	3	3	4	3	4	4	3	3	3	4	3	3	4	4	3	4	2	2	2	2	2	2	2	2	2	2	2	2	2	2	2	2	2	2	2	2	2	2	2	2	2	2	2	2	2	2	2	2	2	1	1	1	1	1	1	1	1	1	1	1	1	1	1	1	1	1	1	1	1	1	1	1	1	1	1	1	1	1	1	1	1	1	1	1
71736757	7	7	12	6	12	4	2	11	8	15	18	15	4	7	15	9	14	14	1	1	1	1	1	1	1	1	1	1	1	1	1	1	1	1	1	1	1	1	1	1	1	1	1	1	1	1	1	1	1	1	1	1	1	1	1	1	1	1	1	1	1	1	1	1	1	1	1	1	1	1	1	1	1	1	1	1	1	1	1	1	1	1	1	1	1	1	1	1	1	1	1	1	1	1	1	1	1	1	1	1	1	1	1	1	1	1	1	1	1	1	1	1	1	1	1	1	1	1	1	1	1	1	1	1	1	1	1	1	1	1	1	1	1	1	1	1	1	1	1	1	1	1	1	1	1	1	1	1	1	1	1	1	1	1	1	1	1	1	1	1	1	1	1	1	1	1	1	1	1	1	1	1	1	1	1	1	1	1	1	1	1	1	1	1	1	1	1	1	1	1	1	1	1	1	1	1	1	1	1	1	1	1	1	1	1	1	1	1	1	1	1	1	1	1	1	1	1	1	1	1	1	1	1	1	1	1	1
229588526	18	18	2	18	5	10	14	2	17	9	4	6	10	1	1	1	1	1	1	1	1	1	1	1	1	1	1	1	1	1	1	1	1	1	1	1	1	1	1	1	1	1	1	1	1	1	1	1	1	1	1	1	1	1	1	1	1	1	1	1	1	1	1	1	1	1	1	1	1	1	1	1	1	1	1	1	1	1	1	1	1	1	1	1	1	1	1	1	1	1	1	1	1	1	1	1	1	1	1	1	1	1	1	1	1	1	1	1	1	1	1	1	1	1	1	1	1	1	1	1	1	1	1	1	1	1	1	1	1	1	1	1	1	1	1	1	1	1	1	1	1	1	1	1	1	1	1	1	1	1	1	1	1	1	1	1	1	1	1	1	1	1	1	1	1	1	1	1	1	1	1	1	1	1	1	1	1	1	1	1	1	1	1	1	1	1	1	1	1	1	1	1	1	1	1	1	1	1	1	1	1	1	1	1	1	1	1	1	1	1	1	1	1	1	1	1	1	1	1	1	1	1	1	1	1	1	1
333902066	4	3	15	4	16	6	8	15	3	14	11	12	5	4	12	5	12	11	11	11	5	12	5	5	12	12	10	10	7	5	9	11	5	7	5	11	7	11	5	9	5	11	9	11	5	5	7	7	5	9	5	5	8	10	10	7	9	5	6	6	6	9	6	9	7	6	6	8	9	8	8	7	5	3	4	4	4	4	4	4	3	3	4	3	4	3	4	3	4	4	4	4	4	3	3	2	3	2	3	2	3	3	2	3	3	2	2	3	2	2	2	3	2	3	2	2	2	2	3	2	2	3	2	3	3	3	3	3	3	2	2	2	2	2	2	2	2	2	2	2	2	2	2	2	2	2	2	2	2	2	2	2	2	2	2	2	2	2	2	2	2	2	2	2	2	2	2	2	2	2	2	2	2	2	2	2	2	2	2	2	2	2	2	2	2	2	2	2	2	2	2	2	2	2	2	2	2	2	2	2	2	2	2	2	2	2	2	2	2	2	2	2	2	2	2	2	2	2	2	2	2	1	1	1	1	1	1
330501990	9	9	10	9	13	1	4	10	9	18	15	1	1	2	2	2	2	2	2	2	3	3	4	3	2	2	2	2	4	3	2	2	4	3	4	2	4	2	3	2	3	3	3	3	3	3	3	4	4	2	4	4	3	3	3	4	4	3	3	3	3	4	3	4	3	3	3	4	4	4	4	1	1	1	1	1	1	1	1	1	1	1	1	1	1	1	1	1	1	1	1	1	1	1	1	1	1	1	1	1	1	1	1	1	1	1	1	1	1	1	1	1	1	1	1	1	1	1	1	1	1	1	1	1	1	1	1	1	1	1	1	1	1	1	1	1	1	1	1	1	1	1	1	1	1	1	1	1	1	1	1	1	1	1	1	1	1	1	1	1	1	1	1	1	1	1	1	1	1	1	1	1	1	1	1	1	1	1	1	1	1	1	1	1	1	1	1	1	1	1	1	1	1	1	1	1	1	1	1	1	1	1	1	1	1	1	1	1	1	1	1	1	1	1	1	1	1	1	1	1	1	1	1	1	1	1	1
226943224	8	8	13	7	11	3	1	12	7	16	17	16	3	8	14	8	13	15	13	10	8	11	7	6	10	10	11	11	6	6	10	9	7	5	7	9	6	9	6	10	6	10	11	10	6	6	5	6	7	10	7	7	10	9	9	6	7	9	10	10	8	5	9	6	9	10	3	1	1	1	1	1	1	1	1	1	1	1	1	1	1	1	1	1	1	1	1	1	1	1	1	1	1	1	1	1	1	1	1	1	1	1	1	1	1	1	1	1	1	1	1	1	1	1	1	1	1	1	1	1	1	1	1	1	1	1	1	1	1	1	1	1	1	1	1	1	1	1	1	1	1	1	1	1	1	1	1	1	1	1	1	1	1	1	1	1	1	1	1	1	1	1	1	1	1	1	1	1	1	1	1	1	1	1	1	1	1	1	1	1	1	1	1	1	1	1	1	1	1	1	1	1	1	1	1	1	1	1	1	1	1	1	1	1	1	1	1	1	1	1	1	1	1	1	1	1	1	1	1	1	1	1	1	1	1	1	1
512616835	12	12	7	12	9	16	18	7	12	3	1	2	15	10	5	12	5	5	6	6	11	7	10	10	9	9	5	5	10	8	5	8	9	11	8	8	10	8	9	6	9	7	6	8	9	9	10	11	9	5	2	2	2	2	2	2	2	2	2	2	2	2	2	2	2	2	2	2	2	2	2	2	2	2	2	2	2	2	2	2	2	2	2	2	2	2	2	2	2	2	2	2	2	1	1	1	1	1	1	1	1	1	1	1	1	1	1	1	1	1	1	1	1	1	1	1	1	1	1	1	1	1	1	1	1	1	1	1	1	1	1	1	1	1	1	1	1	1	1	1	1	1	1	1	1	1	1	1	1	1	1	1	1	1	1	1	1	1	1	1	1	1	1	1	1	1	1	1	1	1	1	1	1	1	1	1	1	1	1	1	1	1	1	1	1	1	1	1	1	1	1	1	1	1	1	1	1	1	1	1	1	1	1	1	1	1	1	1	1	1	1	1	1	1	1	1	1	1	1	1	1	1	1	1	1	1	1
104782499	2	2	18	1	15	9	5	17	2	10	14	13	9	5	10	4	9	10	3	3	2	4	2	2	4	4	4	4	2	2	4	4	2	2	2	4	2	4	2	4	2	4	4	4	2	2	2	2	2	4	3	3	4	4	4	3	3	4	4	4	4	3	4	3	4	4	4	3	3	3	3	3	3	4	3	3	3	3	3	3	4	4	3	4	3	4	3	4	3	3	3	3	3	2	2	3	2	3	2	3	2	2	3	2	2	3	3	2	3	3	3	2	3	2	3	3	3	3	2	3	3	2	3	2	2	2	2	2	2	1	1	1	1	1	1	1	1	1	1	1	1	1	1	1	1	1	1	1	1	1	1	1	1	1	1	1	1	1	1	1	1	1	1	1	1	1	1	1	1	1	1	1	1	1	1	1	1	1	1	1	1	1	1	1	1	1	1	1	1	1	1	1	1	1	1	1	1	1	1	1	1	1	1	1	1	1	1	1	1	1	1	1	1	1	1	1	1	1	1	1	1	1	1	1	1	1	1
146306700	10	10	8	11	7	17	17	9	10	2	2	4	16	12	3	10	4	3	4	7	9	8	8	9	8	8	7	7	11	10	6	7	8	10	9	7	11	7	8	5	8	8	5	7	8	8	11	10	8	6	8	8	5	7	7	10	6	8	9	9	9	6	10	7	10	9	8	6	5	5	5	5	8	3	4	4	4	4	4	4	3	3	4	3	4	3	4	3	4	4	4	4	4	3	3	2	3	2	3	2	3	3	2	3	3	2	2	3	2	2	2	3	2	3	2	2	2	2	3	2	2	3	2	3	3	3	3	3	3	2	2	2	2	2	2	2	2	2	2	2	2	2	2	2	2	2	2	2	2	2	2	2	2	2	2	2	2	2	2	2	2	2	2	2	2	2	2	2	2	2	2	2	2	2	2	2	2	2	2	2	2	2	2	2	2	2	2	2	2	2	2	2	2	2	2	2	2	2	2	2	2	2	2	2	2	2	2	2	2	2	2	2	2	2	2	2	2	2	2	2	2	1	1	1	1	1	1
501678508	15	15	4	16	2	12	11	5	14	6	6	9	12	1	1	1	1	1	1	1	1	1	1	1	1	1	1	1	1	1	1	1	1	1	1	1	1	1	1	1	1	1	1	1	1	1	1	1	1	1	1	1	1	1	1	1	1	1	1	1	1	1	1	1	1	1	1	1	1	1	1	1	1	1	1	1	1	1	1	1	1	1	1	1	1	1	1	1	1	1	1	1	1	1	1	1	1	1	1	1	1	1	1	1	1	1	1	1	1	1	1	1	1	1	1	1	1	1	1	1	1	1	1	1	1	1	1	1	1	1	1	1	1	1	1	1	1	1	1	1	1	1	1	1	1	1	1	1	1	1	1	1	1	1	1	1	1	1	1	1	1	1	1	1	1	1	1	1	1	1	1	1	1	1	1	1	1	1	1	1	1	1	1	1	1	1	1	1	1	1	1	1	1	1	1	1	1	1	1	1	1	1	1	1	1	1	1	1	1	1	1	1	1	1	1	1	1	1	1	1	1	1	1	1	1	1	1
431804365	11	11	9	10	8	18	16	8	11	1	3	3	17	11	4	11	3	4	5	8	10	9	9	8	7	7	6	6	12	9	1	1	1	1	1	1	1	1	1	1	1	1	1	1	1	1	1	1	1	1	1	1	1	1	1	1	1	1	1	1	1	1	1	1	1	1	1	1	1	1	1	1	1	1	1	1	1	1	1	1	1	1	1	1	1	1	1	1	1	1	1	1	1	1	1	1	1	1	1	1	1	1	1	1	1	1	1	1	1	1	1	1	1	1	1	1	1	1	1	1	1	1	1	1	1	1	1	1	1	1	1	1	1	1	1	1	1	1	1	1	1	1	1	1	1	1	1	1	1	1	1	1	1	1	1	1	1	1	1	1	1	1	1	1	1	1	1	1	1	1	1	1	1	1	1	1	1	1	1	1	1	1	1	1	1	1	1	1	1	1	1	1	1	1	1	1	1	1	1	1	1	1	1	1	1	1	1	1	1	1	1	1	1	1	1	1	1	1	1	1	1	1	1	1	1	1	1
