#dist_cut	num_seqs	num_clusters	num_clusters(recip_simpson_index)	avg_intra_clust_phylo_dist_phylum(norm_shannon_index)	avg_inter_clust_phylo_dist_phylum(norm_shannon_index)	avg_intra_clust_phylo_dist_order(norm_shannon_index)	avg_inter_clust_phylo_dist_order(norm_shannon_index)	avg_silhouette_width	avg_inter_clust_dist	avg_intra_clust_dist	dunn_index
0	23	23	23	0	0.337016395709308	0	0.31950833176039	1	1.76989718387352	0	0.07760372
0.01	23	23	23	0	0.337016395709308	0	0.31950833176039	1	1.76989718387352	0	0.07760372
0.02	23	23	23	0	0.337016395709308	0	0.31950833176039	1	1.76989718387352	0	0.07760372
0.03	23	23	23	0	0.337016395709308	0	0.31950833176039	1	1.76989718387352	0	0.07760372
0.04	23	23	23	0	0.337016395709308	0	0.31950833176039	1	1.76989718387352	0	0.07760372
0.05	23	23	23	0	0.337016395709308	0	0.31950833176039	1	1.76989718387352	0	0.07760372
0.06	23	23	23	0	0.337016395709308	0	0.31950833176039	1	1.76989718387352	0	0.07760372
0.07	23	23	23	0	0.337016395709308	0	0.31950833176039	1	1.76989718387352	0	0.07760372
0.08	23	22	21.16	0	0.350964500706935	0	0.331472864283565	0.909090909090909	1.81451739493506	0.00352744181818182	1.14917094180537
0.09	23	21	19.5925925925926	0	0.366097386724519	0	0.344308835064898	0.897218231465898	1.86249907219048	0.00794207904761905	1.32806144520842
0.1	23	21	19.5925925925926	0	0.366097386724519	0	0.344308835064898	0.896096122659077	1.86249907219048	0.00794207904761905	1.32806144520842
0.11	23	21	19.5925925925926	0	0.366097386724519	0	0.344308835064898	0.896096122659077	1.86249907219048	0.00794207904761905	1.32806144520842
0.12	23	20	17.0645161290323	0	0.382052607103661	0	0.357577172119131	0.891886828023295	1.91382291307017	0.00931439966666667	1.22464231408886
0.13	23	20	17.0645161290323	0	0.382052607103661	0	0.357577172119131	0.891886828023295	1.91382291307017	0.00931439966666667	1.22464231408886
0.14	23	18	14.2972972972973	0	0.419001248601891	0	0.387641135658603	0.865365821162319	2.01656734854031	0.0201634044444444	1.19416855197501
0.15	23	18	14.2972972972973	0	0.419001248601891	0	0.387641135658603	0.867023049107176	2.01656734854031	0.0201634044444444	1.19416855197501
0.16	23	16	11.7555555555556	0	0.464107176230558	0	0.422901600096713	0.857607627623489	2.08164948327083	0.0348011009375	1.09233678763094
0.17	23	16	11.7555555555556	0	0.464107176230558	0	0.422901600096713	0.864444236363124	2.08164948327083	0.0348011009375	1.09233678763094
0.18	23	16	11.7555555555556	0	0.464107176230558	0	0.422901600096713	0.857607627623489	2.08164948327083	0.0348011009375	1.09233678763094
0.19	23	15	9.9811320754717	0	0.490842748595336	0	0.443061458532988	0.832886397079516	2.15413993769524	0.0379212229777778	2.20243513605217
0.2	23	15	9.9811320754717	0	0.490842748595336	0	0.443061458532988	0.832886397079516	2.15413993769524	0.0379212229777778	2.20243513605217
0.21	23	15	9.9811320754717	0	0.490842748595336	0	0.443061458532988	0.832886397079516	2.15413993769524	0.0379212229777778	2.20243513605217
0.22	23	15	9.9811320754717	0	0.490842748595336	0	0.443061458532988	0.840178779735126	2.15413993769524	0.0379212229777778	2.20243513605217
0.23	23	15	9.9811320754717	0	0.490842748595336	0	0.443061458532988	0.840178779735126	2.15413993769524	0.0379212229777778	2.20243513605217
0.24	23	15	9.9811320754717	0	0.490842748595336	0	0.443061458532988	0.840178779735126	2.15413993769524	0.0379212229777778	2.20243513605217
0.25	23	15	9.9811320754717	0	0.490842748595336	0	0.443061458532988	0.840178779735126	2.15413993769524	0.0379212229777778	2.20243513605217
0.26	23	15	9.9811320754717	0	0.490842748595336	0	0.443061458532988	0.840178779735126	2.15413993769524	0.0379212229777778	2.20243513605217
0.27	23	15	9.9811320754717	0	0.490842748595336	0	0.443061458532988	0.840178779735126	2.15413993769524	0.0379212229777778	2.20243513605217
0.28	23	14	8.3968253968254	0	0.521281923167992	0	0.46536448817305	0.820777768931161	2.23181092787546	0.0452594897142857	2.02125405916263
0.29	23	14	8.3968253968254	0	0.521281923167992	0	0.46536448817305	0.820777768931161	2.23181092787546	0.0452594897142857	2.02125405916263
0.3	23	14	8.3968253968254	0	0.521281923167992	0	0.46536448817305	0.820777768931161	2.23181092787546	0.0452594897142857	2.02125405916263
0.31	23	14	8.3968253968254	0	0.521281923167992	0	0.46536448817305	0.820777768931161	2.23181092787546	0.0452594897142857	2.02125405916263
0.32	23	14	8.3968253968254	0	0.521281923167992	0	0.46536448817305	0.820777768931161	2.23181092787546	0.0452594897142857	2.02125405916263
0.33	23	14	8.3968253968254	0	0.521281923167992	0	0.46536448817305	0.820777768931161	2.23181092787546	0.0452594897142857	2.02125405916263
0.34	23	14	8.3968253968254	0	0.521281923167992	0	0.46536448817305	0.820777768931161	2.23181092787546	0.0452594897142857	2.02125405916263
0.35	23	14	8.3968253968254	0	0.521281923167992	0	0.46536448817305	0.820777768931161	2.23181092787546	0.0452594897142857	2.02125405916263
0.36	23	14	8.3968253968254	0	0.521281923167992	0	0.46536448817305	0.828591036062172	2.23181092787546	0.0452594897142857	2.02125405916263
0.37	23	14	8.3968253968254	0	0.521281923167992	0	0.46536448817305	0.828591036062172	2.23181092787546	0.0452594897142857	2.02125405916263
0.38	23	14	8.3968253968254	0	0.521281923167992	0	0.46536448817305	0.828591036062172	2.23181092787546	0.0452594897142857	2.02125405916263
0.39	23	13	5.34343434343434	0	0.561755578315617	0	0.495710198538325	0.836228465355639	2.30881083196581	0.0475335467521368	1.36716567513106
0.4	23	13	5.34343434343434	0	0.561755578315617	0	0.495710198538325	0.83622846535564	2.30881083196581	0.0475335467521368	1.36716567513106
0.41	23	13	5.34343434343434	0	0.561755578315617	0	0.495710198538325	0.827744915080722	2.30881083196581	0.0475335467521368	1.36716567513106
0.42	23	13	5.34343434343434	0	0.561755578315617	0	0.495710198538325	0.836228465355639	2.30881083196581	0.0475335467521368	1.36716567513106
0.43	23	13	5.34343434343434	0	0.561755578315617	0	0.495710198538325	0.827744915080722	2.30881083196581	0.0475335467521368	1.36716567513106
0.44	23	13	5.34343434343434	0	0.561755578315617	0	0.495710198538325	0.827744915080721	2.30881083196581	0.0475335467521368	1.36716567513106
0.45	23	12	5.23762376237624	0	0.600372525113107	0	0.521212412122945	0.772520414797227	2.40688188841751	0.0886238964814815	1.10773567494515
0.46	23	13	7.24657534246575	0	0.557341294157647	0	0.491219020577835	0.788441377746465	2.32075063849817	0.0892437179120879	0.885977752633575
0.47	23	13	7.24657534246575	0	0.557341294157647	0	0.491219020577835	0.779603681825539	2.32075063849817	0.0892437179120879	0.885977752633575
0.48	23	12	5.23762376237624	0	0.600372525113107	0	0.521212412122946	0.762999273819099	2.40688188841751	0.0886238964814815	1.10773567494515
0.49	23	12	5.23762376237624	0	0.600372525113107	0	0.521212412122945	0.772520414797227	2.40688188841751	0.0886238964814815	1.10773567494515
0.5	23	11	5.13592233009709	0	0.644222512842037	0	0.547902598440717	0.725725314179685	2.3471338099596	0.14154900979798	1.07074143198791
0.51	23	11	5.13592233009709	0	0.644222512842037	0	0.547902598440717	0.725725314179685	2.3471338099596	0.14154900979798	1.07074143198791
0.52	23	10	4.94392523364486	0	0.692039607641305	0	0.572654450072127	0.653467694585809	2.47334470937037	0.182061750111111	1.27437637905415
0.53	23	9	4.4453781512605	0	0.748827133682938	0	0.597571172644256	0.663114561009272	2.60172207306173	0.172705662641975	1.25219413745007
0.54	23	9	4.4453781512605	0	0.748827133682938	0	0.597571172644256	0.663114561009272	2.60172207306173	0.172705662641975	1.25219413745007
0.55	23	9	4.4453781512605	0	0.748827133682938	0	0.597571172644256	0.663103713059746	2.60172207306173	0.172705662641975	1.25219413745007
0.56	23	9	4.4453781512605	0	0.748827133682938	0	0.597571172644256	0.663103713059746	2.60172207306173	0.172705662641975	1.25219413745007
0.57	23	9	4.4453781512605	0	0.748827133682938	0	0.597571172644256	0.663114561009272	2.60172207306173	0.172705662641975	1.25219413745007
0.58	23	9	4.4453781512605	0	0.748827133682938	0	0.597571172644256	0.663114561009272	2.60172207306173	0.172705662641975	1.25219413745006
0.59	23	9	4.4453781512605	0	0.748827133682938	0	0.597571172644256	0.663103713059746	2.60172207306173	0.172705662641975	1.25219413745006
0.6	23	9	4.4453781512605	0	0.748827133682938	0	0.597571172644256	0.663114561009272	2.60172207306173	0.172705662641975	1.25219413745007
0.61	23	8	4.10077519379845	0	0.8162836863701	0	0.619259910463463	0.616929596451593	2.69854623015873	0.200346129055556	1.22469591881746
0.62	23	8	4.10077519379845	0	0.8162836863701	0	0.619259910463463	0.616782234658477	2.69854623015873	0.200346129055556	1.22469591881746
0.63	23	8	4.10077519379845	0	0.8162836863701	0	0.619259910463463	0.616929596451594	2.69854623015873	0.200346129055556	1.22469591881746
0.64	23	8	4.10077519379845	0	0.8162836863701	0	0.619259910463463	0.616782234658477	2.69854623015873	0.200346129055556	1.22469591881746
0.65	23	8	3.86131386861314	0	0.820277173207361	0	0.623322961102521	0.630971991831778	2.69284477517857	0.208702812222222	1.27710879907456
0.66	23	8	3.86131386861314	0	0.820277173207361	0	0.623322961102521	0.630984195774995	2.69284477517857	0.208702812222222	1.27710879907456
0.67	23	8	3.86131386861314	0	0.820277173207361	0	0.623322961102521	0.630971991831778	2.69284477517857	0.208702812222222	1.27710879907456
0.68	23	8	3.86131386861314	0	0.820277173207361	0	0.623322961102521	0.630971991831778	2.69284477517857	0.208702812222222	1.27710879907456
0.69	23	8	3.20606060606061	0	0.835918660383364	0	0.639236912257509	0.674537074504946	2.69269304990079	0.198342039204545	1.32910232055617
0.7	23	8	3.20606060606061	0	0.835918660383364	0	0.639236912257509	0.674426351334607	2.69269304990079	0.198342039204545	1.32910232055617
0.71	23	8	3.20606060606061	0	0.835918660383364	0	0.639236912257509	0.674537074504946	2.69269304990079	0.198342039204545	1.32910232055617
0.72	23	8	3.20606060606061	0	0.835918660383364	0	0.639236912257509	0.674537074504946	2.69269304990079	0.198342039204545	1.32910232055617
0.73	23	8	3.20606060606061	0	0.835918660383364	0	0.639236912257509	0.674426351334607	2.69269304990079	0.198342039204545	1.32910232055617
0.74	23	8	3.20606060606061	0	0.835918660383364	0	0.639236912257509	0.674426351334608	2.69269304990079	0.198342039204545	1.32910232055617
0.75	23	8	3.20606060606061	0	0.835918660383364	0	0.639236912257509	0.674537074504945	2.69269304990079	0.198342039204545	1.32910232055617
0.76	23	8	3.20606060606061	0	0.835918660383364	0	0.639236912257509	0.674537074504946	2.69269304990079	0.198342039204545	1.32910232055617
0.77	23	8	3.20606060606061	0	0.835918660383364	0	0.639236912257509	0.674426351334607	2.69269304990079	0.198342039204545	1.32910232055617
0.78	23	8	3.20606060606061	0	0.835918660383364	0	0.639236912257509	0.674426351334608	2.69269304990079	0.198342039204545	1.32910232055617
0.79	23	8	3.20606060606061	0	0.835918660383364	0	0.639236912257509	0.674426351334608	2.69269304990079	0.198342039204545	1.32910232055617
0.8	23	8	3.20606060606061	0	0.835918660383364	0	0.639236912257509	0.674537074504945	2.69269304990079	0.198342039204545	1.32910232055617
0.81	23	8	3.20606060606061	0	0.835918660383364	0	0.639236912257509	0.674537074504945	2.69269304990079	0.198342039204545	1.32910232055617
0.820000000000001	23	8	3.20606060606061	0	0.835918660383364	0	0.639236912257509	0.674537074504945	2.69269304990079	0.198342039204545	1.32910232055617
0.830000000000001	23	8	3.20606060606061	0	0.835918660383364	0	0.639236912257509	0.674537074504946	2.69269304990079	0.198342039204545	1.32910232055617
0.840000000000001	23	8	3.20606060606061	0	0.835918660383364	0	0.639236912257509	0.674537074504946	2.69269304990079	0.198342039204545	1.32910232055617
0.850000000000001	23	8	3.20606060606061	0	0.835918660383364	0	0.639236912257509	0.674426351334607	2.69269304990079	0.198342039204545	1.32910232055617
0.860000000000001	23	8	3.20606060606061	0	0.835918660383364	0	0.639236912257509	0.674537074504945	2.69269304990079	0.198342039204545	1.32910232055617
0.870000000000001	23	8	3.20606060606061	0	0.835918660383364	0	0.639236912257509	0.674537074504945	2.69269304990079	0.198342039204545	1.32910232055617
0.880000000000001	23	8	3.20606060606061	0	0.835918660383364	0	0.639236912257509	0.674426351334607	2.69269304990079	0.198342039204545	1.32910232055618
0.890000000000001	23	8	3.20606060606061	0	0.835918660383364	0	0.639236912257509	0.674537074504946	2.69269304990079	0.198342039204545	1.32910232055617
0.900000000000001	23	8	3.20606060606061	0	0.835918660383364	0	0.639236912257509	0.674537074504945	2.69269304990079	0.198342039204545	1.32910232055617
0.910000000000001	23	8	3.20606060606061	0	0.835918660383364	0	0.639236912257509	0.674426351334607	2.69269304990079	0.198342039204545	1.32910232055617
0.920000000000001	23	7	2.23206751054852	0	0.954874009606246	0	0.6898500894524	0.680018568830393	2.8071918487619	0.178098463455782	1.96201309663273
0.930000000000001	23	7	2.23206751054852	0	0.954874009606246	0	0.6898500894524	0.6796778364341	2.8071918487619	0.178098463455782	1.96201309663273
0.940000000000001	23	7	2.23206751054852	0	0.954874009606246	0	0.6898500894524	0.680018568830392	2.8071918487619	0.178098463455782	1.96201309663273
0.950000000000001	23	7	2.23206751054852	0	0.954874009606246	0	0.6898500894524	0.6796778364341	2.8071918487619	0.178098463455782	1.96201309663273
0.960000000000001	23	7	2.23206751054852	0	0.954874009606246	0	0.6898500894524	0.680018568830392	2.8071918487619	0.178098463455782	1.96201309663273
0.970000000000001	23	7	2.23206751054852	0	0.954874009606246	0	0.6898500894524	0.680018568830392	2.8071918487619	0.178098463455782	1.96201309663273
0.980000000000001	23	7	2.23206751054852	0	0.954874009606246	0	0.6898500894524	0.6796778364341	2.8071918487619	0.178098463455782	1.96201309663273
0.990000000000001	23	7	2.23206751054852	0	0.954874009606246	0	0.6898500894524	0.6796778364341	2.8071918487619	0.178098463455782	1.96201309663273
1	23	7	2.23206751054852	0	0.954874009606246	0	0.6898500894524	0.680018568830392	2.8071918487619	0.178098463455782	1.96201309663273
1.01	23	7	2.23206751054852	0	0.954874009606246	0	0.6898500894524	0.680018568830392	2.8071918487619	0.178098463455782	1.96201309663273
1.02	23	7	2.23206751054852	0	0.954874009606246	0	0.6898500894524	0.680018568830393	2.8071918487619	0.178098463455782	1.96201309663273
1.03	23	7	2.23206751054852	0	0.954874009606246	0	0.6898500894524	0.6796778364341	2.8071918487619	0.178098463455782	1.96201309663273
1.04	23	7	2.23206751054852	0	0.954874009606246	0	0.6898500894524	0.6796778364341	2.8071918487619	0.178098463455782	1.96201309663273
1.05	23	7	2.23206751054852	0	0.954874009606246	0	0.6898500894524	0.6796778364341	2.8071918487619	0.178098463455782	1.96201309663273
1.06	23	7	2.23206751054852	0	0.954874009606246	0	0.6898500894524	0.679677836434101	2.8071918487619	0.178098463455782	1.96201309663273
1.07	23	7	2.23206751054852	0	0.954874009606246	0	0.6898500894524	0.680018568830392	2.8071918487619	0.178098463455782	1.96201309663273
1.08	23	7	2.23206751054852	0	0.954874009606246	0	0.6898500894524	0.680018568830392	2.8071918487619	0.178098463455782	1.96201309663273
1.09	23	7	2.23206751054852	0	0.954874009606246	0	0.6898500894524	0.680018568830392	2.8071918487619	0.178098463455782	1.96201309663273
1.1	23	7	2.23206751054852	0	0.954874009606246	0	0.6898500894524	0.680018568830393	2.8071918487619	0.178098463455782	1.96201309663273
1.11	23	7	2.23206751054852	0	0.954874009606246	0	0.6898500894524	0.6796778364341	2.8071918487619	0.178098463455782	1.96201309663273
1.12	23	7	2.23206751054852	0	0.954874009606246	0	0.6898500894524	0.6796778364341	2.8071918487619	0.178098463455782	1.96201309663273
1.13	23	7	2.23206751054852	0	0.954874009606246	0	0.6898500894524	0.6796778364341	2.8071918487619	0.178098463455782	1.96201309663273
1.14	23	7	2.23206751054852	0	0.954874009606246	0	0.6898500894524	0.6796778364341	2.8071918487619	0.178098463455782	1.96201309663273
1.15	23	6	2.19502074688797	0	1.05079322261852	0.150876020346179	0.808239704078511	0.588355567576477	2.859520569	0.319656317920635	1.84362806230464
1.16	23	6	2.19502074688797	0	1.05079322261852	0.150876020346179	0.808239704078511	0.588355567576476	2.859520569	0.319656317920635	1.84362806230464
1.17	23	6	2.19502074688797	0	1.05079322261852	0.150876020346179	0.808239704078511	0.588355567576477	2.859520569	0.319656317920635	1.84362806230464
1.18	23	5	2.1417004048583	0.628852267672957	0.92681311500328	0.295740029031872	0.906677915590804	0.486873158127919	2.75774068393333	0.453624885838095	1.5965670405656
1.19	23	5	2.1417004048583	0.628852267672957	0.92681311500328	0.295740029031872	0.906677915590804	0.486873158127919	2.75774068393333	0.453624885838095	1.5965670405656
1.2	23	5	2.1417004048583	0.628852267672957	0.92681311500328	0.295740029031872	0.906677915590804	0.486873158127919	2.75774068393333	0.453624885838095	1.5965670405656
1.21	23	5	2.1417004048583	0.628852267672957	0.92681311500328	0.295740029031872	0.906677915590804	0.486873158127919	2.75774068393333	0.453624885838095	1.5965670405656
1.22	23	5	2.1417004048583	0.628852267672957	0.92681311500328	0.295740029031872	0.906677915590804	0.486873158127919	2.75774068393333	0.453624885838095	1.5965670405656
1.23	23	5	2.1417004048583	0.628852267672957	0.92681311500328	0.295740029031872	0.906677915590804	0.486873158127918	2.75774068393333	0.453624885838095	1.5965670405656
1.24	23	5	2.1417004048583	0.628852267672957	0.92681311500328	0.295740029031872	0.906677915590804	0.486873158127919	2.75774068393333	0.453624885838095	1.5965670405656
1.25	23	5	2.1417004048583	0.628852267672957	0.92681311500328	0.295740029031872	0.906677915590804	0.486873158127919	2.75774068393333	0.453624885838095	1.5965670405656
1.26	23	5	2.1417004048583	0.628852267672957	0.92681311500328	0.295740029031872	0.906677915590804	0.486873158127919	2.75774068393333	0.453624885838095	1.5965670405656
1.27	23	5	2.1417004048583	0.628852267672957	0.92681311500328	0.295740029031872	0.906677915590804	0.486873158127919	2.75774068393333	0.453624885838095	1.5965670405656
1.28	23	5	2.1417004048583	0.628852267672957	0.92681311500328	0.295740029031872	0.906677915590804	0.486873158127919	2.75774068393333	0.453624885838095	1.5965670405656
1.29	23	5	2.1417004048583	0.628852267672957	0.92681311500328	0.295740029031872	0.906677915590804	0.486873158127919	2.75774068393333	0.453624885838095	1.5965670405656
1.3	23	5	2.1417004048583	0.628852267672957	0.92681311500328	0.295740029031872	0.906677915590804	0.486873158127919	2.75774068393333	0.453624885838095	1.5965670405656
1.31	23	5	2.1417004048583	0.628852267672957	0.92681311500328	0.295740029031872	0.906677915590804	0.486873158127919	2.75774068393333	0.453624885838095	1.5965670405656
1.32	23	5	2.1417004048583	0.628852267672957	0.92681311500328	0.295740029031872	0.906677915590804	0.486873158127918	2.75774068393333	0.453624885838095	1.5965670405656
1.33	23	5	2.1417004048583	0.628852267672957	0.92681311500328	0.295740029031872	0.906677915590804	0.486873158127919	2.75774068393333	0.453624885838095	1.5965670405656
1.34	23	5	2.1417004048583	0.628852267672957	0.92681311500328	0.295740029031872	0.906677915590804	0.486873158127919	2.75774068393333	0.453624885838095	1.5965670405656
1.35	23	5	2.1417004048583	0.628852267672957	0.92681311500328	0.295740029031872	0.906677915590804	0.486873158127918	2.75774068393333	0.453624885838095	1.5965670405656
1.36	23	5	2.1417004048583	0.628852267672957	0.92681311500328	0.295740029031872	0.906677915590804	0.486873158127919	2.75774068393333	0.453624885838095	1.5965670405656
1.37	23	5	2.1417004048583	0.628852267672957	0.92681311500328	0.295740029031872	0.906677915590804	0.486873158127919	2.75774068393333	0.453624885838095	1.5965670405656
1.38	23	5	2.1417004048583	0.628852267672957	0.92681311500328	0.295740029031872	0.906677915590804	0.486873158127919	2.75774068393333	0.453624885838095	1.5965670405656
1.39	23	5	2.1417004048583	0.628852267672957	0.92681311500328	0.295740029031872	0.906677915590804	0.486873158127919	2.75774068393333	0.453624885838095	1.5965670405656
1.4	23	5	2.1417004048583	0.628852267672957	0.92681311500328	0.295740029031872	0.906677915590804	0.486873158127919	2.75774068393333	0.453624885838095	1.5965670405656
1.41	23	5	2.1417004048583	0.628852267672957	0.92681311500328	0.295740029031872	0.906677915590804	0.486873158127918	2.75774068393333	0.453624885838095	1.5965670405656
1.42	23	5	2.1417004048583	0.628852267672957	0.92681311500328	0.295740029031872	0.906677915590804	0.486873158127919	2.75774068393333	0.453624885838095	1.5965670405656
1.43	23	5	2.1417004048583	0.628852267672957	0.92681311500328	0.295740029031872	0.906677915590804	0.486873158127919	2.75774068393333	0.453624885838095	1.5965670405656
1.44	23	5	2.1417004048583	0.628852267672957	0.92681311500328	0.295740029031872	0.906677915590804	0.486873158127918	2.75774068393333	0.453624885838095	1.5965670405656
1.45	23	5	2.1417004048583	0.628852267672957	0.92681311500328	0.295740029031872	0.906677915590804	0.486873158127919	2.75774068393333	0.453624885838095	1.5965670405656
1.46	23	5	2.1417004048583	0.628852267672957	0.92681311500328	0.295740029031872	0.906677915590804	0.486873158127918	2.75774068393333	0.453624885838095	1.5965670405656
1.47	23	5	2.1417004048583	0.628852267672957	0.92681311500328	0.295740029031872	0.906677915590804	0.486873158127919	2.75774068393333	0.453624885838095	1.5965670405656
1.48	23	5	2.1417004048583	0.628852267672957	0.92681311500328	0.295740029031872	0.906677915590804	0.486873158127919	2.75774068393333	0.453624885838095	1.5965670405656
1.49	23	5	2.1417004048583	0.628852267672957	0.92681311500328	0.295740029031872	0.906677915590804	0.486873158127919	2.75774068393333	0.453624885838095	1.5965670405656
1.5	23	5	2.1417004048583	0.628852267672957	0.92681311500328	0.295740029031872	0.906677915590804	0.486873158127918	2.75774068393333	0.453624885838095	1.5965670405656
1.51	23	5	2.1417004048583	0.628852267672957	0.92681311500328	0.295740029031872	0.906677915590804	0.486873158127918	2.75774068393333	0.453624885838095	1.5965670405656
1.52	23	5	2.1417004048583	0.628852267672957	0.92681311500328	0.295740029031872	0.906677915590804	0.486873158127919	2.75774068393333	0.453624885838095	1.5965670405656
1.53	23	5	2.1417004048583	0.628852267672957	0.92681311500328	0.295740029031872	0.906677915590804	0.486873158127919	2.75774068393333	0.453624885838095	1.5965670405656
1.54	23	5	2.1417004048583	0.628852267672957	0.92681311500328	0.295740029031872	0.906677915590804	0.486873158127919	2.75774068393333	0.453624885838095	1.5965670405656
1.55	23	5	2.1417004048583	0.628852267672957	0.92681311500328	0.295740029031872	0.906677915590804	0.486873158127918	2.75774068393333	0.453624885838095	1.5965670405656
1.56	23	5	2.1417004048583	0.628852267672957	0.92681311500328	0.295740029031872	0.906677915590804	0.486873158127919	2.75774068393333	0.453624885838095	1.5965670405656
1.57	23	5	2.1417004048583	0.628852267672957	0.92681311500328	0.295740029031872	0.906677915590804	0.486873158127919	2.75774068393333	0.453624885838095	1.5965670405656
1.58	23	5	2.1417004048583	0.628852267672957	0.92681311500328	0.295740029031872	0.906677915590804	0.486873158127919	2.75774068393333	0.453624885838095	1.5965670405656
1.59	23	5	2.1417004048583	0.628852267672957	0.92681311500328	0.295740029031872	0.906677915590804	0.486873158127919	2.75774068393333	0.453624885838095	1.5965670405656
1.6	23	5	2.1417004048583	0.628852267672957	0.92681311500328	0.295740029031872	0.906677915590804	0.486873158127919	2.75774068393333	0.453624885838095	1.5965670405656
1.61	23	5	2.1417004048583	0.628852267672957	0.92681311500328	0.295740029031872	0.906677915590804	0.486873158127919	2.75774068393333	0.453624885838095	1.5965670405656
1.62	23	5	2.1417004048583	0.628852267672957	0.92681311500328	0.295740029031872	0.906677915590804	0.486873158127919	2.75774068393333	0.453624885838095	1.5965670405656
1.63	23	5	2.1417004048583	0.628852267672957	0.92681311500328	0.295740029031872	0.906677915590804	0.486873158127919	2.75774068393333	0.453624885838095	1.5965670405656
1.64	23	5	2.1417004048583	0.628852267672957	0.92681311500328	0.295740029031872	0.906677915590804	0.486873158127918	2.75774068393333	0.453624885838095	1.5965670405656
1.65	23	5	2.1417004048583	0.628852267672957	0.92681311500328	0.295740029031872	0.906677915590804	0.486873158127919	2.75774068393333	0.453624885838095	1.5965670405656
1.66	23	5	2.1417004048583	0.628852267672957	0.92681311500328	0.295740029031872	0.906677915590804	0.486873158127918	2.75774068393333	0.453624885838095	1.5965670405656
1.67	23	5	2.1417004048583	0.628852267672957	0.92681311500328	0.295740029031872	0.906677915590804	0.486873158127919	2.75774068393333	0.453624885838095	1.5965670405656
1.68	23	5	2.1417004048583	0.628852267672957	0.92681311500328	0.295740029031872	0.906677915590804	0.486873158127919	2.75774068393333	0.453624885838095	1.5965670405656
1.69	23	5	2.1417004048583	0.628852267672957	0.92681311500328	0.295740029031872	0.906677915590804	0.486873158127919	2.75774068393333	0.453624885838095	1.5965670405656
1.7	23	5	2.1417004048583	0.628852267672957	0.92681311500328	0.295740029031872	0.906677915590804	0.486873158127919	2.75774068393333	0.453624885838095	1.5965670405656
1.71	23	5	2.1417004048583	0.628852267672957	0.92681311500328	0.295740029031872	0.906677915590804	0.486873158127919	2.75774068393333	0.453624885838095	1.5965670405656
1.72	23	5	2.1417004048583	0.628852267672957	0.92681311500328	0.295740029031872	0.906677915590804	0.486873158127918	2.75774068393333	0.453624885838095	1.5965670405656
1.73	23	4	1.90974729241877	0.786065334591196	1.07120638610714	0.452800181367739	0.967593624018302	0.359051017959685	2.85879282854167	0.607354832083333	2.0581601996726
1.74	23	4	1.90974729241877	0.786065334591196	1.07120638610714	0.452800181367739	0.967593624018302	0.359051017959685	2.85879282854167	0.607354832083333	2.0581601996726
1.75	23	4	1.90974729241877	0.786065334591196	1.07120638610714	0.452800181367739	0.967593624018302	0.359051017959685	2.85879282854167	0.607354832083333	2.0581601996726
1.76	23	4	1.90974729241877	0.786065334591196	1.07120638610714	0.452800181367739	0.967593624018302	0.359051017959685	2.85879282854167	0.607354832083333	2.0581601996726
1.77	23	4	1.90974729241877	0.786065334591196	1.07120638610714	0.452800181367739	0.967593624018302	0.359051017959685	2.85879282854167	0.607354832083333	2.0581601996726
1.78	23	4	1.90974729241877	0.786065334591196	1.07120638610714	0.452800181367739	0.967593624018302	0.359051017959685	2.85879282854167	0.607354832083333	2.0581601996726
1.79	23	4	1.90974729241877	0.786065334591196	1.07120638610714	0.452800181367739	0.967593624018302	0.359051017959685	2.85879282854167	0.607354832083333	2.0581601996726
1.8	23	4	1.90974729241877	0.786065334591196	1.07120638610714	0.452800181367739	0.967593624018302	0.359051017959685	2.85879282854167	0.607354832083333	2.0581601996726
1.81	23	4	1.90974729241877	0.786065334591196	1.07120638610714	0.452800181367739	0.967593624018302	0.359051017959685	2.85879282854167	0.607354832083333	2.0581601996726
1.82	23	4	1.90974729241877	0.786065334591196	1.07120638610714	0.452800181367739	0.967593624018302	0.359051017959685	2.85879282854167	0.607354832083333	2.0581601996726
1.83	23	4	1.90974729241877	0.786065334591196	1.07120638610714	0.452800181367739	0.967593624018302	0.359051017959685	2.85879282854167	0.607354832083333	2.0581601996726
1.84	23	4	1.90974729241877	0.786065334591196	1.07120638610714	0.452800181367739	0.967593624018302	0.359051017959685	2.85879282854167	0.607354832083333	2.0581601996726
1.85	23	4	1.90974729241877	0.786065334591196	1.07120638610714	0.452800181367739	0.967593624018302	0.359051017959685	2.85879282854167	0.607354832083333	2.0581601996726
1.86	23	4	1.90974729241877	0.786065334591196	1.07120638610714	0.452800181367739	0.967593624018302	0.359051017959685	2.85879282854167	0.607354832083333	2.0581601996726
1.87	23	4	1.90974729241877	0.786065334591196	1.07120638610714	0.452800181367739	0.967593624018302	0.359051017959685	2.85879282854167	0.607354832083333	2.0581601996726
1.88	23	4	1.90974729241877	0.786065334591196	1.07120638610714	0.452800181367739	0.967593624018302	0.359051017959685	2.85879282854167	0.607354832083333	2.0581601996726
1.89	23	4	1.90974729241877	0.786065334591196	1.07120638610714	0.452800181367739	0.967593624018303	0.359051017959685	2.85879282854167	0.607354832083333	2.0581601996726
1.9	23	4	1.90974729241877	0.786065334591196	1.07120638610714	0.452800181367739	0.967593624018302	0.359051017959685	2.85879282854167	0.607354832083333	2.0581601996726
1.91	23	4	1.90974729241877	0.786065334591196	1.07120638610714	0.452800181367739	0.967593624018302	0.359051017959685	2.85879282854167	0.607354832083334	2.0581601996726
1.92	23	4	1.90974729241877	0.786065334591196	1.07120638610714	0.452800181367739	0.967593624018302	0.359051017959685	2.85879282854167	0.607354832083333	2.0581601996726
1.93	23	4	1.90974729241877	0.786065334591196	1.07120638610714	0.452800181367739	0.967593624018302	0.359051017959685	2.85879282854167	0.607354832083333	2.0581601996726
1.94	23	4	1.90974729241877	0.786065334591196	1.07120638610714	0.452800181367739	0.967593624018302	0.359051017959685	2.85879282854167	0.607354832083333	2.0581601996726
1.95	23	4	1.90974729241877	0.786065334591196	1.07120638610714	0.452800181367739	0.967593624018302	0.359051017959685	2.85879282854167	0.607354832083333	2.0581601996726
1.96	23	4	1.90974729241877	0.786065334591196	1.07120638610714	0.452800181367739	0.967593624018302	0.359051017959685	2.85879282854167	0.607354832083333	2.0581601996726
1.97	23	4	1.90974729241877	0.786065334591196	1.07120638610714	0.452800181367739	0.967593624018302	0.359051017959685	2.85879282854167	0.607354832083333	2.0581601996726
1.98	23	4	1.90974729241877	0.786065334591196	1.07120638610714	0.452800181367739	0.967593624018302	0.359051017959685	2.85879282854167	0.607354832083333	2.0581601996726
1.99	23	4	1.90974729241877	0.786065334591196	1.07120638610714	0.452800181367739	0.967593624018302	0.359051017959685	2.85879282854167	0.607354832083333	2.0581601996726
2	23	4	1.90974729241877	0.786065334591196	1.07120638610714	0.452800181367739	0.967593624018303	0.359051017959685	2.85879282854167	0.607354832083333	2.0581601996726
2.01	23	4	1.90974729241877	0.786065334591196	1.07120638610714	0.452800181367739	0.967593624018302	0.359051017959685	2.85879282854167	0.607354832083333	2.0581601996726
2.02	23	4	1.90974729241877	0.786065334591196	1.07120638610714	0.452800181367739	0.967593624018302	0.359051017959685	2.85879282854167	0.607354832083333	2.0581601996726
2.03	23	4	1.90974729241877	0.786065334591196	1.07120638610714	0.452800181367739	0.967593624018302	0.359051017959685	2.85879282854167	0.607354832083333	2.0581601996726
2.04	23	4	1.90974729241877	0.786065334591196	1.07120638610714	0.452800181367739	0.967593624018302	0.359051017959685	2.85879282854167	0.607354832083333	2.0581601996726
2.05	23	4	1.90974729241877	0.786065334591196	1.07120638610714	0.452800181367739	0.967593624018302	0.359051017959685	2.85879282854167	0.607354832083333	2.0581601996726
2.06	23	4	1.90974729241877	0.786065334591196	1.07120638610714	0.452800181367739	0.967593624018302	0.359051017959685	2.85879282854167	0.607354832083333	2.0581601996726
2.07	23	4	1.90974729241877	0.786065334591196	1.07120638610714	0.452800181367739	0.967593624018302	0.359051017959685	2.85879282854167	0.607354832083333	2.0581601996726
2.08	23	4	1.90974729241877	0.786065334591196	1.07120638610714	0.452800181367739	0.967593624018302	0.359051017959685	2.85879282854167	0.607354832083333	2.0581601996726
2.09	23	4	1.90974729241877	0.786065334591196	1.07120638610714	0.452800181367739	0.967593624018302	0.359051017959685	2.85879282854167	0.607354832083333	2.0581601996726
2.1	23	4	1.90974729241877	0.786065334591196	1.07120638610714	0.452800181367739	0.967593624018302	0.359051017959685	2.85879282854167	0.607354832083333	2.0581601996726
2.11	23	4	1.74587458745875	0.889757162540263	1.17536919962579	0.470157506976883	0.993797039113809	0.336072216138286	2.92491915946078	0.734329309056373	1.60903535541423
2.12	23	4	1.74587458745875	0.889757162540263	1.17536919962579	0.470157506976883	0.993797039113809	0.336072216138286	2.92491915946078	0.734329309056373	1.60903535541423
2.13	23	4	1.74587458745875	0.889757162540263	1.17536919962579	0.470157506976883	0.993797039113809	0.336072216138285	2.92491915946078	0.734329309056373	1.60903535541423
2.14	23	4	1.74587458745875	0.889757162540263	1.17536919962579	0.470157506976883	0.993797039113809	0.336072216138286	2.92491915946078	0.734329309056373	1.60903535541423
2.15	23	4	1.74587458745875	0.889757162540263	1.17536919962579	0.470157506976883	0.993797039113809	0.336072216138286	2.92491915946078	0.734329309056373	1.60903535541423
2.16	23	4	1.74587458745875	0.889757162540263	1.17536919962579	0.470157506976883	0.993797039113809	0.336072216138285	2.92491915946078	0.734329309056373	1.60903535541423
2.17	23	4	1.74587458745875	0.889757162540263	1.17536919962579	0.470157506976883	0.993797039113809	0.336072216138286	2.92491915946078	0.734329309056373	1.60903535541423
2.18	23	4	1.74587458745875	0.889757162540263	1.17536919962579	0.470157506976883	0.993797039113809	0.336072216138286	2.92491915946078	0.734329309056373	1.60903535541423
2.19	23	4	1.74587458745875	0.889757162540263	1.17536919962579	0.470157506976883	0.993797039113809	0.336072216138285	2.92491915946078	0.734329309056372	1.60903535541423
2.2	23	4	1.74587458745875	0.889757162540263	1.17536919962579	0.470157506976883	0.993797039113809	0.336072216138286	2.92491915946078	0.734329309056373	1.60903535541423
2.21	23	4	1.74587458745875	0.889757162540263	1.17536919962579	0.470157506976883	0.993797039113809	0.336072216138286	2.92491915946078	0.734329309056373	1.60903535541423
2.22	23	4	1.74587458745875	0.889757162540263	1.17536919962579	0.470157506976883	0.993797039113809	0.336072216138285	2.92491915946078	0.734329309056372	1.60903535541423
2.23	23	4	1.74587458745875	0.889757162540263	1.17536919962579	0.470157506976883	0.993797039113809	0.336072216138286	2.92491915946078	0.734329309056372	1.60903535541423
2.24	23	4	1.74587458745875	0.889757162540263	1.17536919962579	0.470157506976883	0.993797039113809	0.336072216138286	2.92491915946078	0.734329309056373	1.60903535541423
2.25	23	4	1.74587458745875	0.889757162540263	1.17536919962579	0.470157506976883	0.993797039113809	0.336072216138286	2.92491915946078	0.734329309056373	1.60903535541423
2.26	23	4	1.74587458745875	0.889757162540263	1.17536919962579	0.470157506976883	0.993797039113809	0.336072216138286	2.92491915946078	0.734329309056373	1.60903535541423
2.27	23	3	1.30617283950617	0.36999513587911	0.7014484885411	0.278516353131433	0.917609581375915	0.275103644129056	2.66146259966667	0.646594256333333	1.67982052727104
2.28	23	3	1.30617283950617	0.36999513587911	0.7014484885411	0.278516353131433	0.917609581375915	0.275103644129056	2.66146259966667	0.646594256333334	1.67982052727104
2.29	23	3	1.30617283950617	0.36999513587911	0.7014484885411	0.278516353131433	0.917609581375915	0.275103644129056	2.66146259966667	0.646594256333333	1.67982052727104
2.29999999999999	23	3	1.30617283950617	0.36999513587911	0.7014484885411	0.278516353131433	0.917609581375915	0.275103644129056	2.66146259966667	0.646594256333334	1.67982052727104
2.30999999999999	23	3	1.30617283950617	0.36999513587911	0.7014484885411	0.278516353131433	0.917609581375915	0.275103644129056	2.66146259966667	0.646594256333333	1.67982052727104
2.31999999999999	23	3	1.30617283950617	0.36999513587911	0.7014484885411	0.278516353131433	0.917609581375915	0.275103644129056	2.66146259966667	0.646594256333333	1.67982052727104
2.32999999999999	23	3	1.30617283950617	0.36999513587911	0.7014484885411	0.278516353131433	0.917609581375915	0.275103644129056	2.66146259966667	0.646594256333334	1.67982052727104
2.33999999999999	23	3	1.30617283950617	0.36999513587911	0.7014484885411	0.278516353131433	0.917609581375915	0.275103644129056	2.66146259966667	0.646594256333333	1.67982052727104
2.34999999999999	23	3	1.30617283950617	0.36999513587911	0.7014484885411	0.278516353131433	0.917609581375915	0.275103644129056	2.66146259966667	0.646594256333333	1.67982052727104
2.35999999999999	23	2	1.29339853300733	0.554992703818665	1	0.870402590735687	1	-0.320750783765897	2.7941306745	1.6151764495	1.56610922502361
2.36999999999999	23	2	1.29339853300733	0.554992703818665	1	0.870402590735687	1	-0.320750783765896	2.7941306745	1.6151764495	1.56610922502361
2.37999999999999	23	2	1.29339853300733	0.554992703818665	1	0.870402590735687	1	-0.320750783765896	2.7941306745	1.6151764495	1.56610922502361
2.38999999999999	23	2	1.29339853300733	0.554992703818665	1	0.870402590735687	1	-0.320750783765896	2.7941306745	1.6151764495	1.56610922502361
2.39999999999999	23	2	1.29339853300733	0.554992703818665	1	0.870402590735687	1	-0.320750783765897	2.7941306745	1.6151764495	1.56610922502361
2.40999999999999	23	2	1.29339853300733	0.554992703818665	1	0.870402590735687	1	-0.320750783765896	2.7941306745	1.6151764495	1.56610922502361
2.41999999999999	23	2	1.29339853300733	0.554992703818665	1	0.870402590735687	1	-0.320750783765897	2.7941306745	1.6151764495	1.56610922502361
2.42999999999999	23	2	1.29339853300733	0.554992703818665	1	0.870402590735687	1	-0.320750783765896	2.7941306745	1.6151764495	1.56610922502361
2.43999999999999	23	2	1.29339853300733	0.554992703818665	1	0.870402590735687	1	-0.320750783765896	2.7941306745	1.6151764495	1.56610922502361
2.44999999999999	23	2	1.09072164948454	0.516949004472178	1	0.389769066900072	1	0.040648905361826	2.70046294454545	0.840635936666667	1.60620241578862
2.45999999999999	23	2	1.09072164948454	0.516949004472178	1	0.389769066900072	1	0.0406489053618259	2.70046294454545	0.840635936666666	1.60620241578862
2.46999999999999	23	2	1.09072164948454	0.516949004472178	1	0.389769066900072	1	0.040648905361826	2.70046294454545	0.840635936666666	1.60620241578862
2.47999999999999	23	2	1.09072164948454	0.516949004472178	1	0.389769066900072	1	0.040648905361826	2.70046294454545	0.840635936666667	1.60620241578862
2.48999999999999	23	2	1.09072164948454	0.516949004472178	1	0.389769066900072	1	0.040648905361826	2.70046294454546	0.840635936666666	1.60620241578862
2.49999999999999	23	2	1.09072164948454	0.516949004472178	1	0.389769066900072	1	0.040648905361826	2.70046294454546	0.840635936666665	1.60620241578862
2.50999999999999	23	2	1.09072164948454	0.516949004472178	1	0.389769066900072	1	0.040648905361826	2.70046294454545	0.840635936666667	1.60620241578862
2.51999999999999	23	2	1.09072164948454	0.516949004472178	1	0.389769066900072	1	0.0406489053618259	2.70046294454545	0.840635936666666	1.60620241578862
2.52999999999999	23	2	1.09072164948454	0.516949004472178	1	0.389769066900072	1	0.0406489053618259	2.70046294454545	0.840635936666666	1.60620241578862
2.53999999999999	23	2	1.09072164948454	0.516949004472178	1	0.389769066900072	1	0.0406489053618259	2.70046294454545	0.840635936666667	1.60620241578862
2.54999999999999	23	2	1.09072164948454	0.516949004472178	1	0.389769066900072	1	0.0406489053618259	2.70046294454545	0.840635936666667	1.60620241578862
2.55999999999999	23	2	1.09072164948454	0.516949004472178	1	0.389769066900072	1	0.040648905361826	2.70046294454545	0.840635936666667	1.60620241578862
2.56999999999999	23	2	1.09072164948454	0.516949004472178	1	0.389769066900072	1	0.040648905361826	2.70046294454546	0.840635936666665	1.60620241578862
2.57999999999999	23	2	1.09072164948454	0.516949004472178	1	0.389769066900072	1	0.0406489053618259	2.70046294454545	0.840635936666666	1.60620241578862
2.58999999999999	23	2	1.09072164948454	0.516949004472178	1	0.389769066900072	1	0.0406489053618259	2.70046294454546	0.840635936666666	1.60620241578862
2.59999999999999	23	2	1.09072164948454	0.516949004472178	1	0.389769066900072	1	0.040648905361826	2.70046294454545	0.840635936666667	1.60620241578862
2.60999999999999	23	1	1	1	0	1	0	-1	0	1.76989718387352	0.565004571514965
