#dist_cut	num_seqs	num_clusters	num_clusters(recip_simpson_index)	avg_intra_clust_phylo_dist_phylum(norm_shannon_index)	avg_inter_clust_phylo_dist_phylum(norm_shannon_index)	avg_intra_clust_phylo_dist_order(norm_shannon_index)	avg_inter_clust_phylo_dist_order(norm_shannon_index)	avg_silhouette_width	avg_inter_clust_dist	avg_intra_clust_dist	dunn_index
0	17	17	17	0	0.356043245729531	0	0.322112467364142	1	1.19291212382353	0	0.18999983
0.01	17	17	17	0	0.356043245729531	0	0.322112467364142	1	1.19291212382353	0	0.18999983
0.02	17	17	17	0	0.356043245729531	0	0.322112467364142	1	1.19291212382353	0	0.18999983
0.03	17	17	17	0	0.356043245729531	0	0.322112467364142	1	1.19291212382353	0	0.18999983
0.04	17	17	17	0	0.356043245729531	0	0.322112467364142	1	1.19291212382353	0	0.18999983
0.05	17	17	17	0	0.356043245729531	0	0.322112467364142	1	1.19291212382353	0	0.18999983
0.06	17	17	17	0	0.356043245729531	0	0.322112467364142	1	1.19291212382353	0	0.18999983
0.07	17	17	17	0	0.356043245729531	0	0.322112467364142	1	1.19291212382353	0	0.18999983
0.08	17	17	17	0	0.356043245729531	0	0.322112467364142	1	1.19291212382353	0	0.18999983
0.09	17	17	17	0	0.356043245729531	0	0.322112467364142	1	1.19291212382353	0	0.18999983
0.1	17	17	17	0	0.356043245729531	0	0.322112467364142	1	1.19291212382353	0	0.18999983
0.11	17	17	17	0	0.356043245729531	0	0.322112467364142	1	1.19291212382353	0	0.18999983
0.12	17	17	17	0	0.356043245729531	0	0.322112467364142	1	1.19291212382353	0	0.18999983
0.13	17	17	17	0	0.356043245729531	0	0.322112467364142	1	1.19291212382353	0	0.18999983
0.14	17	17	17	0	0.356043245729531	0	0.322112467364142	1	1.19291212382353	0	0.18999983
0.15	17	17	17	0	0.356043245729531	0	0.322112467364142	1	1.19291212382353	0	0.18999983
0.16	17	17	17	0	0.356043245729531	0	0.322112467364142	1	1.19291212382353	0	0.18999983
0.17	17	17	17	0	0.356043245729531	0	0.322112467364142	1	1.19291212382353	0	0.18999983
0.18	17	17	17	0	0.356043245729531	0	0.322112467364142	1	1.19291212382353	0	0.18999983
0.19	17	16	15.2105263157895	0	0.375355382335357	0	0.335809849365962	0.875	1.250808899875	0.011874989375	1.04020456228829
0.2	17	15	13.7619047619048	0	0.396794384202568	0	0.350353031298167	0.841611177426517	1.28631814342857	0.025842568	1.01819021366717
0.21	17	14	12.5652173913043	0	0.420705217607652	0	0.365680820315381	0.78300378348256	1.35276810373626	0.0420623071428571	1.09889800807797
0.22	17	14	12.5652173913043	0	0.420705217607652	0	0.365680820315382	0.78300378348256	1.35276810373626	0.0420623071428571	1.09889800807797
0.23	17	13	11.56	0	0.447499221324655	0	0.38162616680887	0.766639732984922	1.40770088730769	0.0623082846153846	1.28006458938732
0.24	17	13	11.56	0	0.447499221324655	0	0.38162616680887	0.76236174005161	1.40770088730769	0.0623082846153846	1.28006458938732
0.25	17	13	11.56	0	0.447499221324655	0	0.38162616680887	0.75225145799239	1.40770088730769	0.0623082846153846	1.28006458938732
0.26	17	13	11.56	0	0.447499221324655	0	0.38162616680887	0.766639732984922	1.40770088730769	0.0623082846153846	1.28006458938732
0.27	17	12	9.96551724137931	0	0.476464006176451	0	0.396584625873912	0.730284885951089	1.49246972856061	0.0726710730555556	1.32996175735916
0.28	17	11	7.04878048780488	0	0.510438430280923	0	0.412208307615222	0.737479150164596	1.59513326163636	0.0650579183636364	1.44735313808647
0.29	17	11	7.04878048780488	0	0.510438430280923	0	0.412208307615222	0.737479150164596	1.59513326163636	0.0650579183636364	1.44735313808647
0.3	17	11	7.04878048780488	0	0.510438430280923	0	0.412208307615222	0.737479150164596	1.59513326163636	0.0650579183636364	1.44735313808647
0.31	17	10	5.66666666666667	0	0.550396388384048	0	0.42749174120671	0.713098878829496	1.68926216685185	0.0759904635333333	1.27753177181526
0.32	17	10	5.66666666666667	0	0.550396388384048	0	0.42749174120671	0.716552925858551	1.68926216685185	0.0759904635333333	1.27753177181526
0.33	17	10	5.66666666666667	0	0.550396388384048	0	0.42749174120671	0.713098878829496	1.68926216685185	0.0759904635333333	1.27753177181526
0.34	17	10	5.66666666666667	0	0.550396388384048	0	0.42749174120671	0.716552925858551	1.68926216685185	0.0759904635333333	1.27753177181526
0.35	17	10	5.66666666666667	0	0.550396388384048	0	0.42749174120671	0.713098878829496	1.68926216685185	0.0759904635333333	1.27753177181526
0.36	17	10	5.66666666666667	0	0.550396388384048	0	0.42749174120671	0.71655292585855	1.68926216685185	0.0759904635333333	1.27753177181526
0.37	17	10	5.66666666666667	0	0.550396388384048	0	0.42749174120671	0.713098878829496	1.68926216685185	0.0759904635333333	1.27753177181526
0.38	17	10	5.66666666666667	0	0.550396388384048	0	0.42749174120671	0.71655292585855	1.68926216685185	0.0759904635333333	1.27753177181526
0.39	17	9	4.58730158730159	0	0.597043195999066	0	0.439889796614133	0.69469710512811	1.80199309960317	0.0886959693650794	1.18914885738419
0.4	17	9	4.58730158730159	0	0.597043195999066	0	0.439889796614133	0.69469710512811	1.80199309960317	0.0886959693650794	1.18914885738419
0.41	17	9	4.58730158730159	0	0.597043195999066	0	0.439889796614133	0.698838886431889	1.80199309960317	0.0886959693650794	1.18914885738419
0.42	17	9	5.66666666666667	0	0.589241045870151	0	0.431785468503731	0.655334612395329	1.78388647461111	0.109543046074074	1.04562774148683
0.43	17	9	5.66666666666667	0	0.589241045870151	0	0.431785468503731	0.655334612395329	1.78388647461111	0.109543046074074	1.04562774148683
0.44	17	8	4.3134328358209	0	0.64060756712178	0	0.433633723644545	0.669666401395499	1.89917315465476	0.1094874305	1.01093126504126
0.45	17	8	4.3134328358209	0	0.64060756712178	0	0.433633723644545	0.669666401395499	1.89917315465476	0.1094874305	1.01093126504126
0.46	17	8	4.3134328358209	0	0.64060756712178	0	0.433633723644545	0.669666401395499	1.89917315465476	0.1094874305	1.01093126504126
0.47	17	8	4.3134328358209	0	0.64060756712178	0	0.433633723644545	0.669666401395499	1.89917315465476	0.1094874305	1.01093126504126
0.48	17	8	4.3134328358209	0	0.64060756712178	0	0.433633723644545	0.669666401395499	1.89917315465476	0.1094874305	1.01093126504126
0.49	17	8	4.3134328358209	0	0.64060756712178	0	0.433633723644545	0.669666401395499	1.89917315465476	0.1094874305	1.01093126504126
0.5	17	8	4.3134328358209	0	0.64060756712178	0	0.433633723644545	0.669666401395499	1.89917315465476	0.1094874305	1.01093126504126
0.51	17	8	4.3134328358209	0	0.64060756712178	0	0.433633723644545	0.669666401395499	1.89917315465476	0.1094874305	1.01093126504126
0.52	17	8	4.3134328358209	0	0.64060756712178	0	0.433633723644545	0.669666401395499	1.89917315465476	0.1094874305	1.01093126504126
0.53	17	8	4.3134328358209	0	0.64060756712178	0	0.433633723644545	0.669666401395499	1.89917315465476	0.1094874305	1.01093126504126
0.54	17	8	4.3134328358209	0	0.64060756712178	0	0.433633723644545	0.638122948457513	1.89770503794048	0.112973790333333	0.945273156514516
0.55	17	8	4.3134328358209	0	0.64060756712178	0	0.433633723644545	0.638122948457513	1.89770503794048	0.112973790333333	0.945273156514516
0.56	17	8	4.3134328358209	0	0.64060756712178	0	0.433633723644545	0.638122948457513	1.89770503794048	0.112973790333333	0.945273156514516
0.57	17	8	4.3134328358209	0	0.64060756712178	0	0.433633723644545	0.638122948457513	1.89770503794048	0.112973790333333	0.945273156514516
0.58	17	8	4.3134328358209	0	0.64060756712178	0	0.433633723644545	0.638122948457513	1.89770503794048	0.112973790333333	0.945273156514516
0.59	17	8	4.3134328358209	0	0.64060756712178	0	0.433633723644545	0.638122948457513	1.89770503794048	0.112973790333333	0.945273156514516
0.6	17	8	4.3134328358209	0	0.64060756712178	0	0.433633723644545	0.638122948457513	1.89770503794048	0.112973790333333	0.945273156514516
0.61	17	8	4.3134328358209	0	0.64060756712178	0	0.433633723644545	0.638122948457513	1.89770503794048	0.112973790333333	0.945273156514516
0.62	17	8	4.3134328358209	0	0.64060756712178	0	0.433633723644545	0.638122948457513	1.89770503794048	0.112973790333333	0.945273156514516
0.63	17	8	4.3134328358209	0	0.64060756712178	0	0.433633723644545	0.638122948457513	1.89770503794048	0.112973790333333	0.945273156514516
0.64	17	8	4.3134328358209	0	0.64060756712178	0	0.433633723644545	0.638122948457513	1.89770503794048	0.112973790333333	0.945273156514516
0.65	17	8	4.3134328358209	0	0.64060756712178	0	0.433633723644545	0.638122948457513	1.89770503794048	0.112973790333333	0.945273156514516
0.66	17	8	4.3134328358209	0	0.64060756712178	0	0.433633723644545	0.638122948457513	1.89770503794048	0.112973790333333	0.945273156514516
0.67	17	7	2.2755905511811	0	0.730986964181717	0	0.450251978742144	0.714285714285714	2.06029896597403	0.065318498961039	1.94637296740673
0.68	17	7	2.2755905511811	0	0.730986964181717	0	0.450251978742144	0.714285714285714	2.06029896597403	0.0653184989610389	1.94637296740673
0.69	17	7	2.2755905511811	0	0.730986964181717	0	0.450251978742144	0.714285714285714	2.06029896597403	0.065318498961039	1.94637296740673
0.7	17	7	2.2755905511811	0	0.730986964181717	0	0.450251978742144	0.714285714285714	2.06029896597403	0.065318498961039	1.94637296740673
0.71	17	7	2.2755905511811	0	0.730986964181717	0	0.450251978742144	0.714285714285714	2.06029896597403	0.065318498961039	1.94637296740673
0.72	17	6	1.93959731543624	0	0.810414341554168	0.0373008170156171	0.499949110795992	0.666666666666667	2.24803335561111	0.088224627449495	2.65031098532447
0.73	17	6	1.93959731543624	0	0.810414341554168	0.0373008170156171	0.499949110795992	0.666666666666666	2.24803335561111	0.088224627449495	2.65031098532447
0.74	17	6	1.93959731543624	0	0.810414341554168	0.0373008170156171	0.499949110795992	0.666666666666667	2.24803335561111	0.0882246274494949	2.65031098532447
0.75	17	6	1.93959731543624	0	0.810414341554168	0.0373008170156171	0.499949110795992	0.666666666666666	2.24803335561111	0.088224627449495	2.65031098532447
0.76	17	6	1.93959731543624	0	0.810414341554168	0.0373008170156171	0.499949110795992	0.666666666666667	2.24803335561111	0.088224627449495	2.65031098532447
0.77	17	6	1.93959731543624	0	0.810414341554168	0.0373008170156171	0.499949110795992	0.666666666666667	2.24803335561111	0.088224627449495	2.65031098532447
0.78	17	6	1.93959731543624	0	0.810414341554168	0.0373008170156171	0.499949110795992	0.666666666666667	2.24803335561111	0.088224627449495	2.65031098532447
0.79	17	6	1.93959731543624	0	0.810414341554168	0.0373008170156171	0.499949110795992	0.666666666666666	2.24803335561111	0.088224627449495	2.65031098532447
0.8	17	6	1.93959731543624	0	0.810414341554168	0.0373008170156171	0.499949110795992	0.666666666666667	2.24803335561111	0.088224627449495	2.65031098532447
0.81	17	6	1.93959731543624	0	0.810414341554168	0.0373008170156171	0.499949110795992	0.666666666666667	2.24803335561111	0.088224627449495	2.65031098532447
0.820000000000001	17	6	1.93959731543624	0	0.810414341554168	0.0373008170156171	0.499949110795992	0.666666666666667	2.24803335561111	0.088224627449495	2.65031098532447
0.830000000000001	17	6	1.93959731543624	0	0.810414341554168	0.0373008170156171	0.499949110795992	0.666666666666667	2.24803335561111	0.088224627449495	2.65031098532447
0.840000000000001	17	6	1.93959731543624	0	0.810414341554168	0.0373008170156171	0.499949110795992	0.666666666666666	2.24803335561111	0.088224627449495	2.65031098532447
0.850000000000001	17	6	1.93959731543624	0	0.810414341554168	0.0373008170156171	0.499949110795992	0.666666666666667	2.24803335561111	0.0882246274494949	2.65031098532447
0.860000000000001	17	6	1.93959731543624	0	0.810414341554168	0.0373008170156171	0.499949110795992	0.666666666666667	2.24803335561111	0.088224627449495	2.65031098532447
0.870000000000001	17	6	1.93959731543624	0	0.810414341554168	0.0373008170156171	0.499949110795992	0.666666666666667	2.24803335561111	0.088224627449495	2.65031098532447
0.880000000000001	17	6	1.93959731543624	0	0.810414341554168	0.0373008170156171	0.499949110795992	0.666666666666667	2.24803335561111	0.088224627449495	2.65031098532447
0.890000000000001	17	6	1.93959731543624	0	0.810414341554168	0.0373008170156171	0.499949110795992	0.666666666666667	2.24803335561111	0.088224627449495	2.65031098532447
0.900000000000001	17	6	1.93959731543624	0	0.810414341554168	0.0373008170156171	0.499949110795992	0.666666666666667	2.24803335561111	0.088224627449495	2.65031098532447
0.910000000000001	17	6	1.93959731543624	0	0.810414341554168	0.0373008170156171	0.499949110795992	0.666666666666666	2.24803335561111	0.088224627449495	2.65031098532447
0.920000000000001	17	6	1.93959731543624	0	0.810414341554168	0.0373008170156171	0.499949110795992	0.666666666666667	2.24803335561111	0.088224627449495	2.65031098532447
0.930000000000001	17	6	1.93959731543624	0	0.810414341554168	0.0373008170156171	0.499949110795992	0.666666666666666	2.24803335561111	0.088224627449495	2.65031098532447
0.940000000000001	17	6	1.93959731543624	0	0.810414341554168	0.0373008170156171	0.499949110795992	0.666666666666667	2.24803335561111	0.088224627449495	2.65031098532447
0.950000000000001	17	6	1.93959731543624	0	0.810414341554168	0.0373008170156171	0.499949110795992	0.666666666666667	2.24803335561111	0.088224627449495	2.65031098532447
0.960000000000001	17	6	1.93959731543624	0	0.810414341554168	0.0373008170156171	0.499949110795992	0.666666666666666	2.24803335561111	0.0882246274494949	2.65031098532447
0.970000000000001	17	6	1.93959731543624	0	0.810414341554168	0.0373008170156171	0.499949110795992	0.666666666666667	2.24803335561111	0.088224627449495	2.65031098532447
0.980000000000001	17	6	1.93959731543624	0	0.810414341554168	0.0373008170156171	0.499949110795992	0.666666666666667	2.24803335561111	0.088224627449495	2.65031098532447
0.990000000000001	17	6	1.93959731543624	0	0.810414341554168	0.0373008170156171	0.499949110795992	0.666666666666666	2.24803335561111	0.088224627449495	2.65031098532447
1	17	6	1.93959731543624	0	0.810414341554168	0.0373008170156171	0.499949110795992	0.666666666666667	2.24803335561111	0.088224627449495	2.65031098532447
1.01	17	6	1.93959731543624	0	0.810414341554168	0.0373008170156171	0.499949110795992	0.666666666666667	2.24803335561111	0.0882246274494949	2.65031098532447
1.02	17	6	1.93959731543624	0	0.810414341554168	0.0373008170156171	0.499949110795992	0.666666666666666	2.24803335561111	0.088224627449495	2.65031098532447
1.03	17	6	1.93959731543624	0	0.810414341554168	0.0373008170156171	0.499949110795992	0.666666666666667	2.24803335561111	0.0882246274494949	2.65031098532447
1.04	17	6	1.93959731543624	0	0.810414341554168	0.0373008170156171	0.499949110795992	0.666666666666667	2.24803335561111	0.088224627449495	2.65031098532447
1.05	17	6	1.93959731543624	0	0.810414341554168	0.0373008170156171	0.499949110795992	0.666666666666667	2.24803335561111	0.088224627449495	2.65031098532447
1.06	17	6	1.93959731543624	0	0.810414341554168	0.0373008170156171	0.499949110795992	0.666666666666667	2.24803335561111	0.088224627449495	2.65031098532447
1.07	17	6	1.93959731543624	0	0.810414341554168	0.0373008170156171	0.499949110795992	0.666666666666666	2.24803335561111	0.088224627449495	2.65031098532447
1.08	17	6	1.93959731543624	0	0.810414341554168	0.0373008170156171	0.499949110795992	0.666666666666667	2.24803335561111	0.088224627449495	2.65031098532447
1.09	17	6	1.93959731543624	0	0.810414341554168	0.0373008170156171	0.499949110795992	0.666666666666667	2.24803335561111	0.088224627449495	2.65031098532447
1.1	17	6	1.93959731543624	0	0.810414341554168	0.0373008170156171	0.499949110795992	0.666666666666667	2.24803335561111	0.088224627449495	2.65031098532447
1.11	17	6	1.93959731543624	0	0.810414341554168	0.0373008170156171	0.499949110795992	0.666666666666667	2.24803335561111	0.088224627449495	2.65031098532447
1.12	17	6	1.93959731543624	0	0.810414341554168	0.0373008170156171	0.499949110795992	0.666666666666666	2.24803335561111	0.088224627449495	2.65031098532447
1.13	17	6	1.93959731543624	0	0.810414341554168	0.0373008170156171	0.499949110795992	0.666666666666667	2.24803335561111	0.088224627449495	2.65031098532447
1.14	17	5	1.67052023121387	0.122224189961854	0.757291187455514	0.0836371427169866	0.56013415970688	0.6	2.24451797307692	0.132749196974359	2.20692304262221
1.15	17	4	1.45226130653266	0.144965868545034	0.886839341295978	0.147272296291229	0.640877498695665	0.5	2.1810046525	0.194546864917582	2.14757231594042
1.16	17	4	1.45226130653266	0.144965868545034	0.886839341295978	0.147272296291229	0.640877498695665	0.5	2.1810046525	0.194546864917582	2.14757231594042
1.17	17	4	1.45226130653266	0.144965868545034	0.886839341295978	0.147272296291229	0.640877498695665	0.499999999999999	2.1810046525	0.194546864917582	2.14757231594042
1.18	17	4	1.45226130653266	0.144965868545034	0.886839341295978	0.147272296291229	0.640877498695665	0.5	2.1810046525	0.194546864917582	2.14757231594042
1.19	17	4	1.45226130653266	0.144965868545034	0.886839341295978	0.147272296291229	0.640877498695665	0.499999999999999	2.1810046525	0.194546864917582	2.14757231594042
1.2	17	4	1.45226130653266	0.144965868545034	0.886839341295978	0.147272296291229	0.640877498695665	0.5	2.1810046525	0.194546864917582	2.14757231594042
1.21	17	4	1.45226130653266	0.144965868545034	0.886839341295978	0.147272296291229	0.640877498695665	0.499999999999999	2.1810046525	0.194546864917582	2.14757231594042
1.22	17	4	1.45226130653266	0.144965868545034	0.886839341295978	0.147272296291229	0.640877498695665	0.499999999999999	2.1810046525	0.194546864917582	2.14757231594042
1.23	17	4	1.45226130653266	0.144965868545034	0.886839341295978	0.147272296291229	0.640877498695665	0.499999999999999	2.1810046525	0.194546864917582	2.14757231594042
1.24	17	4	1.45226130653266	0.144965868545034	0.886839341295978	0.147272296291229	0.640877498695665	0.499999999999999	2.1810046525	0.194546864917582	2.14757231594042
1.25	17	4	1.45226130653266	0.144965868545034	0.886839341295978	0.147272296291229	0.640877498695665	0.5	2.1810046525	0.194546864917582	2.14757231594042
1.26	17	4	1.45226130653266	0.144965868545034	0.886839341295978	0.147272296291229	0.640877498695665	0.499999999999999	2.1810046525	0.194546864917582	2.14757231594042
1.27	17	4	1.45226130653266	0.144965868545034	0.886839341295978	0.147272296291229	0.640877498695665	0.499999999999999	2.1810046525	0.194546864917582	2.14757231594042
1.28	17	4	1.45226130653266	0.144965868545034	0.886839341295978	0.147272296291229	0.640877498695665	0.499999999999999	2.1810046525	0.194546864917582	2.14757231594042
1.29	17	4	1.45226130653266	0.144965868545034	0.886839341295978	0.147272296291229	0.640877498695665	0.5	2.1810046525	0.194546864917582	2.14757231594042
1.3	17	4	1.45226130653266	0.144965868545034	0.886839341295978	0.147272296291229	0.640877498695665	0.499999999999999	2.1810046525	0.194546864917582	2.14757231594042
1.31	17	4	1.45226130653266	0.144965868545034	0.886839341295978	0.147272296291229	0.640877498695665	0.499999999999999	2.1810046525	0.194546864917582	2.14757231594042
1.32	17	4	1.45226130653266	0.144965868545034	0.886839341295978	0.147272296291229	0.640877498695665	0.5	2.1810046525	0.194546864917582	2.14757231594042
1.33	17	4	1.45226130653266	0.144965868545034	0.886839341295978	0.147272296291229	0.640877498695665	0.499999999999999	2.1810046525	0.194546864917582	2.14757231594042
1.34	17	4	1.45226130653266	0.144965868545034	0.886839341295978	0.147272296291229	0.640877498695665	0.499999999999999	2.1810046525	0.194546864917582	2.14757231594042
1.35	17	4	1.45226130653266	0.144965868545034	0.886839341295978	0.147272296291229	0.640877498695665	0.5	2.1810046525	0.194546864917582	2.14757231594042
1.36	17	4	1.45226130653266	0.144965868545034	0.886839341295978	0.147272296291229	0.640877498695665	0.5	2.1810046525	0.194546864917582	2.14757231594042
1.37	17	4	1.45226130653266	0.144965868545034	0.886839341295978	0.147272296291229	0.640877498695665	0.499999999999999	2.1810046525	0.194546864917582	2.14757231594042
1.38	17	4	1.45226130653266	0.144965868545034	0.886839341295978	0.147272296291229	0.640877498695665	0.5	2.1810046525	0.194546864917582	2.14757231594042
1.39	17	4	1.45226130653266	0.144965868545034	0.886839341295978	0.147272296291229	0.640877498695665	0.5	2.1810046525	0.194546864917582	2.14757231594042
1.4	17	3	1.27312775330396	0.183981976546025	1.04437902385527	0.246974729329936	0.764965793781852	0.333333333333333	2.237471852	0.299085881460317	1.95004422526505
1.41	17	3	1.27312775330396	0.183981976546025	1.04437902385527	0.246974729329936	0.764965793781852	0.333333333333333	2.237471852	0.299085881460317	1.95004422526505
1.42	17	3	1.27312775330396	0.183981976546025	1.04437902385527	0.246974729329936	0.764965793781852	0.333333333333333	2.237471852	0.299085881460317	1.95004422526505
1.43	17	3	1.27312775330396	0.183981976546025	1.04437902385527	0.246974729329936	0.764965793781852	0.333333333333333	2.237471852	0.299085881460317	1.95004422526505
1.44	17	3	1.27312775330396	0.183981976546025	1.04437902385527	0.246974729329936	0.764965793781852	0.333333333333333	2.237471852	0.299085881460317	1.95004422526505
1.45	17	3	1.27312775330396	0.183981976546025	1.04437902385527	0.246974729329936	0.764965793781852	0.333333333333333	2.237471852	0.299085881460317	1.95004422526505
1.46	17	2	1.12451361867704	0.26342289692917	1	0.438516642986009	1	0	2.61116342875	0.501905974916666	2.60124760338183
1.47	17	2	1.12451361867704	0.26342289692917	1	0.438516642986009	1	0	2.61116342875	0.501905974916667	2.60124760338183
1.48	17	2	1.12451361867704	0.26342289692917	1	0.438516642986009	1	0	2.61116342875	0.501905974916667	2.60124760338183
1.49	17	2	1.12451361867704	0.26342289692917	1	0.438516642986009	1	0	2.61116342875	0.501905974916667	2.60124760338183
1.5	17	2	1.12451361867704	0.26342289692917	1	0.438516642986009	1	0	2.61116342875	0.501905974916667	2.60124760338183
1.51	17	2	1.12451361867704	0.26342289692917	1	0.438516642986009	1	0	2.61116342875	0.501905974916667	2.60124760338183
1.52	17	2	1.12451361867704	0.26342289692917	1	0.438516642986009	1	0	2.61116342875	0.501905974916666	2.60124760338183
1.53	17	2	1.12451361867704	0.26342289692917	1	0.438516642986009	1	0	2.61116342875	0.501905974916667	2.60124760338183
1.54	17	2	1.12451361867704	0.26342289692917	1	0.438516642986009	1	0	2.61116342875	0.501905974916667	2.60124760338183
1.55	17	2	1.12451361867704	0.26342289692917	1	0.438516642986009	1	0	2.61116342875	0.501905974916667	2.60124760338183
1.56	17	2	1.12451361867704	0.26342289692917	1	0.438516642986009	1	0	2.61116342875	0.501905974916667	2.60124760338183
1.57	17	2	1.12451361867704	0.26342289692917	1	0.438516642986009	1	0	2.61116342875	0.501905974916667	2.60124760338183
1.58	17	2	1.12451361867704	0.26342289692917	1	0.438516642986009	1	0	2.61116342875	0.501905974916667	2.60124760338183
1.59	17	2	1.12451361867704	0.26342289692917	1	0.438516642986009	1	0	2.61116342875	0.501905974916667	2.60124760338183
1.6	17	2	1.12451361867704	0.26342289692917	1	0.438516642986009	1	0	2.61116342875	0.501905974916667	2.60124760338183
1.61	17	2	1.12451361867704	0.26342289692917	1	0.438516642986009	1	0	2.61116342875	0.501905974916667	2.60124760338183
1.62	17	2	1.12451361867704	0.26342289692917	1	0.438516642986009	1	0	2.61116342875	0.501905974916667	2.60124760338183
1.63	17	2	1.12451361867704	0.26342289692917	1	0.438516642986009	1	0	2.61116342875	0.501905974916666	2.60124760338183
1.64	17	2	1.12451361867704	0.26342289692917	1	0.438516642986009	1	0	2.61116342875	0.501905974916666	2.60124760338183
1.65	17	2	1.12451361867704	0.26342289692917	1	0.438516642986009	1	0	2.61116342875	0.501905974916667	2.60124760338183
1.66	17	2	1.12451361867704	0.26342289692917	1	0.438516642986009	1	0	2.61116342875	0.501905974916667	2.60124760338183
1.67	17	2	1.12451361867704	0.26342289692917	1	0.438516642986009	1	0	2.61116342875	0.501905974916666	2.60124760338183
1.68	17	2	1.12451361867704	0.26342289692917	1	0.438516642986009	1	0	2.61116342875	0.501905974916667	2.60124760338183
1.69	17	2	1.12451361867704	0.26342289692917	1	0.438516642986009	1	0	2.61116342875	0.501905974916666	2.60124760338183
1.7	17	2	1.12451361867704	0.26342289692917	1	0.438516642986009	1	0	2.61116342875	0.501905974916667	2.60124760338183
1.71	17	2	1.12451361867704	0.26342289692917	1	0.438516642986009	1	0	2.61116342875	0.501905974916667	2.60124760338183
1.72	17	2	1.12451361867704	0.26342289692917	1	0.438516642986009	1	0	2.61116342875	0.501905974916667	2.60124760338183
1.73	17	2	1.12451361867704	0.26342289692917	1	0.438516642986009	1	0	2.61116342875	0.501905974916667	2.60124760338183
1.74	17	2	1.12451361867704	0.26342289692917	1	0.438516642986009	1	0	2.61116342875	0.501905974916667	2.60124760338183
1.75	17	2	1.12451361867704	0.26342289692917	1	0.438516642986009	1	0	2.61116342875	0.501905974916667	2.60124760338183
1.76	17	2	1.12451361867704	0.26342289692917	1	0.438516642986009	1	0	2.61116342875	0.501905974916667	2.60124760338183
1.77	17	2	1.12451361867704	0.26342289692917	1	0.438516642986009	1	0	2.61116342875	0.501905974916667	2.60124760338183
1.78	17	2	1.12451361867704	0.26342289692917	1	0.438516642986009	1	0	2.61116342875	0.501905974916666	2.60124760338183
1.79	17	2	1.12451361867704	0.26342289692917	1	0.438516642986009	1	0	2.61116342875	0.501905974916667	2.60124760338183
1.8	17	2	1.12451361867704	0.26342289692917	1	0.438516642986009	1	0	2.61116342875	0.501905974916666	2.60124760338183
1.81	17	2	1.12451361867704	0.26342289692917	1	0.438516642986009	1	0	2.61116342875	0.501905974916666	2.60124760338183
1.82	17	2	1.12451361867704	0.26342289692917	1	0.438516642986009	1	0	2.61116342875	0.501905974916667	2.60124760338183
1.83	17	2	1.12451361867704	0.26342289692917	1	0.438516642986009	1	0	2.61116342875	0.501905974916666	2.60124760338183
1.84	17	2	1.12451361867704	0.26342289692917	1	0.438516642986009	1	0	2.61116342875	0.501905974916667	2.60124760338183
1.85	17	2	1.12451361867704	0.26342289692917	1	0.438516642986009	1	0	2.61116342875	0.501905974916667	2.60124760338183
1.86	17	2	1.12451361867704	0.26342289692917	1	0.438516642986009	1	0	2.61116342875	0.501905974916667	2.60124760338183
1.87	17	2	1.12451361867704	0.26342289692917	1	0.438516642986009	1	0	2.61116342875	0.501905974916667	2.60124760338183
1.88	17	2	1.12451361867704	0.26342289692917	1	0.438516642986009	1	0	2.61116342875	0.501905974916666	2.60124760338183
1.89	17	2	1.12451361867704	0.26342289692917	1	0.438516642986009	1	0	2.61116342875	0.501905974916667	2.60124760338183
1.9	17	2	1.12451361867704	0.26342289692917	1	0.438516642986009	1	0	2.61116342875	0.501905974916667	2.60124760338183
1.91	17	2	1.12451361867704	0.26342289692917	1	0.438516642986009	1	0	2.61116342875	0.501905974916667	2.60124760338183
1.92	17	2	1.12451361867704	0.26342289692917	1	0.438516642986009	1	0	2.61116342875	0.501905974916667	2.60124760338183
1.93	17	2	1.12451361867704	0.26342289692917	1	0.438516642986009	1	0	2.61116342875	0.501905974916667	2.60124760338183
1.94	17	2	1.12451361867704	0.26342289692917	1	0.438516642986009	1	0	2.61116342875	0.501905974916666	2.60124760338183
1.95	17	2	1.12451361867704	0.26342289692917	1	0.438516642986009	1	0	2.61116342875	0.501905974916667	2.60124760338183
1.96	17	2	1.12451361867704	0.26342289692917	1	0.438516642986009	1	0	2.61116342875	0.501905974916667	2.60124760338183
1.97	17	2	1.12451361867704	0.26342289692917	1	0.438516642986009	1	0	2.61116342875	0.501905974916667	2.60124760338183
1.98	17	2	1.12451361867704	0.26342289692917	1	0.438516642986009	1	0	2.61116342875	0.501905974916667	2.60124760338183
1.99	17	2	1.12451361867704	0.26342289692917	1	0.438516642986009	1	0	2.61116342875	0.501905974916667	2.60124760338183
2	17	2	1.12451361867704	0.26342289692917	1	0.438516642986009	1	0	2.61116342875	0.501905974916667	2.60124760338183
2.01	17	2	1.12451361867704	0.26342289692917	1	0.438516642986009	1	0	2.61116342875	0.501905974916667	2.60124760338183
2.02	17	2	1.12451361867704	0.26342289692917	1	0.438516642986009	1	0	2.61116342875	0.501905974916667	2.60124760338183
2.03	17	2	1.12451361867704	0.26342289692917	1	0.438516642986009	1	0	2.61116342875	0.501905974916667	2.60124760338183
2.04	17	2	1.12451361867704	0.26342289692917	1	0.438516642986009	1	0	2.61116342875	0.501905974916667	2.60124760338183
2.05	17	2	1.12451361867704	0.26342289692917	1	0.438516642986009	1	0	2.61116342875	0.501905974916667	2.60124760338183
2.06	17	2	1.12451361867704	0.26342289692917	1	0.438516642986009	1	0	2.61116342875	0.501905974916667	2.60124760338183
2.07	17	2	1.12451361867704	0.26342289692917	1	0.438516642986009	1	0	2.61116342875	0.501905974916667	2.60124760338183
2.08	17	2	1.12451361867704	0.26342289692917	1	0.438516642986009	1	0	2.61116342875	0.501905974916667	2.60124760338183
2.09	17	2	1.12451361867704	0.26342289692917	1	0.438516642986009	1	0	2.61116342875	0.501905974916666	2.60124760338183
2.1	17	2	1.12451361867704	0.26342289692917	1	0.438516642986009	1	0	2.61116342875	0.501905974916667	2.60124760338183
2.11	17	2	1.12451361867704	0.26342289692917	1	0.438516642986009	1	0	2.61116342875	0.501905974916667	2.60124760338183
2.12	17	2	1.12451361867704	0.26342289692917	1	0.438516642986009	1	0	2.61116342875	0.501905974916667	2.60124760338183
2.13	17	2	1.12451361867704	0.26342289692917	1	0.438516642986009	1	0	2.61116342875	0.501905974916667	2.60124760338183
2.14	17	2	1.12451361867704	0.26342289692917	1	0.438516642986009	1	0	2.61116342875	0.501905974916666	2.60124760338183
2.15	17	2	1.12451361867704	0.26342289692917	1	0.438516642986009	1	0	2.61116342875	0.501905974916666	2.60124760338183
2.16	17	2	1.12451361867704	0.26342289692917	1	0.438516642986009	1	0	2.61116342875	0.501905974916667	2.60124760338183
2.17	17	2	1.12451361867704	0.26342289692917	1	0.438516642986009	1	0	2.61116342875	0.501905974916666	2.60124760338183
2.18	17	2	1.12451361867704	0.26342289692917	1	0.438516642986009	1	0	2.61116342875	0.501905974916667	2.60124760338183
2.19	17	2	1.12451361867704	0.26342289692917	1	0.438516642986009	1	0	2.61116342875	0.501905974916667	2.60124760338183
2.2	17	2	1.12451361867704	0.26342289692917	1	0.438516642986009	1	0	2.61116342875	0.501905974916667	2.60124760338183
2.21	17	2	1.12451361867704	0.26342289692917	1	0.438516642986009	1	0	2.61116342875	0.501905974916667	2.60124760338183
2.22	17	2	1.12451361867704	0.26342289692917	1	0.438516642986009	1	0	2.61116342875	0.501905974916667	2.60124760338183
2.23	17	2	1.12451361867704	0.26342289692917	1	0.438516642986009	1	0	2.61116342875	0.501905974916666	2.60124760338183
2.24	17	2	1.12451361867704	0.26342289692917	1	0.438516642986009	1	0	2.61116342875	0.501905974916666	2.60124760338183
2.25	17	2	1.12451361867704	0.26342289692917	1	0.438516642986009	1	0	2.61116342875	0.501905974916666	2.60124760338183
2.26	17	2	1.12451361867704	0.26342289692917	1	0.438516642986009	1	0	2.61116342875	0.501905974916666	2.60124760338183
2.27	17	2	1.12451361867704	0.26342289692917	1	0.438516642986009	1	0	2.61116342875	0.501905974916667	2.60124760338183
2.28	17	2	1.12451361867704	0.26342289692917	1	0.438516642986009	1	0	2.61116342875	0.501905974916667	2.60124760338183
2.29	17	2	1.12451361867704	0.26342289692917	1	0.438516642986009	1	0	2.61116342875	0.501905974916667	2.60124760338183
2.29999999999999	17	2	1.12451361867704	0.26342289692917	1	0.438516642986009	1	0	2.61116342875	0.501905974916667	2.60124760338183
2.30999999999999	17	2	1.12451361867704	0.26342289692917	1	0.438516642986009	1	0	2.61116342875	0.501905974916666	2.60124760338183
2.31999999999999	17	2	1.12451361867704	0.26342289692917	1	0.438516642986009	1	0	2.61116342875	0.501905974916667	2.60124760338183
2.32999999999999	17	2	1.12451361867704	0.26342289692917	1	0.438516642986009	1	0	2.61116342875	0.501905974916666	2.60124760338183
2.33999999999999	17	1	1	1	0	1	0	-1	0	1.19291212382353	0.838284715218414
