#dist_cut	num_seqs	num_clusters	num_clusters(recip_simpson_index)	avg_intra_clust_phylo_dist_phylum(norm_shannon_index)	avg_inter_clust_phylo_dist_phylum(norm_shannon_index)	avg_intra_clust_phylo_dist_order(norm_shannon_index)	avg_inter_clust_phylo_dist_order(norm_shannon_index)	avg_silhouette_width	avg_inter_clust_dist	avg_intra_clust_dist	dunn_index
0	22	22	22	0	0.340783442601607	0	0.336294890745622	1	1.92358941203463	0	0.08472713
0.01	22	22	22	0	0.340783442601607	0	0.336294890745622	1	1.92358941203463	0	0.08472713
0.02	22	22	22	0	0.340783442601607	0	0.336294890745622	1	1.92358941203463	0	0.08472713
0.03	22	22	22	0	0.340783442601607	0	0.336294890745622	1	1.92358941203463	0	0.08472713
0.04	22	22	22	0	0.340783442601607	0	0.336294890745622	1	1.92358941203463	0	0.08472713
0.05	22	22	22	0	0.340783442601607	0	0.336294890745622	1	1.92358941203463	0	0.08472713
0.06	22	22	22	0	0.340783442601607	0	0.336294890745622	1	1.92358941203463	0	0.08472713
0.07	22	22	22	0	0.340783442601607	0	0.336294890745622	1	1.92358941203463	0	0.08472713
0.08	22	22	22	0	0.340783442601607	0	0.336294890745622	1	1.92358941203463	0	0.08472713
0.09	22	21	20.1666666666667	0	0.355552760361665	0	0.348639872227828	0.904761904761905	1.982369376	0.00403462523809524	1.1593895013321
0.1	22	20	17.2857142857143	0	0.371138385836233	0	0.361263303254294	0.9	2.04214197368421	0.00468651033333333	1.25345706766463
0.11	22	20	17.2857142857143	0	0.371138385836233	0	0.361263303254294	0.9	2.04214197368421	0.00468651033333333	1.25345706766463
0.12	22	19	16.1333333333333	0	0.388663144700952	0	0.37526480130948	0.885207300791468	2.10252034555556	0.0111166840350877	1.26924346132872
0.13	22	19	16.1333333333333	0	0.388663144700952	0	0.37526480130948	0.885207300791468	2.10252034555556	0.0111166840350877	1.26924346132872
0.14	22	18	13.4444444444444	0	0.407698305606737	0	0.389993076446066	0.878806572200036	2.1714151596732	0.0132728646296296	1.54354350314895
0.15	22	18	13.4444444444444	0	0.407698305606737	0	0.389993076446066	0.878806572200036	2.1714151596732	0.0132728646296296	1.54354350314895
0.16	22	18	13.4444444444444	0	0.407698305606737	0	0.389993076446066	0.878806572200036	2.1714151596732	0.0132728646296296	1.54354350314895
0.17	22	18	13.4444444444444	0	0.407698305606737	0	0.389993076446066	0.878806572200036	2.1714151596732	0.0132728646296296	1.54354350314895
0.18	22	18	13.4444444444444	0	0.407698305606737	0	0.389993076446066	0.878806572200036	2.1714151596732	0.0132728646296296	1.54354350314895
0.19	22	17	12.7368421052632	0	0.428845185241245	0	0.405876427219509	0.852546844728853	2.24814940911765	0.025078587254902	1.27628798317743
0.2	22	17	12.7368421052632	0	0.428845185241245	0	0.405876427219509	0.852546844728853	2.24814940911765	0.025078587254902	1.27628798317743
0.21	22	17	12.7368421052632	0	0.428845185241245	0	0.405876427219509	0.848954383618695	2.24814940911765	0.025078587254902	1.27628798317743
0.22	22	17	12.7368421052632	0	0.428845185241245	0	0.405876427219509	0.852546844728853	2.24814940911765	0.025078587254902	1.27628798317743
0.23	22	16	10.5217391304348	0	0.452539836938608	0	0.423082801605105	0.843203825852533	2.328730090675	0.029590568	1.78649537771012
0.24	22	16	10.5217391304348	0	0.452539836938608	0	0.423082801605105	0.839193147170663	2.328730090675	0.029590568	1.78649537771012
0.25	22	16	10.5217391304348	0	0.452539836938608	0	0.423082801605105	0.843203825852533	2.328730090675	0.029590568	1.78649537771012
0.26	22	16	10.5217391304348	0	0.452539836938608	0	0.423082801605105	0.843203825852533	2.328730090675	0.029590568	1.78649537771012
0.27	22	16	10.5217391304348	0	0.452539836938608	0	0.423082801605105	0.839193147170663	2.328730090675	0.029590568	1.78649537771012
0.28	22	16	10.5217391304348	0	0.452539836938608	0	0.423082801605105	0.843203825852533	2.328730090675	0.029590568	1.78649537771012
0.29	22	16	10.5217391304348	0	0.452539836938608	0	0.423082801605105	0.839193147170663	2.328730090675	0.029590568	1.78649537771012
0.3	22	16	10.5217391304348	0	0.452539836938608	0	0.423082801605105	0.843203825852533	2.328730090675	0.029590568	1.78649537771012
0.31	22	16	10.5217391304348	0	0.452539836938608	0	0.423082801605105	0.839193147170663	2.328730090675	0.029590568	1.78649537771012
0.32	22	15	8.64285714285714	0	0.4794041147561	0	0.441873272542479	0.829360124409908	2.39772949590476	0.0352587165777778	1.5683688152021
0.33	22	15	8.64285714285714	0	0.4794041147561	0	0.441873272542479	0.829360124409908	2.39772949590476	0.0352587165777778	1.5683688152021
0.34	22	15	8.64285714285714	0	0.4794041147561	0	0.441873272542479	0.829360124409908	2.39772949590476	0.0352587165777778	1.5683688152021
0.35	22	15	8.64285714285714	0	0.4794041147561	0	0.441873272542479	0.829360124409908	2.39772949590476	0.0352587165777778	1.5683688152021
0.36	22	14	8.3448275862069	0	0.508599302026033	0	0.460735681566653	0.820786936289515	2.46291661532967	0.0628676849047619	1.02708526372714
0.37	22	14	8.3448275862069	0	0.508599302026033	0	0.460735681566653	0.820786936289516	2.46291661532967	0.0628676849047619	1.02708526372714
0.38	22	13	7.80645161290323	0	0.540163463042354	0	0.478879506064583	0.770050027802726	2.57290850923077	0.0801802865641026	1.48253288013181
0.39	22	13	7.80645161290323	0	0.540163463042354	0	0.478879506064583	0.770050027802727	2.57290850923077	0.0801802865641026	1.48253288013181
0.4	22	13	7.80645161290323	0	0.540163463042354	0	0.478879506064583	0.770050027802726	2.57290850923077	0.0801802865641026	1.48253288013181
0.41	22	13	7.80645161290323	0	0.540163463042354	0	0.478879506064583	0.788137270694688	2.57290850923077	0.0801802865641026	1.48253288013181
0.42	22	13	7.80645161290323	0	0.540163463042354	0	0.478879506064583	0.788137270694688	2.57290850923077	0.0801802865641026	1.48253288013181
0.43	22	13	7.80645161290323	0	0.540163463042354	0	0.478879506064583	0.770050027802726	2.57290850923077	0.0801802865641026	1.48253288013181
0.44	22	13	7.80645161290323	0	0.540163463042354	0	0.478879506064583	0.788137270694688	2.57290850923077	0.0801802865641026	1.48253288013181
0.45	22	13	7.80645161290323	0	0.540163463042354	0	0.478879506064583	0.770050027802727	2.57290850923077	0.0801802865641026	1.48253288013181
0.46	22	13	7.80645161290323	0	0.540163463042354	0	0.478879506064583	0.788137270694688	2.57290850923077	0.0801802865641026	1.48253288013181
0.47	22	13	7.80645161290323	0	0.540163463042354	0	0.478879506064583	0.788137270694688	2.57290850923077	0.0801802865641026	1.48253288013181
0.48	22	12	7.11764705882353	0	0.576502926231389	0	0.497746380990372	0.735973756200729	2.68630666121212	0.0969070485	1.31730717152533
0.49	22	11	5.26086956521739	0	0.623189472639277	0	0.521661806326508	0.741186672773955	2.81262915436364	0.1003744054329	1.54798631615554
0.5	22	11	5.26086956521739	0	0.623189472639277	0	0.521661806326508	0.741186672773955	2.81262915436364	0.1003744054329	1.54798631615554
0.51	22	11	5.26086956521739	0	0.623189472639277	0	0.521661806326508	0.741186672773955	2.81262915436364	0.1003744054329	1.54798631615554
0.52	22	11	5.26086956521739	0	0.623189472639277	0	0.521661806326508	0.741186672773955	2.81262915436364	0.1003744054329	1.54798631615554
0.53	22	11	5.26086956521739	0	0.623189472639277	0	0.521661806326508	0.741186672773955	2.81262915436364	0.1003744054329	1.54798631615554
0.54	22	11	5.26086956521739	0	0.623189472639277	0	0.521661806326508	0.741186672773955	2.81262915436364	0.1003744054329	1.54798631615554
0.55	22	11	5.26086956521739	0	0.623189472639277	0	0.521661806326508	0.741186672773955	2.81262915436364	0.1003744054329	1.54798631615554
0.56	22	11	5.26086956521739	0	0.623189472639277	0	0.521661806326508	0.741186672773955	2.81262915436364	0.1003744054329	1.54798631615554
0.57	22	11	4.74509803921569	0	0.62694403979519	0	0.525800498307464	0.766899004389154	2.81187737175758	0.0950445799494949	1.45969000975904
0.58	22	11	4.74509803921569	0	0.62694403979519	0	0.525800498307464	0.766899004389155	2.81187737175758	0.0950445799494949	1.45969000975904
0.59	22	11	4.74509803921569	0	0.62694403979519	0	0.525800498307464	0.766899004389155	2.81187737175758	0.0950445799494949	1.45969000975904
0.6	22	10	4.03333333333333	0	0.680505007023636	0	0.548111137345723	0.751147744491096	2.90637628428889	0.112045950288889	1.25624925000641
0.61	22	9	2.68888888888889	0	0.759045986582622	0	0.584183680804882	0.75593367256031	3.03244455594017	0.0978834581196581	1.96144690940192
0.62	22	9	2.68888888888889	0	0.759045986582622	0	0.584183680804882	0.75593367256031	3.03244455594017	0.0978834581196581	1.96144690940192
0.63	22	9	2.68888888888889	0	0.759045986582622	0	0.584183680804882	0.75593367256031	3.03244455594017	0.0978834581196581	1.96144690940192
0.64	22	9	2.68888888888889	0	0.759045986582622	0	0.584183680804882	0.75593367256031	3.03244455594017	0.0978834581196581	1.96144690940191
0.65	22	9	2.68888888888889	0	0.759045986582622	0	0.584183680804882	0.755933672560311	3.03244455594017	0.0978834581196581	1.96144690940192
0.66	22	9	2.68888888888889	0	0.759045986582622	0	0.584183680804882	0.755933672560311	3.03244455594017	0.0978834581196581	1.96144690940191
0.67	22	9	2.68888888888889	0	0.759045986582622	0	0.584183680804882	0.75593367256031	3.03244455594017	0.0978834581196581	1.96144690940192
0.68	22	9	2.68888888888889	0	0.759045986582622	0	0.584183680804882	0.75593367256031	3.03244455594017	0.0978834581196581	1.96144690940192
0.69	22	9	2.68888888888889	0	0.759045986582622	0	0.584183680804882	0.75593367256031	3.03244455594017	0.0978834581196581	1.96144690940192
0.7	22	9	2.68888888888889	0	0.759045986582622	0	0.584183680804882	0.755933672560311	3.03244455594017	0.0978834581196581	1.96144690940192
0.71	22	9	2.68888888888889	0	0.759045986582622	0	0.584183680804882	0.755933672560311	3.03244455594017	0.0978834581196582	1.96144690940191
0.72	22	9	2.68888888888889	0	0.759045986582622	0	0.584183680804882	0.755933672560311	3.03244455594017	0.0978834581196581	1.96144690940192
0.73	22	9	2.68888888888889	0	0.759045986582622	0	0.584183680804882	0.75593367256031	3.03244455594017	0.0978834581196581	1.96144690940192
0.74	22	9	2.68888888888889	0	0.759045986582622	0	0.584183680804882	0.75593367256031	3.03244455594017	0.0978834581196581	1.96144690940192
0.75	22	9	2.68888888888889	0	0.759045986582622	0	0.584183680804882	0.755933672560311	3.03244455594017	0.0978834581196581	1.96144690940192
0.76	22	9	2.68888888888889	0	0.759045986582622	0	0.584183680804882	0.755933672560311	3.03244455594017	0.0978834581196581	1.96144690940192
0.77	22	9	2.68888888888889	0	0.759045986582622	0	0.584183680804882	0.75593367256031	3.03244455594017	0.0978834581196581	1.96144690940192
0.78	22	9	2.68888888888889	0	0.759045986582622	0	0.584183680804882	0.75593367256031	3.03244455594017	0.0978834581196581	1.96144690940192
0.79	22	9	2.68888888888889	0	0.759045986582622	0	0.584183680804882	0.755933672560311	3.03244455594017	0.0978834581196582	1.96144690940191
0.8	22	9	2.68888888888889	0	0.759045986582622	0	0.584183680804882	0.75593367256031	3.03244455594017	0.0978834581196581	1.96144690940192
0.81	22	9	2.68888888888889	0	0.759045986582622	0	0.584183680804882	0.755933672560311	3.03244455594017	0.0978834581196581	1.96144690940192
0.820000000000001	22	9	2.68888888888889	0	0.759045986582622	0	0.584183680804882	0.75593367256031	3.03244455594017	0.0978834581196581	1.96144690940192
0.830000000000001	22	9	2.68888888888889	0	0.759045986582622	0	0.584183680804882	0.75593367256031	3.03244455594017	0.0978834581196581	1.96144690940192
0.840000000000001	22	9	2.68888888888889	0	0.759045986582622	0	0.584183680804882	0.755933672560311	3.03244455594017	0.0978834581196582	1.96144690940191
0.850000000000001	22	9	2.68888888888889	0	0.759045986582622	0	0.584183680804882	0.755933672560311	3.03244455594017	0.0978834581196581	1.96144690940192
0.860000000000001	22	9	2.68888888888889	0	0.759045986582622	0	0.584183680804882	0.755933672560311	3.03244455594017	0.0978834581196581	1.96144690940192
0.870000000000001	22	9	2.68888888888889	0	0.759045986582622	0	0.584183680804882	0.75593367256031	3.03244455594017	0.0978834581196581	1.96144690940192
0.880000000000001	22	9	2.68888888888889	0	0.759045986582622	0	0.584183680804882	0.75593367256031	3.03244455594017	0.0978834581196581	1.96144690940192
0.890000000000001	22	9	2.68888888888889	0	0.759045986582622	0	0.584183680804882	0.755933672560311	3.03244455594017	0.0978834581196581	1.96144690940192
0.900000000000001	22	9	2.68888888888889	0	0.759045986582622	0	0.584183680804882	0.75593367256031	3.03244455594017	0.0978834581196581	1.96144690940192
0.910000000000001	22	9	2.68888888888889	0	0.759045986582622	0	0.584183680804882	0.755933672560311	3.03244455594017	0.0978834581196581	1.96144690940192
0.920000000000001	22	9	2.68888888888889	0	0.759045986582622	0	0.584183680804882	0.75593367256031	3.03244455594017	0.0978834581196581	1.96144690940192
0.930000000000001	22	9	2.68888888888889	0	0.759045986582622	0	0.584183680804882	0.75593367256031	3.03244455594017	0.0978834581196581	1.96144690940192
0.940000000000001	22	9	2.68888888888889	0	0.759045986582622	0	0.584183680804882	0.755933672560311	3.03244455594017	0.0978834581196581	1.96144690940192
0.950000000000001	22	9	2.68888888888889	0	0.759045986582622	0	0.584183680804882	0.755933672560311	3.03244455594017	0.0978834581196581	1.96144690940192
0.960000000000001	22	9	2.68888888888889	0	0.759045986582622	0	0.584183680804882	0.75593367256031	3.03244455594017	0.0978834581196581	1.96144690940192
0.970000000000001	22	9	2.68888888888889	0	0.759045986582622	0	0.584183680804882	0.75593367256031	3.03244455594017	0.0978834581196581	1.96144690940192
0.980000000000001	22	9	2.68888888888889	0	0.759045986582622	0	0.584183680804882	0.755933672560311	3.03244455594017	0.0978834581196581	1.96144690940192
0.990000000000001	22	9	2.68888888888889	0	0.759045986582622	0	0.584183680804882	0.755933672560311	3.03244455594017	0.0978834581196581	1.96144690940192
1	22	9	2.68888888888889	0	0.759045986582622	0	0.584183680804882	0.75593367256031	3.03244455594017	0.0978834581196581	1.96144690940192
1.01	22	9	2.68888888888889	0	0.759045986582622	0	0.584183680804882	0.755933672560311	3.03244455594017	0.0978834581196581	1.96144690940192
1.02	22	9	2.68888888888889	0	0.759045986582622	0	0.584183680804882	0.75593367256031	3.03244455594017	0.0978834581196581	1.96144690940192
1.03	22	9	2.68888888888889	0	0.759045986582622	0	0.584183680804882	0.755933672560311	3.03244455594017	0.0978834581196581	1.96144690940192
1.04	22	8	2.65934065934066	0	0.831098569712603	0	0.591459496949317	0.680542199065962	3.02001086945055	0.239987340384615	1.22700962011944
1.05	22	8	2.65934065934066	0	0.831098569712603	0	0.591459496949317	0.680542199065962	3.02001086945055	0.239987340384615	1.22700962011944
1.06	22	8	2.65934065934066	0	0.831098569712603	0	0.591459496949317	0.691399529740012	3.02001086945055	0.239987340384615	1.22700962011944
1.07	22	8	2.65934065934066	0	0.831098569712603	0	0.591459496949317	0.680542199065961	3.02001086945055	0.239987340384615	1.22700962011944
1.08	22	8	2.65934065934066	0	0.831098569712603	0	0.591459496949317	0.680542199065962	3.02001086945055	0.239987340384615	1.22700962011944
1.09	22	8	2.65934065934066	0	0.831098569712603	0	0.591459496949317	0.691399529740012	3.02001086945055	0.239987340384615	1.22700962011944
1.1	22	8	2.65934065934066	0	0.831098569712603	0	0.591459496949317	0.691399529740012	3.02001086945055	0.239987340384615	1.22700962011944
1.11	22	8	2.65934065934066	0	0.831098569712603	0	0.591459496949317	0.691399529740012	3.02001086945055	0.239987340384615	1.22700962011944
1.12	22	8	2.65934065934066	0	0.831098569712603	0	0.591459496949317	0.680542199065961	3.02001086945055	0.239987340384615	1.22700962011944
1.13	22	8	2.65934065934066	0	0.831098569712603	0	0.591459496949317	0.691399529740012	3.02001086945055	0.239987340384615	1.22700962011944
1.14	22	8	2.65934065934066	0	0.831098569712603	0	0.591459496949317	0.691399529740012	3.02001086945055	0.239987340384615	1.22700962011944
1.15	22	8	2.65934065934066	0	0.831098569712603	0	0.591459496949317	0.691399529740012	3.02001086945055	0.239987340384615	1.22700962011944
1.16	22	8	2.65934065934066	0	0.831098569712603	0	0.591459496949317	0.691399529740011	3.02001086945055	0.239987340384615	1.22700962011944
1.17	22	8	2.65934065934066	0	0.831098569712603	0	0.591459496949317	0.691399529740012	3.02001086945055	0.239987340384615	1.22700962011944
1.18	22	8	2.65934065934066	0	0.831098569712603	0	0.591459496949317	0.691399529740012	3.02001086945055	0.239987340384615	1.22700962011944
1.19	22	8	2.65934065934066	0	0.831098569712603	0	0.591459496949317	0.691399529740012	3.02001086945055	0.239987340384615	1.22700962011944
1.2	22	8	2.65934065934066	0	0.831098569712603	0	0.591459496949317	0.691399529740012	3.02001086945055	0.239987340384615	1.22700962011944
1.21	22	8	2.65934065934066	0	0.831098569712603	0	0.591459496949317	0.691399529740012	3.02001086945055	0.239987340384615	1.22700962011944
1.22	22	8	2.65934065934066	0	0.831098569712603	0	0.591459496949317	0.680542199065962	3.02001086945055	0.239987340384615	1.22700962011944
1.23	22	8	2.65934065934066	0	0.831098569712603	0	0.591459496949317	0.680542199065962	3.02001086945055	0.239987340384615	1.22700962011944
1.24	22	8	2.65934065934066	0	0.831098569712603	0	0.591459496949317	0.691399529740011	3.02001086945055	0.239987340384615	1.22700962011944
1.25	22	8	2.65934065934066	0	0.831098569712603	0	0.591459496949317	0.680542199065962	3.02001086945055	0.239987340384615	1.22700962011944
1.26	22	8	2.65934065934066	0	0.831098569712603	0	0.591459496949317	0.691399529740012	3.02001086945055	0.239987340384615	1.22700962011944
1.27	22	8	2.65934065934066	0	0.831098569712603	0	0.591459496949317	0.680542199065962	3.02001086945055	0.239987340384615	1.22700962011944
1.28	22	8	2.65934065934066	0	0.831098569712603	0	0.591459496949317	0.691399529740012	3.02001086945055	0.239987340384615	1.22700962011944
1.29	22	7	2.60215053763441	0.491762881744833	0.768347182002106	0.108414899011936	0.677564938290891	0.602197577224811	3.11615654168498	0.362226661391941	1.50152613975023
1.3	22	7	2.60215053763441	0.491762881744833	0.768347182002106	0.108414899011936	0.677564938290891	0.602197577224811	3.11615654168498	0.362226661391941	1.50152613975023
1.31	22	7	2.60215053763441	0.491762881744833	0.768347182002106	0.108414899011936	0.677564938290891	0.602197577224812	3.11615654168498	0.362226661391941	1.50152613975023
1.32	22	7	2.60215053763441	0.491762881744833	0.768347182002106	0.108414899011936	0.677564938290891	0.602197577224811	3.11615654168498	0.362226661391941	1.50152613975023
1.33	22	7	2.60215053763441	0.491762881744833	0.768347182002106	0.108414899011936	0.677564938290891	0.602197577224811	3.11615654168498	0.362226661391941	1.50152613975023
1.34	22	7	2.60215053763441	0.491762881744833	0.768347182002106	0.108414899011936	0.677564938290891	0.602197577224811	3.11615654168498	0.362226661391941	1.50152613975023
1.35	22	7	2.60215053763441	0.491762881744833	0.768347182002106	0.108414899011936	0.677564938290891	0.602197577224811	3.11615654168498	0.362226661391941	1.50152613975023
1.36	22	7	2.60215053763441	0.491762881744833	0.768347182002106	0.108414899011936	0.677564938290891	0.602197577224812	3.11615654168498	0.362226661391941	1.50152613975023
1.37	22	7	2.60215053763441	0.491762881744833	0.768347182002106	0.108414899011936	0.677564938290891	0.602197577224811	3.11615654168498	0.362226661391941	1.50152613975023
1.38	22	7	2.60215053763441	0.491762881744833	0.768347182002106	0.108414899011936	0.677564938290891	0.602197577224811	3.11615654168498	0.362226661391941	1.50152613975023
1.39	22	7	2.60215053763441	0.491762881744833	0.768347182002106	0.108414899011936	0.677564938290891	0.602197577224811	3.11615654168498	0.362226661391941	1.50152613975023
1.4	22	7	2.60215053763441	0.491762881744833	0.768347182002106	0.108414899011936	0.677564938290891	0.602197577224811	3.11615654168498	0.362226661391941	1.50152613975023
1.41	22	7	2.60215053763441	0.491762881744833	0.768347182002106	0.108414899011936	0.677564938290891	0.602197577224811	3.11615654168498	0.362226661391941	1.50152613975023
1.42	22	7	2.60215053763441	0.491762881744833	0.768347182002106	0.108414899011936	0.677564938290891	0.602197577224811	3.11615654168498	0.362226661391941	1.50152613975023
1.43	22	7	2.60215053763441	0.491762881744833	0.768347182002106	0.108414899011936	0.677564938290891	0.602197577224811	3.11615654168498	0.362226661391941	1.50152613975023
1.44	22	7	2.60215053763441	0.491762881744833	0.768347182002106	0.108414899011936	0.677564938290891	0.602197577224811	3.11615654168498	0.362226661391941	1.50152613975023
1.45	22	7	2.60215053763441	0.491762881744833	0.768347182002106	0.108414899011936	0.677564938290891	0.602197577224811	3.11615654168498	0.362226661391941	1.50152613975023
1.46	22	7	2.60215053763441	0.491762881744833	0.768347182002106	0.108414899011936	0.677564938290891	0.602197577224811	3.11615654168498	0.362226661391941	1.50152613975023
1.47	22	7	2.60215053763441	0.491762881744833	0.768347182002106	0.108414899011936	0.677564938290891	0.602197577224811	3.11615654168498	0.362226661391941	1.50152613975023
1.48	22	7	2.60215053763441	0.491762881744833	0.768347182002106	0.108414899011936	0.677564938290891	0.602197577224811	3.11615654168498	0.362226661391941	1.50152613975023
1.49	22	6	2.28301886792453	0.573723362035639	0.86930933873292	0.177616773177727	0.766952024788058	0.536448572359478	3.24917998706349	0.447129264389499	1.63794287924948
1.5	22	6	2.28301886792453	0.573723362035639	0.86930933873292	0.177616773177727	0.766952024788058	0.536448572359478	3.24917998706349	0.447129264389499	1.63794287924948
1.51	22	6	2.28301886792453	0.573723362035639	0.86930933873292	0.177616773177727	0.766952024788058	0.536448572359478	3.24917998706349	0.447129264389499	1.63794287924948
1.52	22	6	2.28301886792453	0.573723362035639	0.86930933873292	0.177616773177727	0.766952024788058	0.536448572359478	3.24917998706349	0.447129264389499	1.63794287924948
1.53	22	6	2.28301886792453	0.573723362035639	0.86930933873292	0.177616773177727	0.766952024788058	0.536448572359478	3.24917998706349	0.447129264389499	1.63794287924948
1.54	22	6	2.28301886792453	0.573723362035639	0.86930933873292	0.177616773177727	0.766952024788058	0.536448572359478	3.24917998706349	0.447129264389499	1.63794287924948
1.55	22	6	2.28301886792453	0.573723362035639	0.86930933873292	0.177616773177727	0.766952024788058	0.536448572359478	3.24917998706349	0.447129264389499	1.63794287924948
1.56	22	6	2.28301886792453	0.573723362035639	0.86930933873292	0.177616773177727	0.766952024788058	0.536448572359478	3.24917998706349	0.447129264389499	1.63794287924948
1.57	22	6	2.28301886792453	0.573723362035639	0.86930933873292	0.177616773177727	0.766952024788058	0.536448572359478	3.24917998706349	0.447129264389499	1.63794287924948
1.58	22	6	2.28301886792453	0.573723362035639	0.86930933873292	0.177616773177727	0.766952024788058	0.536448572359478	3.24917998706349	0.447129264389499	1.63794287924948
1.59	22	6	2.28301886792453	0.573723362035639	0.86930933873292	0.177616773177727	0.766952024788058	0.536448572359478	3.24917998706349	0.447129264389499	1.63794287924948
1.6	22	6	2.28301886792453	0.573723362035639	0.86930933873292	0.177616773177727	0.766952024788058	0.536448572359478	3.24917998706349	0.447129264389499	1.63794287924948
1.61	22	6	2.28301886792453	0.573723362035639	0.86930933873292	0.177616773177727	0.766952024788058	0.536448572359478	3.24917998706349	0.447129264389499	1.63794287924948
1.62	22	6	2.28301886792453	0.573723362035639	0.86930933873292	0.177616773177727	0.766952024788058	0.536448572359478	3.24917998706349	0.447129264389499	1.63794287924948
1.63	22	6	2.28301886792453	0.573723362035639	0.86930933873292	0.177616773177727	0.766952024788058	0.536448572359478	3.24917998706349	0.447129264389499	1.63794287924948
1.64	22	6	2.28301886792453	0.573723362035639	0.86930933873292	0.177616773177727	0.766952024788058	0.536448572359478	3.24917998706349	0.447129264389499	1.63794287924948
1.65	22	6	2.28301886792453	0.573723362035639	0.86930933873292	0.177616773177727	0.766952024788058	0.536448572359478	3.24917998706349	0.447129264389499	1.63794287924948
1.66	22	6	2.28301886792453	0.573723362035639	0.86930933873292	0.177616773177727	0.766952024788058	0.536448572359478	3.24917998706349	0.447129264389499	1.63794287924948
1.67	22	6	2.28301886792453	0.573723362035639	0.86930933873292	0.177616773177727	0.766952024788058	0.536448572359478	3.24917998706349	0.447129264389499	1.63794287924948
1.68	22	6	2.28301886792453	0.573723362035639	0.86930933873292	0.177616773177727	0.766952024788058	0.536448572359478	3.24917998706349	0.447129264389499	1.63794287924948
1.69	22	6	2.28301886792453	0.573723362035639	0.86930933873292	0.177616773177727	0.766952024788058	0.536448572359478	3.24917998706349	0.447129264389499	1.63794287924948
1.7	22	6	2.28301886792453	0.573723362035639	0.86930933873292	0.177616773177727	0.766952024788058	0.536448572359478	3.24917998706349	0.447129264389499	1.63794287924948
1.71	22	6	2.28301886792453	0.573723362035639	0.86930933873292	0.177616773177727	0.766952024788058	0.536448572359478	3.24917998706349	0.447129264389499	1.63794287924948
1.72	22	6	2.28301886792453	0.573723362035639	0.86930933873292	0.177616773177727	0.766952024788058	0.536448572359478	3.24917998706349	0.447129264389499	1.63794287924948
1.73	22	6	2.28301886792453	0.573723362035639	0.86930933873292	0.177616773177727	0.766952024788058	0.536448572359478	3.24917998706349	0.447129264389499	1.63794287924948
1.74	22	6	2.28301886792453	0.573723362035639	0.86930933873292	0.177616773177727	0.766952024788058	0.536448572359478	3.24917998706349	0.447129264389499	1.63794287924948
1.75	22	6	2.28301886792453	0.573723362035639	0.86930933873292	0.177616773177727	0.766952024788058	0.536448572359478	3.24917998706349	0.447129264389499	1.63794287924948
1.76	22	6	2.28301886792453	0.573723362035639	0.86930933873292	0.177616773177727	0.766952024788058	0.536448572359478	3.24917998706349	0.447129264389499	1.63794287924948
1.77	22	6	2.28301886792453	0.573723362035639	0.86930933873292	0.177616773177727	0.766952024788058	0.536448572359478	3.24917998706349	0.447129264389499	1.63794287924948
1.78	22	6	2.28301886792453	0.573723362035639	0.86930933873292	0.177616773177727	0.766952024788058	0.536448572359478	3.24917998706349	0.447129264389499	1.63794287924948
1.79	22	6	2.28301886792453	0.573723362035639	0.86930933873292	0.177616773177727	0.766952024788058	0.536448572359478	3.24917998706349	0.447129264389499	1.63794287924948
1.8	22	6	2.28301886792453	0.573723362035639	0.86930933873292	0.177616773177727	0.766952024788058	0.536448572359478	3.24917998706349	0.447129264389499	1.63794287924948
1.81	22	6	2.28301886792453	0.573723362035639	0.86930933873292	0.177616773177727	0.766952024788058	0.536448572359478	3.24917998706349	0.447129264389499	1.63794287924948
1.82	22	6	2.28301886792453	0.573723362035639	0.86930933873292	0.177616773177727	0.766952024788058	0.536448572359478	3.24917998706349	0.447129264389499	1.63794287924948
1.83	22	6	2.28301886792453	0.573723362035639	0.86930933873292	0.177616773177727	0.766952024788058	0.536448572359478	3.24917998706349	0.447129264389499	1.63794287924948
1.84	22	6	2.28301886792453	0.573723362035639	0.86930933873292	0.177616773177727	0.766952024788058	0.536448572359478	3.24917998706349	0.447129264389499	1.63794287924948
1.85	22	6	2.28301886792453	0.573723362035639	0.86930933873292	0.177616773177727	0.766952024788058	0.536448572359478	3.24917998706349	0.447129264389499	1.63794287924948
1.86	22	6	2.28301886792453	0.573723362035639	0.86930933873292	0.177616773177727	0.766952024788058	0.536448572359478	3.24917998706349	0.447129264389499	1.63794287924948
1.87	22	6	2.28301886792453	0.573723362035639	0.86930933873292	0.177616773177727	0.766952024788058	0.536448572359478	3.24917998706349	0.447129264389499	1.63794287924948
1.88	22	6	2.28301886792453	0.573723362035639	0.86930933873292	0.177616773177727	0.766952024788058	0.536448572359478	3.24917998706349	0.447129264389499	1.63794287924948
1.89	22	6	2.28301886792453	0.573723362035639	0.86930933873292	0.177616773177727	0.766952024788058	0.536448572359478	3.24917998706349	0.447129264389499	1.63794287924948
1.9	22	6	2.28301886792453	0.573723362035639	0.86930933873292	0.177616773177727	0.766952024788058	0.536448572359478	3.24917998706349	0.447129264389499	1.63794287924948
1.91	22	6	2.28301886792453	0.573723362035639	0.86930933873292	0.177616773177727	0.766952024788058	0.536448572359478	3.24917998706349	0.447129264389499	1.63794287924948
1.92	22	6	2.28301886792453	0.573723362035639	0.86930933873292	0.177616773177727	0.766952024788058	0.536448572359478	3.24917998706349	0.447129264389499	1.63794287924948
1.93	22	6	2.28301886792453	0.573723362035639	0.86930933873292	0.177616773177727	0.766952024788058	0.536448572359478	3.24917998706349	0.447129264389499	1.63794287924948
1.94	22	6	2.28301886792453	0.573723362035639	0.86930933873292	0.177616773177727	0.766952024788058	0.536448572359478	3.24917998706349	0.447129264389499	1.63794287924948
1.95	22	6	2.28301886792453	0.573723362035639	0.86930933873292	0.177616773177727	0.766952024788058	0.536448572359478	3.24917998706349	0.447129264389499	1.63794287924948
1.96	22	6	2.28301886792453	0.573723362035639	0.86930933873292	0.177616773177727	0.766952024788058	0.536448572359478	3.24917998706349	0.447129264389499	1.63794287924948
1.97	22	6	2.28301886792453	0.573723362035639	0.86930933873292	0.177616773177727	0.766952024788058	0.536448572359478	3.24917998706349	0.447129264389499	1.63794287924948
1.98	22	6	2.28301886792453	0.573723362035639	0.86930933873292	0.177616773177727	0.766952024788058	0.536448572359478	3.24917998706349	0.447129264389499	1.63794287924948
1.99	22	6	2.28301886792453	0.573723362035639	0.86930933873292	0.177616773177727	0.766952024788058	0.536448572359478	3.24917998706349	0.447129264389499	1.63794287924948
2	22	6	2.28301886792453	0.573723362035639	0.86930933873292	0.177616773177727	0.766952024788058	0.536448572359478	3.24917998706349	0.447129264389499	1.63794287924948
2.01	22	6	2.28301886792453	0.573723362035639	0.86930933873292	0.177616773177727	0.766952024788058	0.536448572359478	3.24917998706349	0.447129264389499	1.63794287924948
2.02	22	6	2.28301886792453	0.573723362035639	0.86930933873292	0.177616773177727	0.766952024788058	0.536448572359478	3.24917998706349	0.447129264389499	1.63794287924948
2.03	22	6	2.28301886792453	0.573723362035639	0.86930933873292	0.177616773177727	0.766952024788058	0.536448572359478	3.24917998706349	0.447129264389499	1.63794287924948
2.04	22	6	2.28301886792453	0.573723362035639	0.86930933873292	0.177616773177727	0.766952024788058	0.536448572359478	3.24917998706349	0.447129264389499	1.63794287924948
2.05	22	6	2.28301886792453	0.573723362035639	0.86930933873292	0.177616773177727	0.766952024788058	0.536448572359478	3.24917998706349	0.447129264389499	1.63794287924948
2.06	22	6	2.28301886792453	0.573723362035639	0.86930933873292	0.177616773177727	0.766952024788058	0.536448572359478	3.24917998706349	0.447129264389499	1.63794287924948
2.07	22	6	2.28301886792453	0.573723362035639	0.86930933873292	0.177616773177727	0.766952024788058	0.536448572359478	3.24917998706349	0.447129264389499	1.63794287924948
2.08	22	6	2.28301886792453	0.573723362035639	0.86930933873292	0.177616773177727	0.766952024788058	0.536448572359478	3.24917998706349	0.447129264389499	1.63794287924948
2.09	22	6	2.28301886792453	0.573723362035639	0.86930933873292	0.177616773177727	0.766952024788058	0.536448572359478	3.24917998706349	0.447129264389499	1.63794287924948
2.1	22	6	2.28301886792453	0.573723362035639	0.86930933873292	0.177616773177727	0.766952024788058	0.536448572359478	3.24917998706349	0.447129264389499	1.63794287924948
2.11	22	6	2.28301886792453	0.573723362035639	0.86930933873292	0.177616773177727	0.766952024788058	0.536448572359478	3.24917998706349	0.447129264389499	1.63794287924948
2.12	22	6	2.28301886792453	0.573723362035639	0.86930933873292	0.177616773177727	0.766952024788058	0.536448572359478	3.24917998706349	0.447129264389499	1.63794287924948
2.13	22	6	2.28301886792453	0.573723362035639	0.86930933873292	0.177616773177727	0.766952024788058	0.536448572359478	3.24917998706349	0.447129264389499	1.63794287924948
2.14	22	6	2.28301886792453	0.573723362035639	0.86930933873292	0.177616773177727	0.766952024788058	0.536448572359478	3.24917998706349	0.447129264389499	1.63794287924948
2.15	22	6	2.28301886792453	0.573723362035639	0.86930933873292	0.177616773177727	0.766952024788058	0.536448572359478	3.24917998706349	0.447129264389499	1.63794287924948
2.16	22	6	2.28301886792453	0.573723362035639	0.86930933873292	0.177616773177727	0.766952024788058	0.536448572359478	3.24917998706349	0.447129264389499	1.63794287924948
2.17	22	6	2.28301886792453	0.573723362035639	0.86930933873292	0.177616773177727	0.766952024788058	0.536448572359478	3.24917998706349	0.447129264389499	1.63794287924948
2.18	22	6	2.28301886792453	0.573723362035639	0.86930933873292	0.177616773177727	0.766952024788058	0.536448572359478	3.24917998706349	0.447129264389499	1.63794287924948
2.19	22	6	2.28301886792453	0.573723362035639	0.86930933873292	0.177616773177727	0.766952024788058	0.536448572359478	3.24917998706349	0.447129264389499	1.63794287924948
2.2	22	6	2.28301886792453	0.573723362035639	0.86930933873292	0.177616773177727	0.766952024788058	0.536448572359478	3.24917998706349	0.447129264389499	1.63794287924948
2.21	22	6	2.28301886792453	0.573723362035639	0.86930933873292	0.177616773177727	0.766952024788058	0.536448572359478	3.24917998706349	0.447129264389499	1.63794287924948
2.22	22	6	2.28301886792453	0.573723362035639	0.86930933873292	0.177616773177727	0.766952024788058	0.536448572359478	3.24917998706349	0.447129264389499	1.63794287924948
2.23	22	6	2.28301886792453	0.573723362035639	0.86930933873292	0.177616773177727	0.766952024788058	0.536448572359478	3.24917998706349	0.447129264389499	1.63794287924948
2.24	22	6	2.28301886792453	0.573723362035639	0.86930933873292	0.177616773177727	0.766952024788058	0.536448572359478	3.24917998706349	0.447129264389499	1.63794287924948
2.25	22	6	2.28301886792453	0.573723362035639	0.86930933873292	0.177616773177727	0.766952024788058	0.536448572359478	3.24917998706349	0.447129264389499	1.63794287924948
2.26	22	6	2.28301886792453	0.573723362035639	0.86930933873292	0.177616773177727	0.766952024788058	0.536448572359478	3.24917998706349	0.447129264389499	1.63794287924948
2.27	22	6	2.28301886792453	0.573723362035639	0.86930933873292	0.177616773177727	0.766952024788058	0.536448572359478	3.24917998706349	0.447129264389499	1.63794287924948
2.28	22	6	2.28301886792453	0.573723362035639	0.86930933873292	0.177616773177727	0.766952024788058	0.536448572359478	3.24917998706349	0.447129264389499	1.63794287924948
2.29	22	6	2.28301886792453	0.573723362035639	0.86930933873292	0.177616773177727	0.766952024788058	0.536448572359478	3.24917998706349	0.447129264389499	1.63794287924948
2.29999999999999	22	6	2.28301886792453	0.573723362035639	0.86930933873292	0.177616773177727	0.766952024788058	0.536448572359478	3.24917998706349	0.447129264389499	1.63794287924948
2.30999999999999	22	6	2.28301886792453	0.573723362035639	0.86930933873292	0.177616773177727	0.766952024788058	0.536448572359478	3.24917998706349	0.447129264389499	1.63794287924948
2.31999999999999	22	5	2.22018348623853	0.608234334753228	0.900951080712302	0.309287310990941	0.863607936140147	0.423062895646985	3.28192312214286	0.610033324934066	1.71844887294873
2.32999999999999	22	5	2.22018348623853	0.608234334753228	0.900951080712302	0.309287310990941	0.863607936140147	0.423062895646985	3.28192312214286	0.610033324934066	1.71844887294873
2.33999999999999	22	5	2.22018348623853	0.608234334753228	0.900951080712302	0.309287310990941	0.863607936140147	0.423062895646985	3.28192312214286	0.610033324934066	1.71844887294873
2.34999999999999	22	5	2.22018348623853	0.608234334753228	0.900951080712302	0.309287310990941	0.863607936140147	0.423062895646985	3.28192312214286	0.610033324934066	1.71844887294873
2.35999999999999	22	5	2.22018348623853	0.608234334753228	0.900951080712302	0.309287310990941	0.863607936140147	0.423062895646985	3.28192312214286	0.610033324934066	1.71844887294873
2.36999999999999	22	5	2.22018348623853	0.608234334753228	0.900951080712302	0.309287310990941	0.863607936140147	0.423062895646985	3.28192312214286	0.610033324934066	1.71844887294873
2.37999999999999	22	5	2.22018348623853	0.608234334753228	0.900951080712302	0.309287310990941	0.863607936140147	0.423062895646985	3.28192312214286	0.610033324934066	1.71844887294873
2.38999999999999	22	5	2.22018348623853	0.608234334753228	0.900951080712302	0.309287310990941	0.863607936140147	0.423062895646985	3.28192312214286	0.610033324934066	1.71844887294873
2.39999999999999	22	5	2.22018348623853	0.608234334753228	0.900951080712302	0.309287310990941	0.863607936140147	0.423062895646985	3.28192312214286	0.610033324934066	1.71844887294873
2.40999999999999	22	5	2.22018348623853	0.608234334753228	0.900951080712302	0.309287310990941	0.863607936140147	0.423062895646985	3.28192312214286	0.610033324934066	1.71844887294873
2.41999999999999	22	5	2.22018348623853	0.608234334753228	0.900951080712302	0.309287310990941	0.863607936140147	0.423062895646985	3.28192312214286	0.610033324934066	1.71844887294873
2.42999999999999	22	5	2.22018348623853	0.608234334753228	0.900951080712302	0.309287310990941	0.863607936140147	0.423062895646985	3.28192312214286	0.610033324934066	1.71844887294873
2.43999999999999	22	5	2.22018348623853	0.608234334753228	0.900951080712302	0.309287310990941	0.863607936140147	0.423062895646985	3.28192312214286	0.610033324934066	1.71844887294873
2.44999999999999	22	5	2.22018348623853	0.608234334753228	0.900951080712302	0.309287310990941	0.863607936140147	0.423062895646985	3.28192312214286	0.610033324934066	1.71844887294873
2.45999999999999	22	5	2.22018348623853	0.608234334753228	0.900951080712302	0.309287310990941	0.863607936140147	0.423062895646985	3.28192312214286	0.610033324934066	1.71844887294873
2.46999999999999	22	5	2.22018348623853	0.608234334753228	0.900951080712302	0.309287310990941	0.863607936140147	0.423062895646985	3.28192312214286	0.610033324934066	1.71844887294873
2.47999999999999	22	5	2.22018348623853	0.608234334753228	0.900951080712302	0.309287310990941	0.863607936140147	0.423062895646985	3.28192312214286	0.610033324934066	1.71844887294873
2.48999999999999	22	5	2.22018348623853	0.608234334753228	0.900951080712302	0.309287310990941	0.863607936140147	0.423062895646985	3.28192312214286	0.610033324934066	1.71844887294873
2.49999999999999	22	5	2.22018348623853	0.608234334753228	0.900951080712302	0.309287310990941	0.863607936140147	0.423062895646985	3.28192312214286	0.610033324934066	1.71844887294873
2.50999999999999	22	5	2.22018348623853	0.608234334753228	0.900951080712302	0.309287310990941	0.863607936140147	0.423062895646985	3.28192312214286	0.610033324934066	1.71844887294873
2.51999999999999	22	5	2.22018348623853	0.608234334753228	0.900951080712302	0.309287310990941	0.863607936140147	0.423062895646985	3.28192312214286	0.610033324934066	1.71844887294873
2.52999999999999	22	5	2.22018348623853	0.608234334753228	0.900951080712302	0.309287310990941	0.863607936140147	0.423062895646985	3.28192312214286	0.610033324934066	1.71844887294873
2.53999999999999	22	5	2.22018348623853	0.608234334753228	0.900951080712302	0.309287310990941	0.863607936140147	0.423062895646985	3.28192312214286	0.610033324934066	1.71844887294873
2.54999999999999	22	5	2.22018348623853	0.608234334753228	0.900951080712302	0.309287310990941	0.863607936140147	0.423062895646985	3.28192312214286	0.610033324934066	1.71844887294873
2.55999999999999	22	5	2.22018348623853	0.608234334753228	0.900951080712302	0.309287310990941	0.863607936140147	0.423062895646985	3.28192312214286	0.610033324934066	1.71844887294873
2.56999999999999	22	5	2.22018348623853	0.608234334753228	0.900951080712302	0.309287310990941	0.863607936140147	0.423062895646985	3.28192312214286	0.610033324934066	1.71844887294873
2.57999999999999	22	5	2.22018348623853	0.608234334753228	0.900951080712302	0.309287310990941	0.863607936140147	0.423062895646985	3.28192312214286	0.610033324934066	1.71844887294873
2.58999999999999	22	5	2.22018348623853	0.608234334753228	0.900951080712302	0.309287310990941	0.863607936140147	0.423062895646985	3.28192312214286	0.610033324934066	1.71844887294873
2.59999999999999	22	5	2.22018348623853	0.608234334753228	0.900951080712302	0.309287310990941	0.863607936140147	0.423062895646985	3.28192312214286	0.610033324934066	1.71844887294873
2.60999999999999	22	5	2.22018348623853	0.608234334753228	0.900951080712302	0.309287310990941	0.863607936140147	0.423062895646985	3.28192312214286	0.610033324934066	1.71844887294873
2.61999999999999	22	5	2.22018348623853	0.608234334753228	0.900951080712302	0.309287310990941	0.863607936140147	0.423062895646985	3.28192312214286	0.610033324934066	1.71844887294873
2.62999999999999	22	5	2.22018348623853	0.608234334753228	0.900951080712302	0.309287310990941	0.863607936140147	0.423062895646985	3.28192312214286	0.610033324934066	1.71844887294873
2.63999999999999	22	5	2.22018348623853	0.608234334753228	0.900951080712302	0.309287310990941	0.863607936140147	0.423062895646985	3.28192312214286	0.610033324934066	1.71844887294873
2.64999999999999	22	5	2.22018348623853	0.608234334753228	0.900951080712302	0.309287310990941	0.863607936140147	0.423062895646985	3.28192312214286	0.610033324934066	1.71844887294873
2.65999999999999	22	5	2.22018348623853	0.608234334753228	0.900951080712302	0.309287310990941	0.863607936140147	0.423062895646985	3.28192312214286	0.610033324934066	1.71844887294873
2.66999999999999	22	5	2.22018348623853	0.608234334753228	0.900951080712302	0.309287310990941	0.863607936140147	0.423062895646985	3.28192312214286	0.610033324934066	1.71844887294873
2.67999999999999	22	5	2.22018348623853	0.608234334753228	0.900951080712302	0.309287310990941	0.863607936140147	0.423062895646985	3.28192312214286	0.610033324934066	1.71844887294873
2.68999999999999	22	5	2.22018348623853	0.608234334753228	0.900951080712302	0.309287310990941	0.863607936140147	0.423062895646985	3.28192312214286	0.610033324934066	1.71844887294873
2.69999999999999	22	5	2.22018348623853	0.608234334753228	0.900951080712302	0.309287310990941	0.863607936140147	0.423062895646985	3.28192312214286	0.610033324934066	1.71844887294873
2.70999999999999	22	5	2.22018348623853	0.608234334753228	0.900951080712302	0.309287310990941	0.863607936140147	0.423062895646985	3.28192312214286	0.610033324934066	1.71844887294873
2.71999999999999	22	5	2.22018348623853	0.608234334753228	0.900951080712302	0.309287310990941	0.863607936140147	0.423062895646985	3.28192312214286	0.610033324934066	1.71844887294873
2.72999999999999	22	5	2.22018348623853	0.608234334753228	0.900951080712302	0.309287310990941	0.863607936140147	0.423062895646985	3.28192312214286	0.610033324934066	1.71844887294873
2.73999999999999	22	5	2.22018348623853	0.608234334753228	0.900951080712302	0.309287310990941	0.863607936140147	0.423062895646985	3.28192312214286	0.610033324934066	1.71844887294873
2.74999999999999	22	5	2.22018348623853	0.608234334753228	0.900951080712302	0.309287310990941	0.863607936140147	0.423062895646985	3.28192312214286	0.610033324934066	1.71844887294873
2.75999999999999	22	5	2.01666666666667	0.688468034442766	0.994893593351026	0.267454635187918	0.824335491033412	0.450480491648712	3.2243801384	0.594347606019048	2.00408372857303
2.76999999999998	22	5	2.01666666666667	0.688468034442766	0.994893593351026	0.267454635187918	0.824335491033412	0.450480491648712	3.2243801384	0.594347606019048	2.00408372857303
2.77999999999998	22	4	1.92063492063492	0.676558139087971	0.991160680091485	0.293747403115485	0.855713784229394	0.276824935221303	3.27566891586667	0.820833089857143	1.06898173282788
2.78999999999998	22	4	1.92063492063492	0.676558139087971	0.991160680091485	0.293747403115485	0.855713784229394	0.276824935221303	3.27566891586667	0.820833089857143	1.06898173282788
2.79999999999998	22	4	1.92063492063492	0.676558139087971	0.991160680091485	0.293747403115485	0.855713784229394	0.276824935221303	3.27566891586667	0.820833089857143	1.06898173282788
2.80999999999998	22	4	1.92063492063492	0.676558139087971	0.991160680091485	0.293747403115485	0.855713784229394	0.276824935221303	3.27566891586667	0.820833089857143	1.06898173282788
2.81999999999998	22	3	1.20398009950249	0.357864250320868	0.690234076874377	0.233488899915357	0.846150795517316	0.333333333333333	3.513798944	0.54454356922807	1.90004416200042
2.82999999999998	22	3	1.20398009950249	0.357864250320868	0.690234076874377	0.233488899915357	0.846150795517316	0.333333333333333	3.513798944	0.54454356922807	1.90004416200042
2.83999999999998	22	2	1.09502262443439	0.517675557655783	1	0.408329566428832	1	0.0474805828914427	3.42285285428571	0.886831533904762	1.92982134905303
2.84999999999998	22	2	1.09502262443439	0.517675557655783	1	0.408329566428832	1	0.0474805828914427	3.42285285428571	0.886831533904762	1.92982134905303
2.85999999999998	22	2	1.09502262443439	0.517675557655783	1	0.408329566428832	1	0.0474805828914426	3.42285285428571	0.886831533904762	1.92982134905303
2.86999999999998	22	2	1.09502262443439	0.517675557655783	1	0.408329566428832	1	0.0474805828914426	3.42285285428571	0.886831533904762	1.92982134905303
2.87999999999998	22	2	1.09502262443439	0.517675557655783	1	0.408329566428832	1	0.0474805828914426	3.42285285428571	0.886831533904762	1.92982134905303
2.88999999999998	22	2	1.09502262443439	0.517675557655783	1	0.408329566428832	1	0.0474805828914426	3.42285285428571	0.886831533904761	1.92982134905303
2.89999999999998	22	1	1	1	0	1	0	-1	0	1.92358941203463	0.519861459905975
