#dist_cut	num_seqs	num_clusters	num_clusters(recip_simpson_index)	avg_intra_clust_phylo_dist_phylum(norm_shannon_index)	avg_inter_clust_phylo_dist_phylum(norm_shannon_index)	avg_intra_clust_phylo_dist_order(norm_shannon_index)	avg_inter_clust_phylo_dist_order(norm_shannon_index)	avg_silhouette_width	avg_inter_clust_dist	avg_intra_clust_dist	dunn_index
0	37	37	37	0	0.368129055103258	0	0.267887546902139	1	1.6053489715015	0	0.09806177
0.01	37	37	37	0	0.368129055103258	0	0.267887546902139	1	1.6053489715015	0	0.09806177
0.02	37	37	37	0	0.368129055103258	0	0.267887546902139	1	1.6053489715015	0	0.09806177
0.03	37	37	37	0	0.368129055103258	0	0.267887546902139	1	1.6053489715015	0	0.09806177
0.04	37	37	37	0	0.368129055103258	0	0.267887546902139	1	1.6053489715015	0	0.09806177
0.05	37	37	37	0	0.368129055103258	0	0.267887546902139	1	1.6053489715015	0	0.09806177
0.06	37	37	37	0	0.368129055103258	0	0.267887546902139	1	1.6053489715015	0	0.09806177
0.07	37	37	37	0	0.368129055103258	0	0.267887546902139	1	1.6053489715015	0	0.09806177
0.08	37	37	37	0	0.368129055103258	0	0.267887546902139	1	1.6053489715015	0	0.09806177
0.09	37	37	37	0	0.368129055103258	0	0.267887546902139	1	1.6053489715015	0	0.09806177
0.1	37	35	33.390243902439	0	0.384878777168236	0	0.275495413509678	0.937196560064189	1.6512471767563	0.00560525628571429	1.26206750358227
0.11	37	35	33.390243902439	0	0.384878777168236	0	0.275495413509678	0.937196560064189	1.6512471767563	0.00560525628571429	1.26206750358227
0.12	37	35	33.390243902439	0	0.384878777168236	0	0.275495413509678	0.93717827676086	1.6512471767563	0.00560525628571429	1.26206750358227
0.13	37	34	31.8372093023256	0	0.393792037920259	0	0.279274694187122	0.927304466225703	1.66637297300356	0.00941237676470588	1.31319064666056
0.14	37	34	31.8372093023256	0	0.393792037920259	0	0.279274694187122	0.925995754053697	1.66637297300357	0.00941237676470588	1.31319064666056
0.15	37	34	31.8372093023256	0	0.393792037920259	0	0.279274694187122	0.927304466225703	1.66637297300357	0.00941237676470588	1.31319064666056
0.16	37	34	31.8372093023256	0	0.393792037920259	0	0.279274694187122	0.928087929797802	1.66637297300357	0.00941237676470588	1.31319064666056
0.17	37	32	27.9387755102041	0	0.412413388950379	0	0.277737588498094	0.927558026701347	1.66713123893817	0.0170486995833333	1.05351461167037
0.18	37	31	26.843137254902	0	0.422519358661405	0	0.281675280241628	0.918952958633428	1.69179779767742	0.0231252382795699	1.76705563727207
0.19	37	31	26.843137254902	0	0.422519358661405	0	0.281675280241628	0.921118317352251	1.69179779767742	0.0231252382795699	1.76705563727207
0.2	37	31	26.843137254902	0	0.422519358661405	0	0.281675280241628	0.916666558415939	1.69179779767742	0.0231252382795699	1.76705563727207
0.21	37	31	26.843137254902	0	0.422519358661405	0	0.281675280241628	0.918952958633428	1.69179779767742	0.0231252382795699	1.76705563727207
0.22	37	31	26.843137254902	0	0.422519358661405	0	0.281675280241628	0.918952958633428	1.69179779767742	0.0231252382795699	1.76705563727207
0.23	37	31	26.843137254902	0	0.422519358661405	0	0.281675280241628	0.920975212421018	1.69179779767742	0.0231252382795699	1.76705563727207
0.24	37	31	26.843137254902	0	0.422519358661405	0	0.281675280241628	0.918952958633428	1.69179779767742	0.0231252382795699	1.76705563727207
0.25	37	31	26.843137254902	0	0.422519358661405	0	0.281675280241628	0.913671669027235	1.69179779767742	0.0231252382795699	1.76705563727207
0.26	37	31	26.843137254902	0	0.422519358661405	0	0.281675280241628	0.921118317352251	1.69179779767742	0.0231252382795699	1.76705563727207
0.27	37	31	26.843137254902	0	0.422519358661405	0	0.281675280241628	0.919229163697605	1.69179779767742	0.0231252382795699	1.76705563727207
0.28	37	31	26.843137254902	0	0.422519358661405	0	0.281675280241628	0.921118317352251	1.69179779767742	0.0231252382795699	1.76705563727207
0.29	37	30	24.8909090909091	0	0.432636203598876	0.0107928861790514	0.290654721506357	0.912040386709083	1.654397698	0.027310346	1.14219866356472
0.3	37	30	24.8909090909091	0	0.432636203598876	0.0107928861790514	0.290654721506357	0.912040386709083	1.654397698	0.027310346	1.14219866356472
0.31	37	28	23.2033898305085	0	0.455094365824977	0.0115638066204122	0.290663717294105	0.877951739194188	1.69182022232804	0.0509629971428571	1.15138834001007
0.32	37	28	23.2033898305085	0	0.455094365824977	0.0115638066204122	0.290663717294105	0.887086586324581	1.69182022232804	0.0509629971428571	1.15138834001007
0.33	37	28	23.2033898305085	0	0.455094365824977	0.0115638066204122	0.290663717294105	0.888472923589673	1.69182022232804	0.0509629971428571	1.15138834001007
0.34	37	28	23.2033898305085	0	0.455094365824977	0.0115638066204122	0.290663717294105	0.885908988050241	1.69182022232804	0.0509629971428571	1.15138834001007
0.35	37	28	23.2033898305085	0	0.455094365824977	0.0115638066204122	0.290663717294105	0.890838857306662	1.69182022232804	0.0509629971428572	1.15138834001007
0.36	37	27	22.4426229508197	0	0.46706590068378	0.0119920957545015	0.295484605010855	0.874024224785729	1.71147870538461	0.0658532933333333	1.11282563554796
0.37	37	26	19.8405797101449	0	0.47879454309995	0.0124533302065978	0.299213070831999	0.873998027556716	1.73717380892308	0.0712896112820513	1.14745105746635
0.38	37	26	19.8405797101449	0	0.47879454309995	0.0124533302065978	0.299213070831999	0.874415453236161	1.73717380892308	0.0712896112820513	1.14745105746635
0.39	37	26	19.8405797101449	0	0.47879454309995	0.0124533302065978	0.299213070831999	0.869126256385295	1.73717380892308	0.0712896112820513	1.14745105746635
0.4	37	26	19.8405797101449	0	0.47879454309995	0.0124533302065978	0.299213070831999	0.872248030556678	1.73717380892308	0.0712896112820513	1.14745105746635
0.41	37	25	19.2816901408451	0	0.412049893860351	0.0129514634148617	0.29675218298425	0.862708468341321	1.75027781903333	0.0902548509333333	1.07885178032108
0.42	37	25	19.2816901408451	0	0.412049893860351	0.0129514634148617	0.29675218298425	0.859895295507881	1.75027781903333	0.0902548509333333	1.07885178032108
0.43	37	25	19.2816901408451	0	0.412049893860351	0.0129514634148617	0.29675218298425	0.859552215645594	1.75027781903333	0.0902548509333333	1.07885178032108
0.44	37	25	19.2816901408451	0	0.412049893860351	0.0129514634148617	0.29675218298425	0.859895295507881	1.75027781903333	0.0902548509333333	1.07885178032108
0.45	37	25	19.2816901408451	0	0.412049893860351	0.0129514634148617	0.29675218298425	0.847970642050672	1.75027781903333	0.0902548509333333	1.07885178032108
0.46	37	23	16.4939759036145	0	0.437223792227502	0.0140776776248496	0.304570821291748	0.847895549036882	1.80095683218709	0.0972019847826087	1.38101991852279
0.47	37	23	16.4939759036145	0	0.437223792227502	0.0140776776248496	0.304570821291748	0.853731900416158	1.80095683218709	0.0972019847826087	1.38101991852279
0.48	37	22	12.7943925233645	0	0.452369218199806	0.0147175720623428	0.309450085419545	0.849708541785821	1.83791144041126	0.100281751536797	1.31678761841185
0.49	37	22	12.7943925233645	0	0.452369218199806	0.0147175720623428	0.309450085419545	0.853960607774904	1.83791144041126	0.100281751536797	1.31678761841185
0.5	37	22	12.7943925233645	0	0.452369218199806	0.0147175720623428	0.309450085419545	0.853960607774904	1.83791144041126	0.100281751536797	1.31678761841185
0.51	37	22	12.7943925233645	0	0.452369218199806	0.0147175720623428	0.309450085419545	0.849708541785821	1.83791144041126	0.100281751536797	1.31678761841185
0.52	37	22	12.7943925233645	0	0.452369218199806	0.0147175720623428	0.309450085419545	0.853960607774904	1.83791144041126	0.100281751536797	1.31678761841185
0.53	37	22	12.7943925233645	0	0.452369218199806	0.0147175720623428	0.309450085419545	0.853960607774903	1.83791144041126	0.100281751536797	1.31678761841185
0.54	37	22	12.7943925233645	0	0.452369218199806	0.0147175720623428	0.309450085419545	0.853960607774904	1.83791144041126	0.100281751536797	1.31678761841185
0.55	37	22	12.7943925233645	0	0.452369218199806	0.0147175720623428	0.309450085419545	0.853960607774904	1.83791144041126	0.100281751536797	1.31678761841185
0.56	37	22	12.7943925233645	0	0.452369218199806	0.0147175720623428	0.309450085419545	0.854324991868239	1.83791144041126	0.100281751536797	1.31678761841185
0.57	37	21	12.5596330275229	0	0.468549010636846	0.0154184088272163	0.307158468456707	0.831648799612695	1.84547415190476	0.131955963038549	1.05388255620886
0.58	37	21	12.5596330275229	0	0.468549010636846	0.0154184088272163	0.307158468456707	0.828528621900047	1.84547415190476	0.131955963038549	1.05388255620886
0.59	37	21	12.5596330275229	0	0.468549010636846	0.0154184088272163	0.307158468456707	0.825463735974201	1.84547415190476	0.131955963038549	1.05388255620886
0.6	37	20	12.3333333333333	0	0.485754184543789	0.0161893292685771	0.312016566477461	0.797922517304737	1.89265387602632	0.168319445690476	1.20657612739708
0.61	37	19	11.7008547008547	0	0.502667516968938	0.0170413992300811	0.314958287857114	0.770917834666324	1.93007056239766	0.18573259406015	1.20657612739708
0.62	37	19	11.7008547008547	0	0.502667516968938	0.0170413992300811	0.314958287857114	0.770917834666325	1.93007056239766	0.18573259406015	1.20657612739708
0.63	37	19	11.7008547008547	0	0.502667516968938	0.0170413992300811	0.314958287857114	0.768736992011612	1.93007056239766	0.18573259406015	1.20657612739708
0.64	37	18	11.130081300813	0	0.520385593072268	0.0293829226345237	0.328323613838833	0.756481091152341	1.85134650784314	0.208641124656085	1.21284039344031
0.65	37	18	11.130081300813	0	0.520385593072268	0.0293829226345237	0.328323613838833	0.756481091152342	1.85134650784314	0.208641124656085	1.21284039344031
0.66	37	18	11.130081300813	0	0.520385593072268	0.0293829226345237	0.328323613838833	0.756481091152341	1.85134650784314	0.208641124656085	1.21284039344031
0.67	37	18	11.130081300813	0	0.520385593072268	0.0293829226345237	0.328323613838833	0.737625541697407	1.85134650784314	0.208641124656085	1.21284039344031
0.68	37	18	11.130081300813	0	0.520385593072268	0.0293829226345237	0.328323613838833	0.756481091152342	1.85134650784314	0.208641124656085	1.21284039344031
0.69	37	18	11.130081300813	0	0.520385593072268	0.0293829226345237	0.328323613838833	0.748100069500719	1.85134650784314	0.208641124656085	1.21284039344031
0.7	37	18	11.130081300813	0	0.520385593072268	0.0293829226345237	0.328323613838833	0.737625541697407	1.85134650784314	0.208641124656085	1.21284039344031
0.71	37	18	11.130081300813	0	0.520385593072268	0.0293829226345237	0.328323613838833	0.74819960224685	1.85134650784314	0.208641124656085	1.21284039344031
0.72	37	18	11.130081300813	0	0.520385593072268	0.0293829226345237	0.328323613838833	0.74819960224685	1.85134650784314	0.208641124656085	1.21284039344031
0.73	37	17	10.7795275590551	0	0.430555142848265	0.0311113298483192	0.326483533069692	0.727619647851103	1.88484161593137	0.233430959831933	1.23334113170045
0.74	37	17	10.1407407407407	0	0.431400673579891	0.0311113298483192	0.327550371539638	0.747843387908203	1.88331196395833	0.241820583697479	1.22572820772407
0.75	37	17	10.1407407407407	0	0.431400673579891	0.0311113298483192	0.327550371539638	0.747843387908203	1.88331196395833	0.241820583697479	1.22572820772407
0.76	37	17	10.1407407407407	0	0.431400673579891	0.0311113298483192	0.327550371539638	0.733103035300088	1.88331196395833	0.241820583697479	1.22572820772407
0.77	37	16	9.31292517006803	0	0.449358811192954	0.0330557879638391	0.330171365740506	0.733680440395206	1.9428608676625	0.233246014261905	1.29178540173635
0.78	37	16	9.31292517006803	0	0.449358811192954	0.0330557879638391	0.330171365740506	0.73548222833444	1.9428608676625	0.233246014261905	1.29178540173635
0.79	37	16	9.31292517006803	0	0.449358811192954	0.0330557879638391	0.330171365740506	0.73548222833444	1.9428608676625	0.233246014261905	1.29178540173635
0.8	37	16	9.31292517006803	0	0.449358811192954	0.0330557879638391	0.330171365740506	0.733680440395206	1.9428608676625	0.233246014261905	1.29178540173635
0.81	37	16	9.31292517006803	0	0.449358811192954	0.0330557879638391	0.330171365740506	0.73548222833444	1.9428608676625	0.233246014261905	1.29178540173635
0.820000000000001	37	16	9.31292517006803	0	0.449358811192954	0.0330557879638391	0.330171365740506	0.73548222833444	1.9428608676625	0.233246014261905	1.29178540173635
0.830000000000001	37	15	6.03083700440529	0	0.475571331256954	0.0352595071614284	0.339281911314506	0.774865363023426	2.00486714299878	0.216431801948718	1.37206950653501
0.840000000000001	37	15	5.54251012145749	0	0.47747646237209	0.0352595071614284	0.341538288702095	0.774740143384012	2.00113310217234	0.220487986825397	1.17099699236227
0.850000000000001	37	15	5.54251012145749	0	0.47747646237209	0.0352595071614284	0.341538288702095	0.774740143384012	2.00113310217234	0.220487986825397	1.17099699236227
0.860000000000001	37	15	5.54251012145749	0	0.47747646237209	0.0352595071614284	0.341538288702095	0.776139008163486	2.00113310217234	0.220487986825397	1.17099699236227
0.870000000000001	37	15	5.54251012145749	0	0.47747646237209	0.0352595071614284	0.341538288702095	0.776139008163486	2.00113310217234	0.220487986825397	1.17099699236227
0.880000000000001	37	15	5.54251012145749	0	0.47747646237209	0.0352595071614284	0.341538288702095	0.776139008163486	2.00113310217234	0.220487986825397	1.17099699236227
0.890000000000001	37	15	5.54251012145749	0	0.47747646237209	0.0352595071614284	0.341538288702095	0.776139008163487	2.00113310217234	0.220487986825397	1.17099699236227
0.900000000000001	37	15	5.54251012145749	0	0.47747646237209	0.0352595071614284	0.341538288702095	0.774740143384012	2.00113310217234	0.220487986825397	1.17099699236227
0.910000000000001	37	15	5.54251012145749	0	0.47747646237209	0.0352595071614284	0.341538288702095	0.774740143384012	2.00113310217234	0.220487986825397	1.17099699236227
0.920000000000001	37	15	5.54251012145749	0	0.47747646237209	0.0352595071614284	0.341538288702095	0.776139008163486	2.00113310217234	0.220487986825397	1.17099699236227
0.930000000000001	37	15	5.54251012145749	0	0.47747646237209	0.0352595071614284	0.341538288702095	0.774740143384012	2.00113310217234	0.220487986825397	1.17099699236227
0.940000000000001	37	15	5.54251012145749	0	0.47747646237209	0.0352595071614284	0.341538288702095	0.774740143384012	2.00113310217234	0.220487986825397	1.17099699236227
0.950000000000001	37	15	5.54251012145749	0	0.47747646237209	0.0352595071614284	0.341538288702095	0.774740143384012	2.00113310217234	0.220487986825397	1.17099699236227
0.960000000000001	37	15	5.54251012145749	0	0.47747646237209	0.0352595071614284	0.341538288702095	0.776139008163487	2.00113310217234	0.220487986825397	1.17099699236227
0.970000000000001	37	14	4.13595166163142	0	0.505384946967606	0.0377780433872447	0.347923516005589	0.785492220928351	2.05096657092653	0.197944564418767	1.43309610020338
0.980000000000001	37	13	3.75068493150685	0	0.534923350704149	0.0406840467247251	0.348280097277489	0.769077853301976	2.08582443558404	0.21611875248366	1.53329840082378
0.990000000000001	37	13	3.75068493150685	0	0.534923350704149	0.0406840467247251	0.348280097277489	0.771295438457956	2.08582443558405	0.21611875248366	1.53329840082378
1	37	13	3.75068493150685	0	0.534923350704149	0.0406840467247251	0.348280097277489	0.771295438457956	2.08582443558405	0.21611875248366	1.53329840082378
1.01	37	13	3.75068493150685	0	0.534923350704149	0.0406840467247251	0.348280097277489	0.769077853301975	2.08582443558405	0.21611875248366	1.53329840082378
1.02	37	13	3.75068493150685	0	0.534923350704149	0.0406840467247251	0.348280097277489	0.769077853301976	2.08582443558404	0.21611875248366	1.53329840082377
1.03	37	13	3.75068493150685	0	0.534923350704149	0.0406840467247251	0.348280097277489	0.771295438457955	2.08582443558405	0.21611875248366	1.53329840082378
1.04	37	13	3.75068493150685	0	0.534923350704149	0.0406840467247251	0.348280097277489	0.771295438457956	2.08582443558405	0.21611875248366	1.53329840082378
1.05	37	13	3.75068493150685	0	0.534923350704149	0.0406840467247251	0.348280097277489	0.771295438457956	2.08582443558405	0.21611875248366	1.53329840082378
1.06	37	13	3.75068493150685	0	0.534923350704149	0.0406840467247251	0.348280097277489	0.771295438457956	2.08582443558405	0.21611875248366	1.53329840082378
1.07	37	12	3.13272311212815	0	0.566876279296182	0.0578548451941519	0.373161286955448	0.777653644634193	2.10414156508081	0.194005584839181	1.3940034478207
1.08	37	12	3.13272311212815	0	0.566876279296182	0.0578548451941519	0.373161286955448	0.777653644634194	2.10414156508081	0.194005584839181	1.3940034478207
1.09	37	12	3.13272311212815	0	0.566876279296182	0.0578548451941519	0.373161286955448	0.777653644634193	2.10414156508081	0.194005584839181	1.3940034478207
1.1	37	12	3.13272311212815	0	0.566876279296182	0.0578548451941519	0.373161286955448	0.777653644634194	2.10414156508081	0.194005584839181	1.3940034478207
1.11	37	12	3.13272311212815	0	0.566876279296182	0.0578548451941519	0.373161286955448	0.777653644634194	2.10414156508081	0.194005584839181	1.3940034478207
1.12	37	12	4.45928338762215	0	0.552707196693428	0.0860810938450111	0.40102273579409	0.721460692785877	2.10334036255195	0.256038569119048	1.02028719264311
1.13	37	12	4.45928338762215	0	0.552707196693428	0.0860810938450111	0.40102273579409	0.721460692785878	2.10334036255195	0.256038569119048	1.02028719264311
1.14	37	11	4.26479750778816	0	0.583666848605674	0.107871796598308	0.425971486486014	0.681078340592479	2.16604962230606	0.285947346474026	0.986008758465454
1.15	37	10	3.9002849002849	0	0.618320255324393	0.129303229902292	0.450307637015943	0.65124620669505	2.16429639701042	0.320494279480952	1.00989368801282
1.16	37	10	3.9002849002849	0	0.618320255324393	0.129303229902292	0.450307637015943	0.65124620669505	2.16429639701042	0.320494279480952	1.00989368801282
1.17	37	10	3.9002849002849	0	0.618320255324393	0.129303229902292	0.450307637015943	0.65124620669505	2.16429639701042	0.320494279480952	1.00989368801282
1.18	37	10	3.9002849002849	0	0.618320255324393	0.129303229902292	0.450307637015943	0.65124620669505	2.16429639701042	0.320494279480952	1.00989368801282
1.19	37	10	3.9002849002849	0	0.618320255324393	0.129303229902292	0.450307637015943	0.65124620669505	2.16429639701042	0.320494279480952	1.00989368801282
1.2	37	9	3.73024523160763	0	0.651896492344342	0.157732835474023	0.481160286930301	0.609947325097455	2.21168737109182	0.365567847919753	0.98475933492463
1.21	37	8	3.55584415584416	0	0.683199512704017	0.1908137328297	0.525863706991318	0.555020776111978	2.23377854507292	0.423372512520833	0.963618204484185
1.22	37	8	3.55584415584416	0	0.683199512704017	0.1908137328297	0.525863706991318	0.555020776111978	2.23377854507292	0.423372512520833	0.963618204484185
1.23	37	8	3.55584415584416	0	0.683199512704017	0.1908137328297	0.525863706991318	0.555020776111978	2.23377854507292	0.423372512520833	0.963618204484186
1.24	37	8	3.55584415584416	0	0.683199512704017	0.1908137328297	0.525863706991318	0.555020776111978	2.23377854507292	0.423372512520833	0.963618204484185
1.25	37	8	3.4139650872818	0.082128973021153	0.796676751639533	0.202327175200324	0.547135943710743	0.54735340693947	2.22642799639205	0.441530088558712	0.951653450513412
1.26	37	8	3.48346055979644	0.0773301158953224	0.790445738260819	0.204975355025262	0.55169462291671	0.545124133872803	2.22820914285317	0.441462908390152	0.91049281477518
1.27	37	8	3.48346055979644	0.0773301158953224	0.790445738260819	0.204975355025262	0.55169462291671	0.54399310606409	2.22820914285317	0.441462908390152	0.91049281477518
1.28	37	8	3.48346055979644	0.0773301158953224	0.790445738260819	0.204975355025262	0.55169462291671	0.54399310606409	2.22820914285317	0.441462908390152	0.91049281477518
1.29	37	7	3.07640449438202	0.204312820405759	0.884180843282031	0.251505604808307	0.607493434220742	0.532531985079612	2.37342070546245	0.410362299822344	0.918769524159624
1.3	37	6	2.90658174097665	0.231460864644199	0.935055047863069	0.296351232444523	0.650684929741242	0.447458946481653	2.36244071868452	0.488881250769536	0.912276530497555
1.31	37	5	2.12908242612753	0.194351908729644	0.734410608417722	0.358734051731684	0.708656865858738	0.377595119288679	2.38821300066667	0.607086436203934	1.09926876960187
1.32	37	5	2.12908242612753	0.194351908729644	0.734410608417722	0.358734051731684	0.708656865858738	0.377595119288679	2.38821300066667	0.607086436203934	1.09926876960187
1.33	37	5	2.12908242612753	0.194351908729644	0.734410608417722	0.358734051731684	0.708656865858738	0.377595119288679	2.38821300066667	0.607086436203934	1.09926876960187
1.34	37	5	2.12908242612753	0.194351908729644	0.734410608417722	0.358734051731684	0.708656865858738	0.377595119288679	2.38821300066667	0.607086436203934	1.09926876960187
1.35	37	4	1.39836567926456	0.20734322266431	0.876114499599324	0.324917917002213	0.711115791131828	0.45511793100269	2.56383908395161	0.449553399134409	1.54218801367338
1.36	37	4	1.39836567926456	0.20734322266431	0.876114499599324	0.324917917002213	0.711115791131828	0.45511793100269	2.56383908395161	0.449553399134408	1.54218801367338
1.37	37	4	1.39836567926456	0.20734322266431	0.876114499599324	0.324917917002213	0.711115791131828	0.45511793100269	2.56383908395161	0.449553399134408	1.54218801367338
1.38	37	4	1.39836567926456	0.20734322266431	0.876114499599324	0.324917917002213	0.711115791131828	0.45511793100269	2.56383908395161	0.449553399134409	1.54218801367338
1.39	37	4	1.39836567926456	0.20734322266431	0.876114499599324	0.324917917002213	0.711115791131828	0.45511793100269	2.56383908395161	0.449553399134409	1.54218801367338
1.4	37	4	1.39836567926456	0.20734322266431	0.876114499599324	0.324917917002213	0.711115791131828	0.45511793100269	2.56383908395161	0.449553399134409	1.54218801367338
1.41	37	4	1.39836567926456	0.20734322266431	0.876114499599324	0.324917917002213	0.711115791131828	0.45511793100269	2.56383908395161	0.449553399134408	1.54218801367338
1.42	37	4	1.39836567926456	0.20734322266431	0.876114499599324	0.324917917002213	0.711115791131828	0.45511793100269	2.56383908395161	0.449553399134409	1.54218801367338
1.43	37	4	1.39836567926456	0.20734322266431	0.876114499599324	0.324917917002213	0.711115791131828	0.45511793100269	2.56383908395161	0.449553399134409	1.54218801367338
1.44	37	4	1.39836567926456	0.20734322266431	0.876114499599324	0.324917917002213	0.711115791131828	0.45511793100269	2.56383908395161	0.449553399134408	1.54218801367338
1.45	37	4	1.39836567926456	0.20734322266431	0.876114499599324	0.324917917002213	0.711115791131828	0.45511793100269	2.56383908395161	0.449553399134408	1.54218801367338
1.46	37	4	1.39836567926456	0.20734322266431	0.876114499599324	0.324917917002213	0.711115791131828	0.45511793100269	2.56383908395161	0.449553399134408	1.54218801367338
1.47	37	3	1.31508165225744	0.270869597558174	0.97082331253194	0.448774421724654	0.834072110793682	0.266114302772181	2.246557778125	0.618609202923387	1.4770550261012
1.48	37	3	1.31508165225744	0.270869597558174	0.97082331253194	0.448774421724654	0.834072110793682	0.266114302772181	2.246557778125	0.618609202923387	1.4770550261012
1.49	37	3	1.31508165225744	0.270869597558174	0.97082331253194	0.448774421724654	0.834072110793682	0.266114302772181	2.246557778125	0.618609202923387	1.4770550261012
1.5	37	3	1.31508165225744	0.270869597558174	0.97082331253194	0.448774421724654	0.834072110793682	0.266114302772181	2.246557778125	0.618609202923387	1.4770550261012
1.51	37	3	1.31508165225744	0.270869597558174	0.97082331253194	0.448774421724654	0.834072110793682	0.266114302772181	2.246557778125	0.618609202923387	1.4770550261012
1.52	37	3	1.31508165225744	0.270869597558174	0.97082331253194	0.448774421724654	0.834072110793682	0.266114302772181	2.246557778125	0.618609202923387	1.4770550261012
1.53	37	3	1.31508165225744	0.270869597558174	0.97082331253194	0.448774421724654	0.834072110793682	0.266114302772181	2.246557778125	0.618609202923387	1.4770550261012
1.54	37	3	1.31508165225744	0.270869597558174	0.97082331253194	0.448774421724654	0.834072110793682	0.266114302772181	2.246557778125	0.618609202923387	1.4770550261012
1.55	37	3	1.31508165225744	0.270869597558174	0.97082331253194	0.448774421724654	0.834072110793682	0.266114302772181	2.246557778125	0.618609202923387	1.4770550261012
1.56	37	3	1.31508165225744	0.270869597558174	0.97082331253194	0.448774421724654	0.834072110793682	0.266114302772181	2.246557778125	0.618609202923387	1.4770550261012
1.57	37	3	1.31508165225744	0.270869597558174	0.97082331253194	0.448774421724654	0.834072110793682	0.266114302772181	2.246557778125	0.618609202923387	1.4770550261012
1.58	37	3	1.31508165225744	0.270869597558174	0.97082331253194	0.448774421724654	0.834072110793682	0.266114302772181	2.246557778125	0.618609202923388	1.4770550261012
1.59	37	3	1.31508165225744	0.270869597558174	0.97082331253194	0.448774421724654	0.834072110793682	0.266114302772181	2.246557778125	0.618609202923387	1.4770550261012
1.6	37	3	1.31508165225744	0.270869597558174	0.97082331253194	0.448774421724654	0.834072110793682	0.266114302772181	2.246557778125	0.618609202923387	1.4770550261012
1.61	37	3	1.31508165225744	0.270869597558174	0.97082331253194	0.448774421724654	0.834072110793682	0.266114302772181	2.246557778125	0.618609202923387	1.4770550261012
1.62	37	3	1.31508165225744	0.270869597558174	0.97082331253194	0.448774421724654	0.834072110793682	0.266114302772181	2.246557778125	0.618609202923387	1.4770550261012
1.63	37	3	1.31508165225744	0.270869597558174	0.97082331253194	0.448774421724654	0.834072110793682	0.266114302772181	2.246557778125	0.618609202923387	1.4770550261012
1.64	37	3	1.31508165225744	0.270869597558174	0.97082331253194	0.448774421724654	0.834072110793682	0.266114302772181	2.246557778125	0.618609202923387	1.4770550261012
1.65	37	3	1.31508165225744	0.270869597558174	0.97082331253194	0.448774421724654	0.834072110793682	0.266114302772181	2.246557778125	0.618609202923387	1.4770550261012
1.66	37	3	1.31508165225744	0.270869597558174	0.97082331253194	0.448774421724654	0.834072110793682	0.266114302772181	2.246557778125	0.618609202923386	1.4770550261012
1.67	37	3	1.31508165225744	0.270869597558174	0.97082331253194	0.448774421724654	0.834072110793682	0.266114302772181	2.246557778125	0.618609202923387	1.4770550261012
1.68	37	3	1.31508165225744	0.270869597558174	0.97082331253194	0.448774421724654	0.834072110793682	0.266114302772181	2.246557778125	0.618609202923387	1.4770550261012
1.69	37	3	1.31508165225744	0.270869597558174	0.97082331253194	0.448774421724654	0.834072110793682	0.266114302772181	2.246557778125	0.618609202923387	1.4770550261012
1.7	37	3	1.31508165225744	0.270869597558174	0.97082331253194	0.448774421724654	0.834072110793682	0.266114302772181	2.246557778125	0.618609202923387	1.4770550261012
1.71	37	3	1.31508165225744	0.270869597558174	0.97082331253194	0.448774421724654	0.834072110793682	0.266114302772181	2.246557778125	0.618609202923387	1.4770550261012
1.72	37	3	1.31508165225744	0.270869597558174	0.97082331253194	0.448774421724654	0.834072110793682	0.266114302772181	2.246557778125	0.618609202923387	1.4770550261012
1.73	37	3	1.31508165225744	0.270869597558174	0.97082331253194	0.448774421724654	0.834072110793682	0.266114302772181	2.246557778125	0.618609202923387	1.4770550261012
1.74	37	3	1.31508165225744	0.270869597558174	0.97082331253194	0.448774421724654	0.834072110793682	0.266114302772181	2.246557778125	0.618609202923386	1.4770550261012
1.75	37	3	1.31508165225744	0.270869597558174	0.97082331253194	0.448774421724654	0.834072110793682	0.266114302772181	2.246557778125	0.618609202923387	1.4770550261012
1.76	37	3	1.31508165225744	0.270869597558174	0.97082331253194	0.448774421724654	0.834072110793682	0.266114302772181	2.246557778125	0.618609202923387	1.4770550261012
1.77	37	3	1.31508165225744	0.270869597558174	0.97082331253194	0.448774421724654	0.834072110793682	0.266114302772181	2.246557778125	0.618609202923387	1.4770550261012
1.78	37	3	1.31508165225744	0.270869597558174	0.97082331253194	0.448774421724654	0.834072110793682	0.266114302772181	2.246557778125	0.618609202923387	1.4770550261012
1.79	37	3	1.31508165225744	0.270869597558174	0.97082331253194	0.448774421724654	0.834072110793682	0.266114302772181	2.246557778125	0.618609202923388	1.4770550261012
1.8	37	3	1.31508165225744	0.270869597558174	0.97082331253194	0.448774421724654	0.834072110793682	0.266114302772181	2.246557778125	0.618609202923387	1.4770550261012
1.81	37	3	1.31508165225744	0.270869597558174	0.97082331253194	0.448774421724654	0.834072110793682	0.266114302772181	2.246557778125	0.618609202923387	1.4770550261012
1.82	37	2	1.30505243088656	0.945932332751805	1	0.747546516003425	1	-0.231011862971715	2.3845665081875	1.23256681138508	1.74801435677364
1.83	37	2	1.30505243088656	0.945932332751805	1	0.747546516003425	1	-0.231011862971715	2.3845665081875	1.23256681138508	1.74801435677364
1.84	37	2	1.30505243088656	0.945932332751805	1	0.747546516003425	1	-0.231011862971715	2.3845665081875	1.23256681138508	1.74801435677364
1.85	37	2	1.30505243088656	0.945932332751805	1	0.747546516003425	1	-0.231011862971715	2.3845665081875	1.23256681138508	1.74801435677364
1.86	37	2	1.30505243088656	0.945932332751805	1	0.747546516003425	1	-0.231011862971715	2.3845665081875	1.23256681138508	1.74801435677364
1.87	37	2	1.30505243088656	0.945932332751805	1	0.747546516003425	1	-0.231011862971715	2.3845665081875	1.23256681138508	1.74801435677364
1.88	37	2	1.30505243088656	0.945932332751805	1	0.747546516003425	1	-0.231011862971715	2.3845665081875	1.23256681138508	1.74801435677364
1.89	37	2	1.30505243088656	0.945932332751805	1	0.747546516003425	1	-0.231011862971715	2.3845665081875	1.23256681138508	1.74801435677364
1.9	37	2	1.30505243088656	0.945932332751805	1	0.747546516003425	1	-0.231011862971715	2.3845665081875	1.23256681138508	1.74801435677364
1.91	37	2	1.30505243088656	0.945932332751805	1	0.747546516003425	1	-0.231011862971715	2.3845665081875	1.23256681138508	1.74801435677364
1.92	37	2	1.30505243088656	0.945932332751805	1	0.747546516003425	1	-0.231011862971715	2.3845665081875	1.23256681138508	1.74801435677364
1.93	37	2	1.30505243088656	0.945932332751805	1	0.747546516003425	1	-0.231011862971715	2.3845665081875	1.23256681138508	1.74801435677364
1.94	37	2	1.30505243088656	0.945932332751805	1	0.747546516003425	1	-0.231011862971715	2.3845665081875	1.23256681138508	1.74801435677364
1.95	37	2	1.30505243088656	0.945932332751805	1	0.747546516003425	1	-0.231011862971715	2.3845665081875	1.23256681138508	1.74801435677364
1.96	37	2	1.30505243088656	0.945932332751805	1	0.747546516003425	1	-0.231011862971715	2.3845665081875	1.23256681138508	1.74801435677364
1.97	37	2	1.30505243088656	0.945932332751805	1	0.747546516003425	1	-0.231011862971715	2.3845665081875	1.23256681138508	1.74801435677364
1.98	37	2	1.30505243088656	0.945932332751805	1	0.747546516003425	1	-0.231011862971715	2.3845665081875	1.23256681138508	1.74801435677364
1.99	37	2	1.30505243088656	0.945932332751805	1	0.747546516003425	1	-0.231011862971715	2.3845665081875	1.23256681138508	1.74801435677364
2	37	2	1.30505243088656	0.945932332751805	1	0.747546516003425	1	-0.231011862971715	2.3845665081875	1.23256681138508	1.74801435677364
2.01	37	2	1.30505243088656	0.945932332751805	1	0.747546516003425	1	-0.231011862971715	2.3845665081875	1.23256681138508	1.74801435677364
2.02	37	2	1.30505243088656	0.945932332751805	1	0.747546516003425	1	-0.231011862971715	2.3845665081875	1.23256681138508	1.74801435677364
2.03	37	2	1.30505243088656	0.945932332751805	1	0.747546516003425	1	-0.231011862971715	2.3845665081875	1.23256681138508	1.74801435677364
2.04	37	2	1.30505243088656	0.945932332751805	1	0.747546516003425	1	-0.231011862971715	2.3845665081875	1.23256681138508	1.74801435677364
2.05	37	2	1.30505243088656	0.945932332751805	1	0.747546516003425	1	-0.231011862971715	2.3845665081875	1.23256681138508	1.74801435677364
2.06	37	2	1.30505243088656	0.945932332751805	1	0.747546516003425	1	-0.231011862971715	2.3845665081875	1.23256681138508	1.74801435677364
2.07	37	2	1.30505243088656	0.945932332751805	1	0.747546516003425	1	-0.231011862971715	2.3845665081875	1.23256681138508	1.74801435677364
2.08	37	2	1.30505243088656	0.945932332751805	1	0.747546516003425	1	-0.231011862971715	2.3845665081875	1.23256681138508	1.74801435677364
2.09	37	2	1.30505243088656	0.945932332751805	1	0.747546516003425	1	-0.231011862971715	2.3845665081875	1.23256681138508	1.74801435677364
2.1	37	2	1.30505243088656	0.945932332751805	1	0.747546516003425	1	-0.231011862971715	2.3845665081875	1.23256681138508	1.74801435677364
2.11	37	2	1.30505243088656	0.945932332751805	1	0.747546516003425	1	-0.231011862971715	2.3845665081875	1.23256681138508	1.74801435677364
2.12	37	2	1.30505243088656	0.945932332751805	1	0.747546516003425	1	-0.231011862971715	2.3845665081875	1.23256681138508	1.74801435677364
2.13	37	2	1.30505243088656	0.945932332751805	1	0.747546516003425	1	-0.231011862971715	2.3845665081875	1.23256681138508	1.74801435677364
2.14	37	2	1.30505243088656	0.945932332751805	1	0.747546516003425	1	-0.231011862971715	2.3845665081875	1.23256681138508	1.74801435677364
2.15	37	2	1.30505243088656	0.945932332751805	1	0.747546516003425	1	-0.231011862971715	2.3845665081875	1.23256681138508	1.74801435677364
2.16	37	2	1.30505243088656	0.945932332751805	1	0.747546516003425	1	-0.231011862971715	2.3845665081875	1.23256681138508	1.74801435677364
2.17	37	2	1.30505243088656	0.945932332751805	1	0.747546516003425	1	-0.231011862971715	2.3845665081875	1.23256681138508	1.74801435677364
2.18	37	2	1.30505243088656	0.945932332751805	1	0.747546516003425	1	-0.231011862971715	2.3845665081875	1.23256681138508	1.74801435677364
2.19	37	2	1.30505243088656	0.945932332751805	1	0.747546516003425	1	-0.231011862971715	2.3845665081875	1.23256681138508	1.74801435677364
2.2	37	2	1.30505243088656	0.945932332751805	1	0.747546516003425	1	-0.231011862971715	2.3845665081875	1.23256681138508	1.74801435677364
2.21	37	2	1.30505243088656	0.945932332751805	1	0.747546516003425	1	-0.231011862971715	2.3845665081875	1.23256681138508	1.74801435677364
2.22	37	2	1.30505243088656	0.945932332751805	1	0.747546516003425	1	-0.231011862971715	2.3845665081875	1.23256681138508	1.74801435677364
2.23	37	2	1.30505243088656	0.945932332751805	1	0.747546516003425	1	-0.231011862971715	2.3845665081875	1.23256681138508	1.74801435677364
2.24	37	2	1.30505243088656	0.945932332751805	1	0.747546516003425	1	-0.231011862971715	2.3845665081875	1.23256681138508	1.74801435677364
2.25	37	2	1.30505243088656	0.945932332751805	1	0.747546516003425	1	-0.231011862971715	2.3845665081875	1.23256681138508	1.74801435677364
2.26	37	2	1.30505243088656	0.945932332751805	1	0.747546516003425	1	-0.231011862971715	2.3845665081875	1.23256681138508	1.74801435677364
2.27	37	2	1.30505243088656	0.945932332751805	1	0.747546516003425	1	-0.231011862971715	2.3845665081875	1.23256681138508	1.74801435677364
2.28	37	2	1.30505243088656	0.945932332751805	1	0.747546516003425	1	-0.231011862971715	2.3845665081875	1.23256681138508	1.74801435677364
2.29	37	2	1.30505243088656	0.945932332751805	1	0.747546516003425	1	-0.231011862971715	2.3845665081875	1.23256681138508	1.74801435677364
2.29999999999999	37	2	1.30505243088656	0.945932332751805	1	0.747546516003425	1	-0.231011862971715	2.3845665081875	1.23256681138508	1.74801435677364
2.30999999999999	37	2	1.30505243088656	0.945932332751805	1	0.747546516003425	1	-0.231011862971715	2.3845665081875	1.23256681138508	1.74801435677364
2.31999999999999	37	2	1.30505243088656	0.945932332751805	1	0.747546516003425	1	-0.231011862971715	2.3845665081875	1.23256681138508	1.74801435677364
2.32999999999999	37	2	1.30505243088656	0.945932332751805	1	0.747546516003425	1	-0.231011862971715	2.3845665081875	1.23256681138508	1.74801435677364
2.33999999999999	37	2	1.30505243088656	0.945932332751805	1	0.747546516003425	1	-0.231011862971715	2.3845665081875	1.23256681138508	1.74801435677364
2.34999999999999	37	2	1.30505243088656	0.945932332751805	1	0.747546516003425	1	-0.231011862971715	2.3845665081875	1.23256681138508	1.74801435677364
2.35999999999999	37	1	1	1	0	1	0	-0.999999999999999	0	1.6053489715015	0.622917519961213
