#dist_cut	num_seqs	num_clusters	num_clusters(recip_simpson_index)	avg_intra_clust_phylo_dist_phylum(norm_shannon_index)	avg_inter_clust_phylo_dist_phylum(norm_shannon_index)	avg_intra_clust_phylo_dist_order(norm_shannon_index)	avg_inter_clust_phylo_dist_order(norm_shannon_index)	avg_silhouette_width	avg_inter_clust_dist	avg_intra_clust_dist	dunn_index
0	70	70	70	0	0.333854941263162	0	0.225367340707499	1	3.04400197773913	0	0.11607849
0.01	70	70	70	0	0.333854941263162	0	0.225367340707499	1	3.04400197773912	0	0.11607849
0.02	70	70	70	0	0.333854941263162	0	0.225367340707499	1	3.04400197773913	0	0.11607849
0.03	70	70	70	0	0.333854941263162	0	0.225367340707499	1	3.04400197773913	0	0.11607849
0.04	70	70	70	0	0.333854941263162	0	0.225367340707499	1	3.04400197773912	0	0.11607849
0.05	70	70	70	0	0.333854941263162	0	0.225367340707499	1	3.04400197773913	0	0.11607849
0.06	70	70	70	0	0.333854941263162	0	0.225367340707499	1	3.04400197773912	0	0.11607849
0.07	70	70	70	0	0.333854941263162	0	0.225367340707499	1	3.04400197773913	0	0.11607849
0.08	70	70	70	0	0.333854941263162	0	0.225367340707499	1	3.04400197773913	0	0.11607849
0.09	70	70	70	0	0.333854941263162	0	0.225367340707499	1	3.04400197773913	0	0.11607849
0.1	70	70	70	0	0.333854941263162	0	0.225367340707499	1	3.04400197773913	0	0.11607849
0.11	70	70	70	0	0.333854941263162	0	0.225367340707499	1	3.04400197773913	0	0.11607849
0.12	70	69	68.0555555555556	0	0.336210235088549	0	0.226083040496335	0.971014492753623	3.06475622404945	0.00168229695652174	1.09580052256021
0.13	70	68	66.2162162162162	0	0.338559587306821	0	0.226742536523351	0.964669751356762	3.08328828077261	0.00357760823529412	1.04276280127331
0.14	70	67	64.4736842105263	0	0.340899261986497	0	0.225705333180854	0.968784498226998	3.09135022718679	0.00561068074626866	1.10086811308201
0.15	70	66	62.8205128205128	0	0.337874055622411	0	0.224775498249104	0.967843525795574	3.07143876695804	0.00790807318181818	1.09977782072553
0.16	70	66	62.8205128205128	0	0.337874055622411	0	0.224775498249104	0.967835237360525	3.07143876695804	0.00790807318181818	1.09977782072553
0.17	70	64	59.7560975609756	0	0.342809823387822	0	0.224416237711848	0.964063975750467	3.09626689638641	0.01328783828125	1.26955922943769
0.18	70	64	59.7560975609756	0	0.342809823387822	0	0.224416237711848	0.96363431398136	3.09626689638641	0.01328783828125	1.26955922943769
0.19	70	64	59.7560975609756	0	0.342809823387822	0	0.224416237711848	0.963678290409657	3.09626689638641	0.01328783828125	1.26955922943769
0.2	70	64	59.7560975609756	0	0.342809823387822	0	0.224416237711848	0.963678290409657	3.09626689638641	0.01328783828125	1.26955922943769
0.21	70	64	59.7560975609756	0	0.342809823387822	0	0.224416237711848	0.963223933876722	3.09626689638641	0.01328783828125	1.26955922943769
0.22	70	62	56.9767441860465	0	0.347683426012493	0	0.225618043896256	0.951213123175075	3.13057041881544	0.0206533683870968	1.14064955554967
0.23	70	62	56.9767441860465	0	0.347683426012493	0	0.225618043896256	0.957458594128514	3.13057041881543	0.0206533683870968	1.14064955554967
0.24	70	62	56.9767441860465	0	0.347683426012493	0	0.225618043896256	0.955548481818496	3.13057041881544	0.0206533683870968	1.14064955554967
0.25	70	59	52.1276595744681	0	0.346256471711046	0	0.224017119251386	0.955178867460176	3.15008453493279	0.0306958565536723	1.06092219326158
0.26	70	59	52.1276595744681	0	0.346256471711046	0	0.224017119251386	0.953434299546418	3.15008453493278	0.0306958565536723	1.06092219326158
0.27	70	58	51.0416666666667	0	0.348650967556061	0	0.224475492473808	0.948018083925419	3.17127576082274	0.0358168359770115	1.15338808306294
0.28	70	58	51.0416666666667	0	0.348650967556061	0	0.224475492473808	0.946980508073816	3.17127576082274	0.0358168359770115	1.15338808306294
0.29	70	57	47.1153846153846	0	0.35054798720753	0	0.22442298080276	0.946053161142199	3.19343727723684	0.036588070994152	1.15338808306294
0.3	70	57	47.1153846153846	0	0.35054798720753	0	0.22442298080276	0.944340174537011	3.19343727723684	0.0365880709941521	1.15338808306294
0.31	70	56	46.2264150943396	0	0.348439505764243	0	0.224048408518601	0.943159415587575	3.16676420478247	0.0427266331547619	1.03679056589283
0.32	70	55	45.3703703703704	0	0.345938781259697	0	0.223894935686781	0.938644165902373	3.17214109050505	0.0492938886666667	1.15282222868781
0.33	70	55	45.3703703703704	0	0.345938781259697	0	0.223894935686781	0.940330958716026	3.17214109050505	0.0492938886666667	1.15282222868781
0.34	70	55	45.3703703703704	0	0.345938781259697	0	0.223894935686781	0.941228364508589	3.17214109050505	0.0492938886666667	1.15282222868781
0.35	70	55	45.3703703703704	0	0.345938781259697	0	0.223894935686781	0.93794426150412	3.17214109050505	0.0492938886666667	1.15282222868781
0.36	70	55	45.3703703703704	0	0.345938781259697	0	0.223894935686781	0.940902355797741	3.17214109050505	0.0492938886666667	1.15282222868781
0.37	70	54	42.2413793103448	0	0.348058826260892	0	0.223739407418259	0.939247016391485	3.19182700632949	0.0481512788580247	1.25409902056825
0.38	70	54	42.2413793103448	0	0.348058826260892	0	0.223739407418259	0.9424215507352	3.19182700632948	0.0481512788580247	1.25409902056825
0.39	70	54	42.2413793103448	0	0.348058826260892	0	0.223739407418259	0.939237316202521	3.19182700632949	0.0481512788580247	1.25409902056825
0.4	70	53	41.5254237288136	0	0.343097655454403	0	0.223679780163963	0.935935906168723	3.17235385045719	0.0565955661949685	1.00324685315412
0.41	70	51	40.1639344262295	0	0.340168408817018	0	0.222324974497137	0.927352046631218	3.19822059118039	0.0745824811437908	1.06881606786289
0.42	70	51	40.1639344262295	0	0.340168408817018	0	0.222324974497137	0.932672484791857	3.19822059118039	0.0745824811437908	1.06881606786289
0.43	70	51	40.1639344262295	0	0.340168408817018	0	0.222324974497137	0.927352046631218	3.19822059118039	0.0745824811437908	1.06881606786289
0.44	70	50	39.5161290322581	0	0.334544333048075	0	0.222186442991003	0.92722360693791	3.17262347043061	0.0846983819666667	1.2634503271426
0.45	70	50	39.5161290322581	0	0.334544333048075	0	0.222186442991003	0.925789836308055	3.17262347043061	0.0846983819666667	1.2634503271426
0.46	70	49	35	0	0.337127628389417	0	0.222294217782422	0.929309919726	3.19716218437075	0.0852180356938776	1.30346567363437
0.47	70	49	35	0	0.337127628389417	0	0.222294217782422	0.925124426711617	3.19716218437075	0.0852180356938776	1.30346567363437
0.48	70	49	35	0	0.337127628389417	0	0.222294217782422	0.928234539227506	3.19716218437075	0.0852180356938776	1.30346567363437
0.49	70	49	35	0	0.337127628389417	0	0.222294217782422	0.929783415424136	3.19716218437075	0.0852180356938776	1.30346567363437
0.5	70	49	35	0	0.337127628389417	0	0.222294217782422	0.929217006279637	3.19716218437075	0.0852180356938776	1.30346567363437
0.51	70	49	35	0	0.337127628389417	0	0.222294217782422	0.929169071351563	3.19716218437075	0.0852180356938776	1.30346567363437
0.52	70	49	35	0	0.337127628389417	0	0.222294217782422	0.929007717974653	3.19716218437075	0.0852180356938776	1.30346567363437
0.53	70	48	32.2368421052632	0	0.340096697693976	0	0.222557739281776	0.926647915171191	3.22400056635607	0.0880979424255952	1.22625150771921
0.54	70	48	32.2368421052632	0	0.340096697693976	0	0.222557739281776	0.926653655929704	3.22400056635607	0.0880979424255952	1.22625150771921
0.55	70	48	32.2368421052632	0	0.340096697693976	0	0.222557739281776	0.927659359144743	3.22400056635607	0.0880979424255952	1.22625150771921
0.56	70	48	32.2368421052632	0	0.340096697693976	0	0.222557739281776	0.923784467395714	3.22400056635606	0.0880979424255952	1.22625150771921
0.57	70	48	32.2368421052632	0	0.340096697693976	0	0.222557739281776	0.927161178309612	3.22400056635607	0.0880979424255952	1.22625150771921
0.58	70	47	29.5180722891566	0	0.343092374067134	0	0.222703973686003	0.927295711181693	3.24027682381359	0.0912804247821682	1.27196562425161
0.59	70	47	29.5180722891566	0	0.343092374067134	0	0.222703973686003	0.928950050278129	3.24027682381359	0.0912804247821682	1.27196562425161
0.6	70	46	22.8971962616822	0	0.346824156600499	0	0.223349975905069	0.928493185391671	3.25568753688296	0.0893132226805007	1.1224301203083
0.61	70	46	22.8971962616822	0	0.346824156600499	0	0.223349975905069	0.928561891347181	3.25568753688296	0.0893132226805007	1.1224301203083
0.62	70	46	22.8971962616822	0	0.346824156600499	0	0.223349975905069	0.927906537626091	3.25568753688296	0.0893132226805007	1.1224301203083
0.63	70	46	22.8971962616822	0	0.346824156600499	0	0.223349975905069	0.930309409106619	3.25568753688296	0.0893132226805007	1.1224301203083
0.64	70	46	22.8971962616822	0	0.346824156600499	0	0.223349975905069	0.92701180787069	3.25568753688296	0.0893132226805007	1.1224301203083
0.65	70	45	22.4770642201835	0	0.344082417494202	0	0.222911696730506	0.923769826389533	3.26516822860943	0.0963757525178451	1.36660260524578
0.66	70	45	22.4770642201835	0	0.344082417494202	0	0.222911696730506	0.925222900497699	3.26516822860943	0.0963757525178451	1.36660260524578
0.67	70	45	22.4770642201835	0	0.344082417494202	0	0.222911696730506	0.92653884541639	3.26516822860943	0.0963757525178451	1.36660260524578
0.68	70	45	22.4770642201835	0	0.344082417494202	0	0.222911696730506	0.926370883150411	3.26516822860943	0.0963757525178451	1.36660260524578
0.69	70	45	22.4770642201835	0	0.344082417494202	0	0.222911696730506	0.926601407864587	3.26516822860943	0.0963757525178451	1.36660260524578
0.7	70	45	22.4770642201835	0	0.344082417494202	0	0.222911696730506	0.927750842909961	3.26516822860943	0.0963757525178451	1.36660260524578
0.71	70	45	22.4770642201835	0	0.344082417494202	0	0.222911696730506	0.92283639580691	3.26516822860943	0.0963757525178451	1.36660260524578
0.72	70	45	22.4770642201835	0	0.344082417494202	0	0.222911696730506	0.927558159689961	3.26516822860943	0.0963757525178451	1.36660260524578
0.73	70	45	22.4770642201835	0	0.344082417494202	0	0.222911696730506	0.925353552473654	3.26516822860943	0.0963757525178451	1.36660260524578
0.74	70	45	20.9401709401709	0	0.344718119018698	0	0.223453007963494	0.927994332280619	3.2663666539495	0.0970609009427609	1.25763443024261
0.75	70	44	16.0130718954248	0	0.349073479342909	0	0.22431444696014	0.931680627704487	3.28572260326427	0.095023963969697	1.07462689742869
0.76	70	43	15.7051282051282	0	0.345943735654368	0	0.223650112071172	0.929065926392985	3.28140355436545	0.101801000496124	1.07462689742869
0.77	70	42	15.5063291139241	0	0.34890350410071	0.00539186618983167	0.229589721809264	0.919578611516785	3.30517555947658	0.111389375111111	1.18185896692077
0.78	70	42	15.5063291139241	0	0.34890350410071	0.00539186618983167	0.229589721809264	0.91688991121578	3.30517555947658	0.111389375111111	1.18185896692077
0.79	70	42	15.5063291139241	0	0.34890350410071	0.00539186618983167	0.229589721809264	0.919800291245886	3.30517555947658	0.111389375111111	1.18185896692077
0.8	70	42	15.5063291139241	0	0.34890350410071	0.00539186618983167	0.229589721809264	0.918550745136433	3.30517555947658	0.111389375111111	1.18185896692077
0.81	70	41	15.2173913043478	0	0.351782722481723	0.00902221525426723	0.234410518883266	0.919244231988861	3.33141279962398	0.116488794707317	1.11426487010413
0.820000000000001	70	40	11.0859728506787	0	0.357376649674918	0.00477334965436453	0.231098996301452	0.928862564121647	3.35303922752631	0.102310871710526	1.03007550103393
0.830000000000001	70	40	11.0859728506787	0	0.357376649674918	0.00477334965436453	0.231098996301452	0.928778034403671	3.35303922752632	0.102310871710526	1.03007550103393
0.840000000000001	70	40	11.0859728506787	0	0.357376649674918	0.00477334965436453	0.231098996301452	0.928617268053931	3.35303922752632	0.102310871710526	1.03007550103393
0.850000000000001	70	40	11.0859728506787	0	0.357376649674918	0.00477334965436453	0.231098996301452	0.928951213035856	3.35303922752632	0.102310871710526	1.03007550103393
0.860000000000001	70	40	11.0859728506787	0	0.357376649674918	0.00477334965436453	0.231098996301452	0.928208505700274	3.35303922752632	0.102310871710526	1.03007550103393
0.870000000000001	70	40	11.0859728506787	0	0.357376649674918	0.00477334965436453	0.231098996301452	0.928379098111125	3.35303922752632	0.102310871710526	1.03007550103393
0.880000000000001	70	40	11.0859728506787	0	0.357376649674918	0.00477334965436453	0.231098996301452	0.928498975163125	3.35303922752632	0.102310871710526	1.03007550103393
0.890000000000001	70	38	10.1239669421488	0	0.363516994536813	0.0108110041394448	0.237488720543735	0.919955762182498	3.40006691446633	0.119932429183287	1.04059979407017
0.900000000000001	70	38	10.1239669421488	0	0.363516994536813	0.0108110041394448	0.237488720543735	0.919217349132205	3.40006691446633	0.119932429183287	1.04059979407017
0.910000000000001	70	38	10.1239669421488	0	0.363516994536813	0.0108110041394448	0.237488720543735	0.919403788726911	3.40006691446633	0.119932429183287	1.04059979407017
0.920000000000001	70	38	10.1239669421488	0	0.363516994536813	0.0108110041394448	0.237488720543735	0.919481425986641	3.40006691446634	0.119932429183287	1.04059979407017
0.930000000000001	70	38	10.1239669421488	0	0.363516994536813	0.0108110041394448	0.237488720543735	0.920115347293113	3.40006691446633	0.119932429183287	1.04059979407017
0.940000000000001	70	37	10	0	0.36577832216769	0.0149802865608359	0.242851219663167	0.916686665591081	3.42805040572372	0.126696322089142	1.05500242594344
0.950000000000001	70	37	10	0	0.36577832216769	0.0149802865608359	0.242851219663167	0.907570313462249	3.42805040572372	0.126696322089142	1.05500242594344
0.960000000000001	70	36	9.95934959349593	0	0.368634854841519	0.0222466061028028	0.250416190227021	0.905460242466703	3.44783669611111	0.156672985480507	1.11190942570023
0.970000000000001	70	36	9.95934959349593	0	0.368634854841519	0.0222466061028028	0.250416190227021	0.890537591109553	3.44783669611111	0.156672985480507	1.11190942570023
0.980000000000001	70	36	9.95934959349593	0	0.368634854841519	0.0222466061028028	0.250416190227021	0.892180244170678	3.44783669611111	0.156672985480507	1.11190942570023
0.990000000000001	70	36	9.95934959349593	0	0.368634854841519	0.0222466061028028	0.250416190227021	0.891676229268813	3.44783669611111	0.156672985480507	1.11190942570023
1	70	36	9.95934959349593	0	0.368634854841519	0.0222466061028028	0.250416190227021	0.895409641800152	3.44783669611111	0.156672985480507	1.11190942570023
1.01	70	36	9.95934959349593	0	0.368634854841519	0.0222466061028028	0.250416190227021	0.890537591109553	3.44783669611111	0.156672985480507	1.11190942570023
1.02	70	36	9.95934959349593	0	0.368634854841519	0.0222466061028028	0.250416190227021	0.892178562947611	3.44783669611111	0.156672985480507	1.11190942570023
1.03	70	36	9.95934959349593	0	0.368634854841519	0.0222466061028028	0.250416190227021	0.90551360060974	3.44783669611111	0.156672985480507	1.11190942570023
1.04	70	36	9.95934959349593	0	0.368634854841519	0.0222466061028028	0.250416190227021	0.905267790549767	3.44783669611111	0.156672985480507	1.11190942570023
1.05	70	36	9.95934959349593	0	0.368634854841519	0.0222466061028028	0.250416190227021	0.894604680890692	3.44783669611111	0.156672985480507	1.11190942570023
1.06	70	35	9.91902834008097	0	0.361804380957116	0.0228822234200257	0.250446064828139	0.883129914813442	3.44930542870252	0.191408019637093	1.02525525133907
1.07	70	35	9.91902834008097	0	0.361804380957116	0.0228822234200257	0.250446064828139	0.893783485388602	3.44930542870252	0.191408019637093	1.02525525133907
1.08	70	33	9.7609561752988	0	0.346350497397567	0.0311313999901161	0.258874544268487	0.869383187837294	3.42684803484343	0.230825727291866	1.04915166632657
1.09	70	32	9.68379446640316	0	0.348552069988246	0.0366122554373991	0.265423970746745	0.866006243953025	3.44770712216465	0.241798787936403	1.03573129410591
1.1	70	32	9.68379446640316	0	0.348552069988246	0.0366122554373991	0.265423970746746	0.858172954052167	3.44770712216465	0.241798787936403	1.03573129410591
1.11	70	31	9.53307392996109	0	0.350369792159378	0.0379677354983857	0.266395234120868	0.851484897511144	3.48229349076344	0.25490015080532	1.03573129410591
1.12	70	30	9.49612403100775	0.0174062971319208	0.364656164964807	0.0474535672466643	0.276022132826985	0.837505257238286	3.50543943316054	0.300433737165497	1.02787903661234
1.13	70	29	9.42307692307692	0.0345418213184258	0.380354671353678	0.0568988068059607	0.286552527082443	0.826631894460479	3.50008154355829	0.331360150056261	1.08766801165511
1.14	70	29	9.42307692307692	0.0345418213184258	0.380354671353678	0.0568988068059606	0.286552527082443	0.826991117314215	3.50008154355829	0.331360150056261	1.08766801165511
1.15	70	29	9.42307692307692	0.0345418213184258	0.380354671353678	0.0568988068059606	0.286552527082443	0.826601726358596	3.50008154355829	0.331360150056261	1.08766801165511
1.16	70	29	9.42307692307692	0.0345418213184258	0.380354671353678	0.0568988068059607	0.286552527082443	0.82767784548238	3.50008154355829	0.331360150056261	1.08766801165511
1.17	70	29	9.42307692307692	0.0345418213184258	0.380354671353678	0.0568988068059607	0.286552527082443	0.825365383510437	3.50008154355829	0.331360150056261	1.08766801165511
1.18	70	29	9.31558935361217	0.0345418213184258	0.380559211085776	0.0552950540722302	0.28490892594738	0.829727992496474	3.50300417983415	0.331072079803388	1.08766801165511
1.19	70	29	9.31558935361217	0.0345418213184258	0.380559211085775	0.0552950540722302	0.28490892594738	0.832535159533979	3.50300417983415	0.331072079803388	1.08766801165511
1.2	70	29	9.31558935361217	0.0345418213184258	0.380559211085776	0.0552950540722302	0.28490892594738	0.831680188855005	3.50300417983415	0.331072079803388	1.08766801165511
1.21	70	28	9.28030303030303	0.0357754577940839	0.38469236611521	0.0660772780373088	0.295514184388293	0.808114608293805	3.52765168053307	0.38605736908208	1.05195245570679
1.22	70	28	9.28030303030303	0.0357754577940839	0.38469236611521	0.0660772780373088	0.295514184388293	0.813016164063	3.52765168053307	0.38605736908208	1.05195245570679
1.23	70	27	8.71886120996441	0.0371004747494203	0.387791427996956	0.0791426168697723	0.310083062536629	0.793188923134893	3.52357512095781	0.433031264098765	1.08085276519545
1.24	70	26	6.34715025906736	0.0385274160859365	0.394759274776994	0.0716297800925644	0.303739216133935	0.810232090722899	3.5555489855144	0.410331252460355	1.13244541295641
1.25	70	26	6.34715025906736	0.0385274160859365	0.394759274776994	0.0716297800925644	0.303739216133935	0.808861080229189	3.5555489855144	0.410331252460355	1.13244541295641
1.26	70	26	6.34715025906736	0.0385274160859365	0.394759274776995	0.0716297800925644	0.303739216133935	0.817052483741876	3.5555489855144	0.410331252460355	1.13244541295641
1.27	70	26	6.34715025906736	0.0385274160859365	0.394759274776995	0.0695971741982117	0.30007915487798	0.820917861824646	3.55243303304931	0.41577901855503	1.13244541295641
1.28	70	26	6.34715025906736	0.0385274160859365	0.394759274776994	0.0695971741982117	0.30007915487798	0.819450724219135	3.55243303304931	0.41577901855503	1.13244541295641
1.29	70	26	6.34715025906736	0.0385274160859365	0.394759274776995	0.0695971741982117	0.30007915487798	0.819377536121683	3.55243303304931	0.41577901855503	1.13244541295641
1.3	70	26	6.34715025906736	0.0385274160859365	0.394759274776994	0.0695971741982117	0.30007915487798	0.822376405659893	3.55243303304931	0.41577901855503	1.13244541295641
1.31	70	26	6.34715025906736	0.0385274160859365	0.394759274776994	0.0695971741982117	0.30007915487798	0.827092290610189	3.55243303304931	0.41577901855503	1.13244541295641
1.32	70	26	6.34715025906736	0.0385274160859365	0.394759274776995	0.0695971741982117	0.30007915487798	0.811529979651301	3.55243303304931	0.41577901855503	1.13244541295641
1.33	70	26	6.34715025906736	0.0385274160859365	0.394759274776995	0.0695971741982117	0.30007915487798	0.820427982919834	3.55243303304931	0.41577901855503	1.13244541295641
1.34	70	26	6.34715025906736	0.0385274160859365	0.394759274776994	0.0695971741982117	0.30007915487798	0.827489909834351	3.55243303304931	0.41577901855503	1.13244541295641
1.35	70	24	5.51801801801802	0.0356877813375605	0.386396880687656	0.0621503292196192	0.293520524348417	0.812997806583737	3.58343037874767	0.374247831267857	1.19625610755247
1.36	70	24	5.51801801801802	0.0356877813375605	0.386396880687656	0.0621503292196192	0.293520524348417	0.813929160951908	3.58343037874767	0.374247831267857	1.19625610755247
1.37	70	23	5.44444444444444	0.0384348906195444	0.39218534528192	0.0713246944859163	0.304952234074486	0.804948478671767	3.57988452258667	0.396836595902692	1.27569403672448
1.38	70	23	5.44444444444444	0.0384348906195444	0.39218534528192	0.0713246944859163	0.304952234074487	0.81797592763397	3.57988452258667	0.396836595902692	1.27569403672448
1.39	70	23	5.44444444444444	0.0384348906195444	0.39218534528192	0.0713246944859163	0.304952234074486	0.805675669836317	3.57988452258667	0.396836595902692	1.27569403672448
1.4	70	23	5.44444444444444	0.0384348906195444	0.39218534528192	0.0713246944859163	0.304952234074487	0.818045718577167	3.57988452258667	0.396836595902692	1.27569403672448
1.41	70	23	5.44444444444444	0.0384348906195444	0.39218534528192	0.0713246944859163	0.304952234074486	0.804948478671767	3.57988452258667	0.396836595902691	1.27569403672448
1.42	70	22	5.39647577092511	0.040181931102251	0.396986125634544	0.0745667260534579	0.307787626749532	0.798650635206543	3.63179164659957	0.42938980541342	1.33845323788095
1.43	70	22	5.39647577092511	0.040181931102251	0.396986125634544	0.0745667260534579	0.307787626749532	0.805099605101852	3.63179164659957	0.42938980541342	1.33845323788095
1.44	70	22	5.39647577092511	0.040181931102251	0.396986125634544	0.0745667260534579	0.307787626749532	0.804657959539001	3.63179164659957	0.42938980541342	1.33845323788095
1.45	70	22	5.39647577092511	0.040181931102251	0.396986125634544	0.0745667260534579	0.307787626749532	0.802636390140108	3.63179164659957	0.42938980541342	1.33845323788095
1.46	70	22	5.39647577092511	0.040181931102251	0.396986125634544	0.0745667260534579	0.307787626749532	0.802636390140108	3.63179164659957	0.42938980541342	1.33845323788095
1.47	70	22	5.39647577092511	0.040181931102251	0.396986125634544	0.0745667260534579	0.307787626749532	0.789680321698397	3.63179164659957	0.42938980541342	1.33845323788095
1.48	70	22	5.39647577092511	0.040181931102251	0.396986125634544	0.0745667260534579	0.307787626749532	0.804657959539001	3.63179164659957	0.42938980541342	1.33845323788095
1.49	70	22	5.39647577092511	0.040181931102251	0.396986125634544	0.0745667260534579	0.307787626749532	0.798650635206543	3.63179164659957	0.42938980541342	1.33845323788095
1.5	70	22	5.39647577092511	0.040181931102251	0.396986125634544	0.0745667260534579	0.307787626749532	0.790490571116749	3.63179164659957	0.42938980541342	1.33845323788095
1.51	70	21	5.36105032822757	0.0420953563928344	0.398181424259588	0.0849485913632429	0.32001337724826	0.790488405062492	3.59957852926304	0.472156534560091	1.18896839280333
1.52	70	21	5.36105032822757	0.0420953563928344	0.398181424259588	0.0849485913632429	0.32001337724826	0.785325277904709	3.59957852926304	0.472156534560091	1.18896839280333
1.53	70	21	5.36105032822757	0.0420953563928344	0.398181424259588	0.0849485913632429	0.32001337724826	0.790488405062493	3.59957852926304	0.472156534560091	1.18896839280333
1.54	70	20	5.3030303030303	0.0493271770350759	0.404921593442753	0.0943936460270076	0.33080188315932	0.758332496960967	3.61033148691566	0.507267591354762	1.1394739918886
1.55	70	20	5.3030303030303	0.0493271770350759	0.404921593442753	0.0943936460270076	0.33080188315932	0.758337703010847	3.61033148691566	0.507267591354762	1.1394739918886
1.56	70	20	5.3030303030303	0.0493271770350759	0.404921593442753	0.0943936460270076	0.33080188315932	0.758332496960967	3.61033148691566	0.507267591354762	1.1394739918886
1.57	70	20	5.3030303030303	0.0493271770350759	0.404921593442753	0.0943936460270076	0.33080188315932	0.760502424143893	3.61033148691566	0.507267591354762	1.1394739918886
1.58	70	20	5.3030303030303	0.0493271770350759	0.404921593442753	0.0943936460270076	0.33080188315932	0.758558847842578	3.61033148691566	0.507267591354762	1.1394739918886
1.59	70	20	5.3030303030303	0.0493271770350759	0.404921593442753	0.0943936460270076	0.33080188315932	0.759770870230073	3.61033148691566	0.507267591354762	1.1394739918886
1.6	70	20	5.3030303030303	0.0493271770350759	0.404921593442753	0.0943936460270076	0.33080188315932	0.760502424143893	3.61033148691566	0.507267591354762	1.1394739918886
1.61	70	20	5.3030303030303	0.0493271770350759	0.404921593442753	0.0943936460270076	0.33080188315932	0.758558847842578	3.61033148691566	0.507267591354762	1.1394739918886
1.62	70	19	5.29157667386609	0.0519233442474483	0.415830674002897	0.112341059867901	0.347909191115252	0.720987146170663	3.65297832668254	0.61909968458396	1.13885585660585
1.63	70	19	5.29157667386609	0.0519233442474483	0.415830674002898	0.112341059867901	0.347909191115252	0.718713169090247	3.65297832668254	0.61909968458396	1.13885585660585
1.64	70	19	5.29157667386609	0.0519233442474483	0.415830674002898	0.112341059867901	0.347909191115252	0.716546697547791	3.65297832668254	0.61909968458396	1.13885585660585
1.65	70	19	5.29157667386609	0.0519233442474483	0.415830674002898	0.112341059867901	0.347909191115252	0.71290970824698	3.65297832668254	0.61909968458396	1.13885585660585
1.66	70	19	5.29157667386609	0.0519233442474483	0.415830674002897	0.112341059867901	0.347909191115252	0.714457324706887	3.65297832668254	0.61909968458396	1.13885585660585
1.67	70	19	5.29157667386609	0.0519233442474483	0.415830674002898	0.112341059867901	0.347909191115252	0.712909708246982	3.65297832668254	0.61909968458396	1.13885585660585
1.68	70	19	5.29157667386609	0.0519233442474483	0.415830674002897	0.112341059867901	0.347909191115252	0.718690709926062	3.65297832668254	0.61909968458396	1.13885585660585
1.69	70	19	5.29157667386609	0.0519233442474483	0.415830674002898	0.112341059867901	0.347909191115252	0.71127117045802	3.65297832668254	0.61909968458396	1.13885585660585
1.7	70	19	5.29157667386609	0.0519233442474483	0.415830674002898	0.112341059867901	0.347909191115252	0.718713169090246	3.65297832668254	0.61909968458396	1.13885585660585
1.71	70	19	5.29157667386609	0.0519233442474483	0.415830674002898	0.112341059867901	0.347909191115252	0.718713169090246	3.65297832668254	0.61909968458396	1.13885585660585
1.72	70	18	5.26881720430108	0.0814481913876801	0.443076024852621	0.13116325097017	0.367124885707398	0.682314960992022	3.70560029720993	0.682497599468254	1.14171066994989
1.73	70	18	5.26881720430108	0.0814481913876801	0.443076024852621	0.13116325097017	0.367124885707398	0.69083570437745	3.70560029720993	0.682497599468254	1.14171066994989
1.74	70	17	5.21276595744681	0.0846218654605985	0.450571448521767	0.137968027795373	0.373065406773207	0.673233052671764	3.69004865262885	0.736597188927171	1.1515090506017
1.75	70	17	5.21276595744681	0.0846218654605985	0.450571448521767	0.137968027795373	0.373065406773207	0.694288423253377	3.69004865262885	0.736597188927171	1.1515090506017
1.76	70	17	5.17970401691332	0.0846218654605985	0.446515692896755	0.129582339341444	0.367732541135774	0.689136068717377	3.68346742465826	0.690447794338935	1.04381198270624
1.77	70	17	5.17970401691332	0.0846218654605985	0.446515692896755	0.129582339341444	0.367732541135774	0.696344195161928	3.68346742465826	0.690447794338935	1.04381198270624
1.78	70	17	5.17970401691332	0.0846218654605985	0.446515692896755	0.129582339341444	0.367732541135774	0.692691357537979	3.68346742465826	0.690447794338936	1.04381198270624
1.79	70	16	3.82215288611545	0.0769951575513294	0.443505132979632	0.120283958334989	0.360836807580368	0.706212191479926	3.69289673867108	0.661561991597816	1.04381198270624
1.8	70	16	3.82215288611545	0.0769951575513294	0.443505132979632	0.120283958334989	0.360836807580368	0.685197219954186	3.69289673867108	0.661561991597816	1.04381198270624
1.81	70	16	3.82215288611545	0.0769951575513294	0.443505132979632	0.120283958334989	0.360836807580368	0.706212191479926	3.69289673867108	0.661561991597816	1.04381198270624
1.82	70	16	3.82215288611545	0.0769951575513294	0.443505132979632	0.120283958334989	0.360836807580368	0.688914337520027	3.69289673867108	0.661561991597816	1.04381198270624
1.83	70	16	3.82215288611545	0.0769951575513294	0.443505132979632	0.120283958334989	0.360836807580368	0.693616470311469	3.69289673867108	0.661561991597816	1.04381198270624
1.84	70	16	3.82215288611545	0.0769951575513294	0.443505132979632	0.120283958334989	0.360836807580368	0.685197219954186	3.69289673867108	0.661561991597816	1.04381198270624
1.85	70	16	3.82215288611545	0.0769951575513294	0.443505132979632	0.120283958334989	0.360836807580368	0.706212191479927	3.69289673867108	0.661561991597816	1.04381198270624
1.86	70	15	3.79256965944272	0.0821281680547513	0.446403669888538	0.133723333151639	0.3758381716653	0.683335203098534	3.7396885274028	0.714889491571004	0.968706397563859
1.87	70	15	3.79256965944272	0.0821281680547513	0.446403669888537	0.133723333151639	0.3758381716653	0.676033300181664	3.7396885274028	0.714889491571004	0.968706397563859
1.88	70	15	3.79256965944272	0.0821281680547513	0.446403669888538	0.133723333151639	0.3758381716653	0.683335203098535	3.7396885274028	0.714889491571004	0.968706397563859
1.89	70	15	3.79256965944272	0.0821281680547513	0.446403669888538	0.133723333151639	0.3758381716653	0.690110557151529	3.7396885274028	0.714889491571004	0.968706397563859
1.9	70	15	3.79256965944272	0.0821281680547513	0.446403669888537	0.133723333151639	0.3758381716653	0.669859868537513	3.7396885274028	0.714889491571004	0.968706397563859
1.91	70	15	3.79256965944272	0.0821281680547513	0.446403669888537	0.133723333151639	0.3758381716653	0.676033300181664	3.7396885274028	0.714889491571004	0.968706397563859
1.92	70	14	3.78086419753086	0.122246173221285	0.476264904910442	0.159450598374822	0.399652864252023	0.639014284337141	3.82724347647684	0.846653604778457	1.12019029643735
1.93	70	14	3.78086419753086	0.122246173221285	0.476264904910442	0.159450598374822	0.399652864252023	0.646273592251064	3.82724347647684	0.846653604778457	1.12019029643735
1.94	70	14	3.78086419753086	0.122246173221285	0.476264904910442	0.159450598374822	0.399652864252023	0.628546060870834	3.82724347647684	0.846653604778457	1.12019029643735
1.95	70	14	3.78086419753086	0.122246173221285	0.476264904910442	0.159450598374822	0.399652864252023	0.625441984164552	3.82724347647684	0.846653604778457	1.12019029643735
1.96	70	14	3.78086419753086	0.122246173221285	0.476264904910442	0.159450598374822	0.399652864252023	0.623399490377064	3.82724347647684	0.846653604778457	1.12019029643735
1.97	70	14	3.78086419753086	0.122246173221285	0.476264904910442	0.159450598374822	0.399652864252023	0.623399490377064	3.82724347647684	0.846653604778457	1.12019029643735
1.98	70	14	3.78086419753086	0.122246173221285	0.476264904910442	0.159450598374822	0.399652864252023	0.623399490377064	3.82724347647684	0.846653604778457	1.12019029643735
1.99	70	14	3.78086419753086	0.122246173221285	0.476264904910442	0.159450598374822	0.399652864252023	0.632701292078475	3.82724347647684	0.846653604778457	1.12019029643735
2	70	14	3.78086419753086	0.122246173221285	0.476264904910442	0.159450598374822	0.399652864252023	0.627776427532729	3.82724347647684	0.846653604778457	1.12019029643735
2.01	70	14	3.78086419753086	0.122246173221285	0.476264904910442	0.159450598374822	0.399652864252023	0.627776427532729	3.82724347647684	0.846653604778457	1.12019029643735
2.02	70	14	3.78086419753086	0.122246173221285	0.476264904910442	0.159450598374822	0.399652864252023	0.621286752956911	3.82724347647684	0.846653604778457	1.12019029643735
2.03	70	14	3.78086419753086	0.122246173221285	0.476264904910442	0.159450598374822	0.399652864252023	0.62975491998576	3.82724347647684	0.846653604778457	1.12019029643735
2.04	70	14	3.78086419753086	0.122246173221285	0.476264904910442	0.159450598374822	0.399652864252023	0.636861265145903	3.82724347647684	0.846653604778457	1.12019029643735
2.05	70	14	3.78086419753086	0.122246173221285	0.476264904910442	0.159450598374822	0.399652864252023	0.62777642753273	3.82724347647684	0.846653604778457	1.12019029643735
2.06	70	14	3.78086419753086	0.122246173221285	0.476264904910442	0.159450598374822	0.399652864252023	0.621286752956911	3.82724347647684	0.846653604778457	1.12019029643735
2.07	70	14	3.78086419753086	0.122246173221285	0.476264904910442	0.159450598374822	0.399652864252023	0.620202721129041	3.82724347647684	0.846653604778457	1.12019029643735
2.08	70	14	3.78086419753086	0.122246173221285	0.476264904910442	0.159450598374822	0.399652864252023	0.62975491998576	3.82724347647684	0.846653604778457	1.12019029643735
2.09	70	14	3.78086419753086	0.122246173221285	0.476264904910442	0.159450598374822	0.399652864252023	0.62777642753273	3.82724347647684	0.846653604778457	1.12019029643735
2.1	70	14	3.78086419753086	0.122246173221285	0.476264904910442	0.159450598374822	0.399652864252023	0.635777233318033	3.82724347647684	0.846653604778457	1.12019029643735
2.11	70	13	3.76923076923077	0.131649725007538	0.479692898203389	0.171716029019039	0.413419083533302	0.575673662479349	3.7877006583097	1.00012300617167	1.25639865758494
2.12	70	13	3.76923076923077	0.131649725007538	0.479692898203389	0.171716029019039	0.413419083533302	0.585104142515409	3.7877006583097	1.00012300617167	1.25639865758494
2.13	70	13	3.76923076923077	0.131649725007538	0.479692898203389	0.171716029019039	0.413419083533302	0.586037435523211	3.7877006583097	1.00012300617167	1.25639865758494
2.14	70	13	3.76923076923077	0.131649725007538	0.479692898203389	0.171716029019039	0.413419083533302	0.590579445064426	3.7877006583097	1.00012300617167	1.25639865758494
2.15	70	13	3.76923076923077	0.131649725007538	0.479692898203389	0.171716029019039	0.413419083533302	0.575673662479348	3.7877006583097	1.00012300617167	1.25639865758494
2.16	70	13	3.76923076923077	0.131649725007538	0.479692898203389	0.171716029019039	0.413419083533302	0.582390821683009	3.7877006583097	1.00012300617167	1.25639865758494
2.17	70	13	3.76923076923077	0.131649725007538	0.479692898203389	0.171716029019039	0.413419083533302	0.590579445064426	3.7877006583097	1.00012300617167	1.25639865758494
2.18	70	13	3.76923076923077	0.131649725007538	0.479692898203389	0.171716029019039	0.413419083533302	0.585104142515409	3.7877006583097	1.00012300617167	1.25639865758494
2.19	70	12	3.75191424196018	0.167933824313142	0.506268675607712	0.197980068558295	0.439267944986396	0.53996149164923	3.7890437029079	1.13005302779709	1.2689709613312
2.2	70	12	3.75191424196018	0.167933824313142	0.506268675607712	0.197980068558295	0.439267944986396	0.53996149164923	3.7890437029079	1.13005302779709	1.2689709613312
2.21	70	12	3.75191424196018	0.167933824313142	0.506268675607712	0.197980068558295	0.439267944986396	0.53996149164923	3.7890437029079	1.13005302779709	1.2689709613312
2.22	70	12	3.75191424196018	0.167933824313142	0.506268675607712	0.197980068558295	0.439267944986396	0.524874136704936	3.7890437029079	1.13005302779709	1.2689709613312
2.23	70	12	3.75191424196018	0.167933824313142	0.506268675607712	0.197980068558295	0.439267944986396	0.538961682318906	3.7890437029079	1.13005302779709	1.2689709613312
2.24	70	12	3.75191424196018	0.167933824313142	0.506268675607712	0.197980068558295	0.439267944986396	0.538961682318906	3.7890437029079	1.13005302779709	1.2689709613312
2.25	70	12	3.75191424196018	0.167933824313142	0.506268675607712	0.197980068558295	0.439267944986396	0.53996149164923	3.7890437029079	1.13005302779709	1.2689709613312
2.26	70	12	3.75191424196018	0.167933824313142	0.506268675607712	0.197980068558295	0.439267944986396	0.538961682318906	3.7890437029079	1.13005302779709	1.2689709613312
2.27	70	11	3.66766467065868	0.17812022092817	0.52406062625206	0.224508604403655	0.471053910849836	0.526079877557461	3.87009234043672	1.16117135404704	1.40947005295973
2.28	70	11	3.65126676602086	0.178593448110578	0.524911861122472	0.217520816353806	0.466004271970895	0.529814918458747	3.86957946655793	1.15647988305137	1.24183620325043
2.29	70	11	3.65126676602086	0.178593448110578	0.524911861122472	0.217520816353806	0.466004271970895	0.529814918458747	3.86957946655793	1.15647988305137	1.24183620325043
2.29999999999999	70	11	3.65126676602086	0.178593448110578	0.524911861122472	0.217520816353806	0.466004271970895	0.529814918458747	3.86957946655793	1.15647988305137	1.24183620325043
2.30999999999999	70	11	3.65126676602086	0.178593448110578	0.524911861122472	0.217520816353806	0.466004271970895	0.511409757328173	3.86957946655793	1.15647988305137	1.24183620325043
2.31999999999999	70	11	3.65126676602086	0.178593448110578	0.524911861122472	0.217520816353806	0.466004271970895	0.529814918458747	3.86957946655793	1.15647988305137	1.24183620325043
2.32999999999999	70	11	3.65126676602086	0.178593448110578	0.524911861122472	0.217520816353806	0.466004271970895	0.511409757328174	3.86957946655793	1.15647988305137	1.24183620325043
2.33999999999999	70	11	3.65126676602086	0.178593448110578	0.524911861122472	0.217520816353806	0.466004271970895	0.529814918458747	3.86957946655793	1.15647988305137	1.24183620325043
2.34999999999999	70	11	3.65126676602086	0.178593448110578	0.524911861122472	0.217520816353806	0.466004271970895	0.516787208823112	3.86957946655793	1.15647988305137	1.24183620325043
2.35999999999999	70	11	3.65126676602086	0.178593448110578	0.524911861122472	0.217520816353806	0.466004271970895	0.5225147168201	3.86957946655793	1.15647988305137	1.24183620325043
2.36999999999999	70	11	3.65126676602086	0.178593448110578	0.524911861122472	0.217520816353806	0.466004271970895	0.511409757328174	3.86957946655793	1.15647988305137	1.24183620325043
2.37999999999999	70	10	3.54046242774566	0.165745968988969	0.506753333783548	0.226498437605046	0.480303107389098	0.50189232747943	3.93876751454706	1.14653410554063	1.09632695424791
2.38999999999999	70	10	3.54046242774566	0.165745968988969	0.506753333783548	0.226498437605046	0.480303107389098	0.485310336623799	3.93876751454706	1.14653410554063	1.09632695424791
2.39999999999999	70	10	3.54046242774566	0.165745968988969	0.506753333783548	0.226498437605046	0.480303107389098	0.490850731211514	3.93876751454706	1.14653410554063	1.09632695424791
2.40999999999999	70	10	3.52517985611511	0.166037410060413	0.506042757903096	0.2368985535481	0.492397792720749	0.481087353415563	3.94240290023965	1.18636669632317	1.09657749377621
2.41999999999999	70	10	3.52517985611511	0.166037410060413	0.506042757903096	0.2368985535481	0.492397792720749	0.468178778592921	3.94240290023965	1.18636669632317	1.09657749377621
2.42999999999999	70	10	3.52517985611511	0.166037410060413	0.506042757903096	0.2368985535481	0.492397792720749	0.484762849131847	3.94240290023965	1.18636669632317	1.09657749377621
2.43999999999999	70	10	3.54046242774566	0.165745968988969	0.506753333783548	0.226498437605046	0.480303107389098	0.4853103366238	3.93876751454706	1.14653410554063	1.09632695424791
2.44999999999999	70	9	3.52011494252874	0.184162187765521	0.536393550889171	0.265365331613938	0.520598843364604	0.427552103470302	4.00134097260784	1.29708500448959	1.23181783215948
2.45999999999999	70	9	3.52011494252874	0.184162187765521	0.536393550889171	0.265365331613938	0.520598843364604	0.427552103470302	4.00134097260784	1.29708500448959	1.23181783215948
2.46999999999999	70	9	3.52011494252874	0.184162187765521	0.536393550889171	0.265365331613938	0.520598843364604	0.427552103470302	4.00134097260784	1.29708500448959	1.23181783215948
2.47999999999999	70	9	3.52011494252874	0.184162187765521	0.536393550889171	0.265365331613938	0.520598843364604	0.427552103470302	4.00134097260784	1.29708500448959	1.23181783215948
2.48999999999999	70	9	3.52011494252874	0.184162187765521	0.536393550889171	0.265365331613938	0.520598843364604	0.421810922450278	4.00134097260784	1.29708500448959	1.23181783215948
2.49999999999999	70	8	3.47025495750708	0.203522473248306	0.546823515159986	0.29829090064887	0.550417660755181	0.354101676878018	3.74367058835752	1.48909340256089	1.12322852108153
2.50999999999999	70	8	3.47025495750708	0.203522473248306	0.546823515159986	0.29829090064887	0.550417660755181	0.354101676878018	3.74367058835752	1.48909340256089	1.12322852108153
2.51999999999999	70	8	3.47025495750708	0.203522473248306	0.546823515159986	0.29829090064887	0.550417660755181	0.354101676878018	3.74367058835752	1.48909340256089	1.12322852108153
2.52999999999999	70	8	3.47025495750708	0.203522473248306	0.546823515159986	0.29829090064887	0.550417660755181	0.347642848230491	3.74367058835752	1.48909340256089	1.12322852108153
2.53999999999999	70	8	3.47025495750708	0.203522473248306	0.546823515159986	0.29829090064887	0.550417660755181	0.354101676878017	3.74367058835752	1.48909340256089	1.12322852108153
2.54999999999999	70	8	3.47025495750708	0.203522473248306	0.546823515159986	0.29829090064887	0.550417660755181	0.34764284823049	3.74367058835752	1.48909340256089	1.12322852108153
2.55999999999999	70	8	3.47025495750708	0.203522473248306	0.546823515159986	0.29829090064887	0.550417660755181	0.354101676878018	3.74367058835752	1.48909340256089	1.12322852108153
2.56999999999999	70	8	3.47025495750708	0.203522473248306	0.546823515159986	0.29829090064887	0.550417660755181	0.354101676878018	3.74367058835752	1.48909340256089	1.12322852108153
2.57999999999999	70	8	3.47025495750708	0.203522473248306	0.546823515159986	0.29829090064887	0.550417660755181	0.347642848230491	3.74367058835752	1.48909340256089	1.12322852108153
2.58999999999999	70	8	3.47025495750708	0.203522473248306	0.546823515159986	0.29829090064887	0.550417660755181	0.347642848230491	3.74367058835752	1.48909340256089	1.12322852108153
2.59999999999999	70	8	3.47025495750708	0.203522473248306	0.546823515159986	0.29829090064887	0.550417660755181	0.347642848230491	3.74367058835752	1.48909340256089	1.12322852108153
2.60999999999999	70	8	3.47025495750708	0.203522473248306	0.546823515159986	0.29829090064887	0.550417660755181	0.34764284823049	3.74367058835752	1.48909340256089	1.12322852108153
2.61999999999999	70	8	3.47025495750708	0.203522473248306	0.546823515159986	0.29829090064887	0.550417660755181	0.347642848230491	3.74367058835752	1.48909340256089	1.12322852108153
2.62999999999999	70	8	2.85215366705471	0.193820059892759	0.54353636393356	0.29834517190145	0.559743107393514	0.354636937786281	3.70541228445034	1.59011498944156	0.996297215149428
2.63999999999999	70	8	2.85215366705471	0.193820059892759	0.54353636393356	0.29834517190145	0.559743107393514	0.348206690535308	3.70541228445034	1.59011498944156	0.996297215149428
2.64999999999999	70	8	2.85215366705471	0.193820059892759	0.54353636393356	0.29834517190145	0.559743107393514	0.348206690535308	3.70541228445034	1.59011498944156	0.996297215149428
2.65999999999999	70	8	2.85215366705471	0.193820059892759	0.54353636393356	0.29834517190145	0.559743107393514	0.354636937786281	3.70541228445034	1.59011498944156	0.996297215149427
2.66999999999999	70	8	2.85215366705471	0.193820059892759	0.54353636393356	0.29834517190145	0.559743107393514	0.348206690535308	3.70541228445034	1.59011498944156	0.996297215149428
2.67999999999999	70	8	2.85215366705471	0.193820059892759	0.54353636393356	0.29834517190145	0.559743107393514	0.348206690535307	3.70541228445034	1.59011498944156	0.996297215149428
2.68999999999999	70	8	2.85215366705471	0.193820059892759	0.54353636393356	0.29834517190145	0.559743107393514	0.35463693778628	3.70541228445034	1.59011498944156	0.996297215149428
2.69999999999999	70	8	3.08953341740227	0.225027703315023	0.572393534214648	0.323994006682247	0.578213639045609	0.325945137368994	3.72537796343605	1.60085912101573	1.08632230555824
2.70999999999999	70	8	3.08953341740227	0.225027703315023	0.572393534214648	0.323994006682247	0.578213639045609	0.332403966016521	3.72537796343604	1.60085912101573	1.08632230555824
2.71999999999999	70	8	3.08953341740227	0.225027703315023	0.572393534214648	0.323994006682247	0.578213639045609	0.325945137368994	3.72537796343605	1.60085912101573	1.08632230555824
2.72999999999999	70	8	3.08953341740227	0.225027703315023	0.572393534214648	0.323994006682247	0.578213639045609	0.325945137368994	3.72537796343604	1.60085912101573	1.08632230555824
2.73999999999999	70	8	3.08953341740227	0.225027703315023	0.572393534214648	0.323994006682247	0.578213639045609	0.325945137368994	3.72537796343605	1.60085912101573	1.08632230555824
2.74999999999999	70	8	3.08953341740227	0.225027703315023	0.572393534214648	0.323994006682247	0.578213639045609	0.332403966016521	3.72537796343605	1.60085912101573	1.08632230555824
2.75999999999999	70	8	3.08953341740227	0.225027703315023	0.572393534214648	0.323994006682247	0.578213639045609	0.332403966016521	3.72537796343605	1.60085912101573	1.08632230555824
2.76999999999998	70	8	3.08953341740227	0.225027703315023	0.572393534214648	0.323994006682247	0.578213639045609	0.325945137368994	3.72537796343604	1.60085912101573	1.08632230555824
2.77999999999998	70	8	3.08953341740227	0.225027703315023	0.572393534214648	0.323994006682247	0.578213639045609	0.332403966016521	3.72537796343605	1.60085912101573	1.08632230555824
2.78999999999998	70	8	3.08953341740227	0.225027703315023	0.572393534214648	0.323994006682247	0.578213639045608	0.325945137368994	3.72537796343605	1.60085912101573	1.08632230555824
2.79999999999998	70	8	3.08953341740227	0.225027703315023	0.572393534214648	0.323994006682247	0.578213639045609	0.332403966016521	3.72537796343604	1.60085912101573	1.08632230555824
2.80999999999998	70	7	3.07402760351317	0.257174518074312	0.627501477463727	0.365732505529628	0.623094828608952	0.203223034614113	3.71321902638922	1.90426047987512	1.08632230555824
2.81999999999998	70	7	3.07402760351317	0.257174518074312	0.627501477463727	0.365732505529628	0.623094828608952	0.219943536121897	3.71321902638922	1.90426047987512	1.08632230555824
2.82999999999998	70	7	3.07402760351317	0.257174518074312	0.627501477463727	0.365732505529628	0.623094828608952	0.203223034614113	3.71321902638922	1.90426047987512	1.08632230555824
2.83999999999998	70	7	3.07402760351317	0.257174518074312	0.627501477463727	0.365732505529628	0.623094828608952	0.212420122472137	3.71321902638922	1.90426047987512	1.08632230555824
2.84999999999998	70	7	3.07402760351317	0.257174518074312	0.627501477463727	0.365732505529628	0.623094828608952	0.212420122472137	3.71321902638922	1.90426047987512	1.08632230555824
2.85999999999998	70	7	3.07402760351317	0.257174518074312	0.627501477463727	0.365732505529628	0.623094828608952	0.211551465333968	3.71321902638922	1.90426047987512	1.08632230555824
2.86999999999998	70	7	3.07402760351317	0.257174518074312	0.627501477463727	0.365732505529628	0.623094828608952	0.212420122472137	3.71321902638922	1.90426047987512	1.08632230555824
2.87999999999998	70	7	3.07402760351317	0.257174518074312	0.627501477463727	0.365732505529628	0.623094828608952	0.212420122472137	3.71321902638922	1.90426047987512	1.08632230555824
2.88999999999998	70	6	2.99145299145299	0.277879233879608	0.657947673242691	0.382714184275814	0.655470448394357	0.159190217038533	3.76981500006287	1.97452306596277	1.13065237210754
2.89999999999998	70	6	2.88915094339623	0.288157176978182	0.671268024003358	0.387920927430732	0.659924256346571	0.15779475511628	3.77610034981123	2.00182206479468	1.10330495779933
2.90999999999998	70	6	2.88915094339623	0.288157176978182	0.671268024003358	0.387920927430732	0.659924256346571	0.15779475511628	3.77610034981123	2.00182206479468	1.10330495779933
2.91999999999998	70	6	2.88915094339623	0.288157176978182	0.671268024003358	0.387920927430732	0.659924256346571	0.15779475511628	3.77610034981123	2.00182206479468	1.10330495779933
2.92999999999998	70	6	2.88915094339623	0.288157176978182	0.671268024003358	0.387920927430732	0.659924256346571	0.167741893081958	3.77610034981123	2.00182206479468	1.10330495779933
2.93999999999998	70	5	2.42094861660079	0.400871704930636	0.781864471698483	0.387003998286466	0.683922785256092	0.192617376503036	3.87568025072023	1.80868403085079	1.00697926504942
2.94999999999998	70	5	2.42094861660079	0.400871704930636	0.781864471698483	0.387003998286466	0.683922785256092	0.204273020144243	3.87568025072023	1.80868403085079	1.00697926504942
2.95999999999998	70	5	2.42094861660079	0.400871704930636	0.781864471698484	0.387003998286466	0.683922785256092	0.192617376503037	3.87568025072023	1.80868403085079	1.00697926504942
2.96999999999998	70	5	2.42094861660079	0.400871704930636	0.781864471698484	0.387003998286466	0.683922785256092	0.192617376503036	3.87568025072023	1.80868403085079	1.00697926504942
2.97999999999998	70	5	2.42094861660079	0.400871704930636	0.781864471698484	0.387003998286466	0.683922785256092	0.204273020144243	3.87568025072023	1.80868403085079	1.00697926504942
2.98999999999998	70	5	2.42094861660079	0.400871704930636	0.781864471698484	0.387003998286466	0.683922785256092	0.192617376503037	3.87568025072023	1.80868403085079	1.00697926504942
2.99999999999998	70	5	2.42094861660079	0.400871704930636	0.781864471698484	0.387003998286466	0.683922785256092	0.204273020144243	3.87568025072023	1.80868403085079	1.00697926504942
3.00999999999998	70	5	2.42094861660079	0.400871704930636	0.781864471698483	0.387003998286466	0.683922785256092	0.204273020144243	3.87568025072023	1.80868403085079	1.00697926504942
3.01999999999998	70	4	1.94753577106518	0.421578655790461	0.806601998863231	0.413544907348543	0.733118062780894	0.106930545033785	3.79651527055486	2.02633729113489	1.00697926504942
3.02999999999998	70	4	1.94753577106518	0.421578655790461	0.806601998863231	0.413544907348543	0.733118062780894	0.0940352906835602	3.79651527055486	2.02633729113489	1.00697926504942
3.03999999999998	70	4	1.94753577106518	0.421578655790461	0.806601998863232	0.413544907348543	0.733118062780894	0.106930545033785	3.79651527055486	2.02633729113489	1.00697926504942
3.04999999999998	70	5	2.47724974721941	0.396145387744325	0.775259538248686	0.379165687769723	0.675048166126519	0.204571551518254	3.86793950053056	1.79232906632494	1.01619390265005
3.05999999999998	70	5	2.47724974721941	0.396145387744325	0.775259538248686	0.379165687769723	0.675048166126519	0.192915907877046	3.86793950053056	1.79232906632494	1.01619390265006
3.06999999999998	70	4	2.45490981963928	0.495181734680406	0.86145103929903	0.473957109712154	0.768419106542707	0.0183851719685107	3.86616794289815	2.24771350657284	1.04330325590179
3.07999999999998	70	4	2.45490981963928	0.495181734680406	0.86145103929903	0.473957109712154	0.768419106542707	0.0183851719685107	3.86616794289815	2.24771350657284	1.04330325590179
3.08999999999998	70	4	2.45490981963928	0.495181734680406	0.86145103929903	0.473957109712154	0.768419106542707	0.0155912590194703	3.86616794289815	2.24771350657284	1.04330325590179
3.09999999999998	70	4	2.45490981963928	0.495181734680406	0.86145103929903	0.473957109712154	0.768419106542707	0.0155912590194704	3.86616794289815	2.24771350657284	1.04330325590179
3.10999999999998	70	3	2.02312138728324	0.562858188900596	0.97136384401143	0.549759034090752	0.884719635769161	-0.149131573861426	3.80818761813645	2.68722498910757	1.04489494869431
3.11999999999998	70	3	2.02312138728324	0.562858188900596	0.97136384401143	0.549759034090752	0.884719635769161	-0.149131573861426	3.80818761813645	2.68722498910757	1.04489494869431
3.12999999999998	70	4	1.74129353233831	0.283518204730527	0.75975291725679	0.444294847985697	0.733816149064562	0.0671665741722506	3.83317321209524	2.52737861377419	1.18974011067688
3.13999999999998	70	4	1.74129353233831	0.283518204730527	0.75975291725679	0.444294847985697	0.733816149064562	0.0671665741722507	3.83317321209524	2.52737861377419	1.18974011067688
3.14999999999998	70	4	1.74129353233831	0.283518204730527	0.75975291725679	0.444294847985697	0.733816149064562	0.0671665741722504	3.83317321209524	2.52737861377419	1.18974011067688
3.15999999999998	70	4	1.74129353233831	0.283518204730527	0.75975291725679	0.444294847985697	0.733816149064562	0.0671665741722506	3.83317321209524	2.52737861377419	1.18974011067688
3.16999999999998	70	4	1.74129353233831	0.283518204730527	0.75975291725679	0.444294847985697	0.733816149064562	0.0671665741722507	3.83317321209524	2.52737861377419	1.18974011067688
3.17999999999998	70	4	1.80014695077149	0.35417257934118	0.797094870182311	0.460379530629211	0.746716375941398	0.0377627186899667	3.84321901805789	2.65157446758263	1.19291066591073
3.18999999999998	70	4	1.80014695077149	0.35417257934118	0.797094870182311	0.460379530629211	0.746716375941398	0.0377627186899665	3.84321901805789	2.65157446758263	1.19291066591073
3.19999999999998	70	4	1.80014695077149	0.35417257934118	0.79709487018231	0.460379530629211	0.746716375941398	0.0350603057542939	3.84321901805789	2.65157446758263	1.19291066591073
3.20999999999998	70	3	1.65205664194201	0.553929049722971	0.954116472117966	0.533858588601347	0.863433104979396	-0.157605027020611	3.84267539407662	2.79277538253082	1.05011615257353
3.21999999999998	70	3	1.65205664194201	0.553929049722971	0.954116472117966	0.533858588601347	0.863433104979396	-0.157605027020611	3.84267539407662	2.79277538253082	1.05011615257353
3.22999999999998	70	3	1.65205664194201	0.553929049722971	0.954116472117966	0.533858588601347	0.863433104979396	-0.157605027020611	3.84267539407662	2.79277538253082	1.05011615257353
3.23999999999997	70	3	1.69902912621359	0.546544762972316	0.951585450617263	0.523770833128166	0.859161031202764	-0.131027826656196	3.84961790668803	2.80349243451867	1.029980960015
3.24999999999997	70	3	1.69902912621359	0.546544762972316	0.951585450617263	0.523770833128166	0.859161031202764	-0.131027826656196	3.84961790668804	2.80349243451867	1.029980960015
3.25999999999997	70	3	1.69902912621359	0.546544762972316	0.951585450617263	0.523770833128166	0.859161031202764	-0.131027826656197	3.84961790668804	2.80349243451867	1.029980960015
3.26999999999997	70	3	1.69902912621359	0.546544762972316	0.951585450617263	0.523770833128166	0.859161031202764	-0.131027826656196	3.84961790668803	2.80349243451867	1.029980960015
3.27999999999997	70	3	1.69902912621359	0.546544762972316	0.951585450617263	0.523770833128166	0.859161031202764	-0.131027826656196	3.84961790668803	2.80349243451867	1.029980960015
3.28999999999997	70	3	1.69902912621359	0.546544762972316	0.951585450617263	0.523770833128166	0.859161031202764	-0.131027826656197	3.84961790668803	2.80349243451867	1.029980960015
3.29999999999997	70	3	1.69902912621359	0.546544762972316	0.951585450617263	0.523770833128166	0.859161031202764	-0.131027826656196	3.84961790668803	2.80349243451867	1.029980960015
3.30999999999997	70	2	1.39680729760547	0.904856684421916	1	0.798645016820975	1	-0.3968569603142	3.55867144534483	3.10523739334653	1.04750568608846
3.31999999999997	70	2	1.39680729760547	0.904856684421916	1	0.798645016820974	1	-0.3968569603142	3.55867144534483	3.10523739334653	1.04750568608846
3.32999999999997	70	2	1.39680729760547	0.904856684421916	1	0.798645016820975	1	-0.3968569603142	3.55867144534483	3.10523739334653	1.04750568608846
3.33999999999997	70	2	1.39680729760547	0.904856684421916	1	0.798645016820975	1	-0.3968569603142	3.55867144534483	3.10523739334653	1.04750568608846
3.34999999999997	70	2	1.39680729760547	0.904856684421917	1	0.798645016820975	1	-0.3968569603142	3.55867144534483	3.10523739334653	1.04750568608846
3.35999999999997	70	2	1.39680729760547	0.904856684421916	1	0.798645016820975	1	-0.3968569603142	3.55867144534483	3.10523739334653	1.04750568608846
3.36999999999997	70	2	1.39680729760547	0.904856684421916	1	0.798645016820975	1	-0.3968569603142	3.55867144534483	3.10523739334654	1.04750568608846
3.37999999999997	70	2	1.39680729760547	0.904856684421916	1	0.798645016820975	1	-0.3968569603142	3.55867144534483	3.10523739334653	1.04750568608846
3.38999999999997	70	2	1.39680729760547	0.904856684421916	1	0.798645016820975	1	-0.3968569603142	3.55867144534483	3.10523739334653	1.04750568608846
3.39999999999997	70	2	1.39680729760547	0.904856684421916	1	0.798645016820975	1	-0.3968569603142	3.55867144534483	3.10523739334653	1.04750568608846
3.40999999999997	70	2	1.39680729760547	0.904856684421916	1	0.798645016820975	1	-0.3968569603142	3.55867144534483	3.10523739334653	1.04750568608846
3.41999999999997	70	2	1.39680729760547	0.904856684421916	1	0.798645016820975	1	-0.3968569603142	3.55867144534482	3.10523739334653	1.04750568608845
3.42999999999997	70	2	1.47058823529412	0.877188101873974	1	0.798327261626592	1	-0.368488185051745	3.52549943609694	3.06745218447977	1.05101742997658
3.43999999999997	70	2	1.47058823529412	0.877188101873974	1	0.798327261626592	1	-0.368488185051745	3.52549943609694	3.06745218447976	1.05101742997658
3.44999999999997	70	2	1.47058823529412	0.877188101873974	1	0.798327261626592	1	-0.368488185051745	3.52549943609694	3.06745218447977	1.05101742997658
3.45999999999997	70	2	1.47058823529412	0.877188101873974	1	0.798327261626592	1	-0.368488185051745	3.52549943609694	3.06745218447977	1.05101742997658
3.46999999999997	70	2	1.47058823529412	0.877188101873974	1	0.798327261626592	1	-0.368488185051745	3.52549943609694	3.06745218447977	1.05101742997658
3.47999999999997	70	2	1.47058823529412	0.877188101873974	1	0.798327261626592	1	-0.368488185051745	3.52549943609693	3.06745218447977	1.05101742997658
3.48999999999997	70	2	1.47058823529412	0.877188101873974	1	0.798327261626592	1	-0.368488185051745	3.52549943609694	3.06745218447977	1.05101742997658
3.49999999999997	70	2	1.47058823529412	0.877188101873974	1	0.798327261626592	1	-0.368488185051745	3.52549943609693	3.06745218447977	1.05101742997658
3.50999999999997	70	2	1.47058823529412	0.877188101873974	1	0.798327261626592	1	-0.368488185051745	3.52549943609694	3.06745218447977	1.05101742997658
3.51999999999997	70	2	1.47058823529412	0.877188101873974	1	0.798327261626592	1	-0.368488185051745	3.52549943609694	3.06745218447977	1.05101742997658
3.52999999999997	70	2	1.47058823529412	0.877188101873974	1	0.798327261626592	1	-0.368488185051745	3.52549943609694	3.06745218447977	1.05101742997658
3.53999999999997	70	2	1.47058823529412	0.877188101873974	1	0.798327261626592	1	-0.368488185051745	3.52549943609694	3.06745218447977	1.05101742997658
3.54999999999997	70	2	1.47058823529412	0.877188101873974	1	0.798327261626592	1	-0.368488185051745	3.52549943609694	3.06745218447977	1.05101742997658
3.55999999999997	70	2	1.47058823529412	0.877188101873974	1	0.798327261626592	1	-0.368488185051745	3.52549943609694	3.06745218447977	1.05101742997658
3.56999999999997	70	2	1.47058823529412	0.877188101873975	1	0.798327261626592	1	-0.368488185051745	3.52549943609694	3.06745218447977	1.05101742997658
3.57999999999997	70	2	1.47058823529412	0.877188101873974	1	0.798327261626592	1	-0.368488185051745	3.52549943609694	3.06745218447977	1.05101742997658
3.58999999999997	70	2	1.47058823529412	0.877188101873974	1	0.798327261626592	1	-0.368488185051745	3.52549943609694	3.06745218447977	1.05101742997658
3.59999999999997	70	2	1.47058823529412	0.877188101873974	1	0.798327261626592	1	-0.368488185051745	3.52549943609694	3.06745218447977	1.05101742997658
3.60999999999997	70	2	1.47058823529412	0.877188101873974	1	0.798327261626592	1	-0.368488185051745	3.52549943609694	3.06745218447977	1.05101742997658
3.61999999999997	70	2	1.47058823529412	0.877188101873974	1	0.798327261626592	1	-0.368488185051745	3.52549943609694	3.06745218447977	1.05101742997658
3.62999999999997	70	2	1.47058823529412	0.877188101873974	1	0.798327261626592	1	-0.368488185051745	3.52549943609693	3.06745218447977	1.05101742997658
3.63999999999997	70	2	1.47058823529412	0.877188101873974	1	0.798327261626592	1	-0.368488185051745	3.52549943609694	3.06745218447977	1.05101742997658
3.64999999999997	70	2	1.47058823529412	0.877188101873974	1	0.798327261626592	1	-0.368488185051745	3.52549943609694	3.06745218447976	1.05101742997658
3.65999999999997	70	2	1.47058823529412	0.877188101873974	1	0.798327261626592	1	-0.368488185051745	3.52549943609694	3.06745218447976	1.05101742997658
3.66999999999997	70	2	1.47058823529412	0.877188101873974	1	0.798327261626592	1	-0.368488185051745	3.52549943609693	3.06745218447977	1.05101742997658
3.67999999999997	70	2	1.47058823529412	0.877188101873975	1	0.798327261626592	1	-0.368488185051745	3.52549943609694	3.06745218447977	1.05101742997658
3.68999999999997	70	2	1.43358689291984	0.872005569151625	1	0.778483173808661	1	-0.351209454695429	3.44400112394062	3.00983748938018	1.08732114038703
3.69999999999997	70	2	1.43358689291984	0.872005569151625	1	0.778483173808661	1	-0.351209454695429	3.44400112394062	3.00983748938018	1.08732114038704
3.70999999999996	70	2	1.43358689291984	0.872005569151625	1	0.778483173808661	1	-0.35120945469543	3.44400112394062	3.00983748938018	1.08732114038704
3.71999999999996	70	2	1.43358689291984	0.872005569151625	1	0.778483173808661	1	-0.351209454695429	3.44400112394062	3.00983748938018	1.08732114038703
3.72999999999996	70	2	1.43358689291984	0.872005569151625	1	0.778483173808661	1	-0.35120945469543	3.44400112394062	3.00983748938018	1.08732114038703
3.73999999999996	70	2	1.47058823529412	0.877188101873975	1	0.798327261626592	1	-0.368488185051745	3.52549943609694	3.06745218447977	1.05101742997658
3.74999999999996	70	2	1.47058823529412	0.877188101873974	1	0.798327261626592	1	-0.368488185051745	3.52549943609693	3.06745218447977	1.05101742997658
3.75999999999996	70	1	1	1	0	1	0	-0.999999999999998	0	3.04400197773914	0.32851489825336
