#dist_cut	num_seqs	num_clusters	num_clusters(recip_simpson_index)	avg_intra_clust_phylo_dist_phylum(norm_shannon_index)	avg_inter_clust_phylo_dist_phylum(norm_shannon_index)	avg_intra_clust_phylo_dist_order(norm_shannon_index)	avg_inter_clust_phylo_dist_order(norm_shannon_index)	avg_silhouette_width	avg_inter_clust_dist	avg_intra_clust_dist	dunn_index
0	145	145	145	0	0.321129677819099	0	0.205571432721231	1	3.52877906094829	0	0.02735096
0.01	145	145	145	0	0.321129677819099	0	0.205571432721231	1	3.52877906094829	0	0.02735096
0.02	145	145	145	0	0.321129677819099	0	0.205571432721231	1	3.52877906094829	0	0.02735096
0.03	145	144	143.027210884354	0	0.319091070984431	0	0.205534111598208	0.986111111111111	3.53981196706682	0.000189937222222222	2.79487301359806
0.04	145	144	143.027210884354	0	0.319091070984431	0	0.205534111598208	0.986111111111111	3.53981196706681	0.000189937222222222	2.79487301359806
0.05	145	144	143.027210884354	0	0.319091070984431	0	0.205534111598208	0.986111111111111	3.53981196706684	0.000189937222222222	2.79487301359806
0.06	145	144	143.027210884354	0	0.319091070984431	0	0.205534111598208	0.986111111111111	3.53981196706682	0.000189937222222222	2.79487301359806
0.07	145	144	143.027210884354	0	0.319091070984431	0	0.205534111598208	0.986111111111111	3.53981196706683	0.000189937222222222	2.79487301359806
0.08	145	143	141.107382550336	0	0.32031548411256	0	0.205343309277751	0.985902482895645	3.54885880516103	0.000725828111888112	1.20770014465783
0.09	145	143	141.107382550336	0	0.32031548411256	0	0.205343309277751	0.985702351224523	3.54885880516105	0.000725828111888112	1.20770014465783
0.1	145	140	135.645161290323	0	0.317299033375787	0	0.204590267017283	0.983337675221316	3.56873369494964	0.00273434157142857	1.07075971597137
0.11	145	138	132.232704402516	0	0.31987113739432	0	0.204130164237694	0.982802101733188	3.59272132312545	0.00422819050724638	1.14912737257439
0.12	145	136	128.98773006135	0	0.322457966103551	0	0.203545441634843	0.981171739175231	3.61795844331972	0.00600050139705882	1.22603907583558
0.13	145	136	128.98773006135	0	0.322457966103551	0	0.203545441634843	0.981334083186807	3.61795844331972	0.00600050139705882	1.22603907583558
0.14	145	136	128.98773006135	0	0.322457966103551	0	0.203545441634843	0.981104889291977	3.61795844331971	0.00600050139705882	1.22603907583558
0.15	145	135	127.424242424242	0	0.32375624791063	0	0.203263360021139	0.981292195544817	3.62829908150137	0.00710648651851852	1.08717869526568
0.16	145	132	121.531791907514	0	0.320662327241564	0	0.202846048857486	0.976788316125479	3.65355830430643	0.00994593787878788	1.16804610561362
0.17	145	132	121.531791907514	0	0.320662327241564	0	0.202846048857486	0.977448857510259	3.65355830430642	0.00994593787878788	1.16804610561362
0.18	145	132	121.531791907514	0	0.320662327241564	0	0.202846048857486	0.975105792143887	3.65355830430642	0.00994593787878788	1.16804610561362
0.19	145	130	118.785310734463	0	0.32339751088092	0	0.202312756816766	0.972604975683978	3.6765265422731	0.0129530392307692	1.0223429032134
0.2	145	127	114.890710382514	0	0.32297904681272	0	0.20161312023522	0.970339613855409	3.69210754840395	0.0178479039370079	1.13790802119983
0.21	145	127	114.890710382514	0	0.32297904681272	0	0.20161312023522	0.971942186447313	3.69210754840396	0.0178479039370079	1.13790802119983
0.22	145	127	114.890710382514	0	0.32297904681272	0	0.20161312023522	0.968409473574297	3.69210754840395	0.0178479039370079	1.13790802119983
0.23	145	123	107.820512820513	0	0.324685334619013	0.00160437436505094	0.202887610600941	0.972489629180888	3.71386788137676	0.0233223701355014	1.10668376846068
0.24	145	123	107.820512820513	0	0.324685334619013	0.00160437436505094	0.202887610600941	0.969475558602322	3.71386788137678	0.0233223701355014	1.10668376846068
0.25	145	122	103.571428571429	0	0.325903550492908	0.00161752497460054	0.202449756192411	0.973475408015716	3.7265270226619	0.0228635793579235	1.04674387760616
0.26	145	121	102.560975609756	0	0.323703199456212	0.00163089294959724	0.202406415224667	0.974013352316775	3.73681758709847	0.0251328596831956	1.13534150772841
0.27	145	120	98.7089201877934	0	0.325137284133296	0.00164448372417721	0.202105872011587	0.973344368027895	3.74944870068304	0.0255849038888889	1.06007816139485
0.28	145	120	98.7089201877934	0	0.325137284133296	0.00164448372417721	0.202105872011587	0.973532915453687	3.74944870068306	0.0255849038888889	1.06007816139485
0.29	145	118	96.0045662100457	0	0.323158009111222	0.00167235632967174	0.201510416586701	0.967956041190893	3.75647005534304	0.0292559387570621	1.12888762674867
0.3	145	117	91.8122270742358	0	0.324651996736606	0.00168664997351509	0.201206791563245	0.968766476953864	3.76873621281708	0.0296966360740741	1.11004999565988
0.31	145	116	89.468085106383	0	0.326047049804984	0.00340238011898734	0.203022535344617	0.963907121721082	3.78197966761207	0.0310863884109195	1.0474098155683
0.32	145	115	85.1214574898786	0	0.32348443959918	0.00353035989617099	0.203260438595835	0.970047530193374	3.78437723078591	0.0302891425536232	1.16167240202457
0.33	145	115	81.8093385214008	0	0.32351775584372	0.00353035989617099	0.203288670634804	0.970968881093472	3.78476557224921	0.0298581561668737	1.06372065859586
0.34	145	114	77.5830258302583	0	0.325109611063292	0.00356132796543565	0.203017074747801	0.970177971459522	3.7954659057755	0.030184109654553	1.03990494001226
0.35	145	112	75.9025270758123	0	0.322772474101713	0.00554363686199299	0.204718802299034	0.967371612004525	3.80754692351218	0.0344809185471939	0.936609524645357
0.36	145	111	74.2932862190813	0	0.324206964356272	0.00671975848979526	0.206183678554571	0.964205076032704	3.81921950252307	0.0353799855311025	0.936609524645357
0.37	145	110	63.5196374622357	0	0.326220237280877	0.00843232433574003	0.209292865808123	0.96941526728378	3.8340012148714	0.0350387155424242	1.00130999519267
0.38	145	107	53.2278481012658	0	0.33094919859898	0.00965149833296574	0.210481422603689	0.967023287601668	3.85665983386473	0.0352406472216631	0.983178409606681
0.39	145	107	53.2278481012658	0	0.33094919859898	0.00965149833296574	0.21048142260369	0.967326302014297	3.85665983386473	0.0352406472216631	0.98317840960668
0.4	145	105	52.431421446384	0	0.330008591108197	0.0098353363964508	0.210225465952417	0.965057847524936	3.87896816953723	0.0411809395814408	1.14069616568722
0.41	145	105	52.431421446384	0	0.330008591108197	0.0098353363964508	0.210225465952417	0.963397437740745	3.87896816953723	0.0411809395814408	1.14069616568722
0.42	145	105	52.431421446384	0	0.330008591108197	0.0098353363964508	0.210225465952417	0.962680106047915	3.87896816953723	0.0411809395814408	1.14069616568722
0.43	145	104	51.6584766584767	0	0.325989765301126	0.00992990693872436	0.209920304719103	0.958702667680313	3.87009957171658	0.0421636408113905	1.08051714765895
0.44	145	104	51.6584766584767	0	0.325989765301126	0.00992990693872436	0.209920304719103	0.962988546002801	3.87009957171659	0.0421636408113905	1.08051714765895
0.45	145	104	51.6584766584767	0	0.325989765301126	0.00992990693872436	0.209920304719103	0.960827898147996	3.87009957171659	0.0421636408113905	1.08051714765895
0.46	145	103	51.4058679706601	0	0.32357629564547	0.0100263138022071	0.209824107251021	0.957477536788223	3.88084100669422	0.0470110675182972	1.03110233473911
0.47	145	103	51.4058679706601	0	0.32357629564547	0.0100263138022071	0.209824107251022	0.956926765176528	3.88084100669421	0.0470110675182972	1.03110233473911
0.48	145	101	49.9406175771971	0	0.326649500939839	0.0115161252172401	0.211387545050328	0.955522306595486	3.91386887663211	0.0498956755153592	1.03110233473911
0.49	145	101	49.9406175771971	0	0.326649500939839	0.0115161252172401	0.211387545050328	0.958169829899804	3.91386887663211	0.0498956755153592	1.03110233473911
0.5	145	101	49.9406175771971	0	0.326649500939839	0.0115161252172401	0.211387545050328	0.958526954547526	3.91386887663211	0.0498956755153592	1.03110233473911
0.51	145	100	48.5565819861432	0	0.323782491278647	0.0116312864694125	0.211249242309699	0.959188675622464	3.92628034718347	0.0488703633971795	1.03110233473911
0.52	145	98	48.1121281464531	0	0.321452795807564	0.0140614753818857	0.213430213776446	0.954452725571643	3.94659950284998	0.0603623290787546	0.911989067249461
0.53	145	97	47.6757369614512	0	0.322986349453601	0.0142064390456165	0.213137195272743	0.956860078692959	3.95662209800951	0.0615161746019033	0.963998980235307
0.54	145	96	45.6073752711497	0	0.324649534414307	0.0153131361870611	0.214741831692297	0.955308164110401	3.96793588599146	0.0606721583819826	1.01955308440799
0.55	145	96	45.6073752711497	0	0.324649534414307	0.0153131361870611	0.214741831692296	0.951808793725465	3.96793588599146	0.0606721583819826	1.01955308440799
0.56	145	94	44.8294243070362	0	0.327687139348997	0.0169762461776377	0.216376005902363	0.94064207534103	4.00417805718595	0.0647016104042943	1.05052875269852
0.57	145	94	44.8294243070362	0	0.327687139348997	0.0169762461776377	0.216376005902363	0.947500082152195	4.00417805718594	0.0647016104042943	1.05052875269852
0.58	145	93	44.2631578947368	0	0.329233237985232	0.0181178173595851	0.217913469342439	0.943573767902928	4.02121155170232	0.0657430415735161	1.03943500650779
0.59	145	93	44.2631578947368	0	0.329233237985232	0.0181178173595851	0.217913469342439	0.945750094501335	4.02121155170232	0.0657430415735161	1.03943500650779
0.6	145	92	41.4694280078895	0	0.327061081581342	0.021645451592237	0.222722698472913	0.943250666962654	4.03002641509041	0.0701068354075091	1.05093574514463
0.61	145	91	40.2007648183556	0	0.328650252363857	0.0212967875035487	0.223111509751463	0.951989990418297	4.04924805473185	0.0649891454303023	1.10011463612376
0.62	145	90	36.3126079447323	0	0.330706822508973	0.0219394806370593	0.224023423633433	0.952905370514038	4.0661316250993	0.0642578653078042	1.10011463612376
0.63	145	89	36.1876075731497	0	0.332485240654392	0.0221859916554533	0.223935632309284	0.944618720706206	4.07486973227144	0.0719979104236222	1.11560907221295
0.64	145	89	34.8673300165838	0	0.332711731010672	0.0228821395988426	0.225074327773022	0.952148694176948	4.07499367068066	0.072630699565008	1.11560907221295
0.65	145	87	33.64	0	0.335846495520213	0.0240578787392894	0.225870101490208	0.944460765911833	4.10393479490459	0.0700172392638205	1.04564006271853
0.66	145	87	26.7834394904459	0	0.337417510311757	0.0191753483297896	0.220058332656832	0.953584386638294	4.10101614866878	0.0635074760125889	1.08359149590276
0.67	145	87	26.7834394904459	0	0.337417510311757	0.0191753483297896	0.220058332656832	0.955290694649249	4.10101614866878	0.0635074760125889	1.08359149590276
0.68	145	87	26.7834394904459	0	0.337417510311757	0.0191753483297897	0.220058332656832	0.954692759929381	4.10101614866879	0.063507476012589	1.08359149590276
0.69	145	85	26.1180124223602	0.00573913512964509	0.337517601402399	0.0219481570775643	0.222643555453983	0.95363989994095	4.10479177339027	0.068245420605042	1.1394800170873
0.7	145	85	26.1180124223602	0.00573913512964509	0.337517601402399	0.0219481570775643	0.222643555453983	0.95078302561883	4.10479177339028	0.068245420605042	1.1394800170873
0.71	145	84	25.924784217016	0.00632416913105386	0.335479075234672	0.0224184672044673	0.222947791586482	0.953051600834096	4.1085002630694	0.0711621432908164	1.03617507931941
0.72	145	83	24.5906432748538	0.00640036393986174	0.337598749318129	0.023063144735927	0.223621292862001	0.952814079721298	4.13051687093063	0.0723180912732012	1.03617507931941
0.73	145	83	24.5906432748538	0.00640036393986174	0.337598749318129	0.023063144735927	0.223621292862001	0.948269387669723	4.13051687093062	0.0723180912732012	1.03617507931941
0.74	145	82	24.5332555425904	0.00647841715864054	0.335066918983542	0.0259650847995792	0.226678893673699	0.948272724228854	4.15401855503587	0.0821360687277524	1.03185395696352
0.75	145	82	24.5332555425904	0.00647841715864054	0.335066918983542	0.0259650847995792	0.226678893673699	0.939099226737369	4.15401855503587	0.0821360687277524	1.03185395696352
0.76	145	80	24.2502883506344	0.00664037758760656	0.326811708910034	0.0261072673578915	0.226311809132222	0.941570897060388	4.1857938192068	0.0925229014876129	1.06904105350259
0.77	145	80	24.2502883506344	0.00664037758760656	0.326811708910034	0.0261072673578915	0.226311809132222	0.942069751902084	4.18579381920681	0.0925229014876129	1.06904105350259
0.78	145	80	24.2502883506344	0.00664037758760656	0.326811708910034	0.0261072673578915	0.226311809132222	0.941691657774675	4.1857938192068	0.0925229014876129	1.06904105350259
0.79	145	80	24.2502883506344	0.00664037758760656	0.326811708910034	0.0261072673578915	0.226311809132222	0.945957976856864	4.1857938192068	0.0925229014876129	1.06904105350259
0.8	145	80	24.2502883506344	0.00664037758760656	0.326811708910034	0.0261072673578915	0.226311809132222	0.941691657774674	4.1857938192068	0.0925229014876129	1.06904105350259
0.81	145	79	25.0595947556615	0.00672443300010791	0.323529623443483	0.0268596814048151	0.227067057446277	0.939305438431102	4.19263221976282	0.104987790388377	1.07325846095638
0.820000000000001	145	79	25.0595947556615	0.00672443300010791	0.323529623443483	0.0268596814048151	0.227067057446277	0.940444895707794	4.19263221976281	0.104987790388377	1.07325846095638
0.830000000000001	145	79	25.0595947556615	0.00672443300010791	0.323529623443483	0.0268596814048151	0.227067057446277	0.938661913103571	4.19263221976281	0.104987790388377	1.07325846095638
0.840000000000001	145	79	25.0595947556615	0.00672443300010791	0.323529623443483	0.0268596814048151	0.227067057446277	0.938576906103407	4.19263221976282	0.104987790388377	1.07325846095638
0.850000000000001	145	79	25.0595947556615	0.00672443300010791	0.323529623443483	0.0268596814048151	0.227067057446277	0.939806480902919	4.19263221976281	0.104987790388377	1.07325846095638
0.860000000000001	145	78	21.6529351184346	0.00681064367959647	0.326353970343349	0.0239578993733805	0.223911424380026	0.938863159233213	4.21489990123505	0.102050291082234	1.07325846095638
0.870000000000001	145	77	20.8374628344896	0.00689909359751331	0.328777056416995	0.0273535224715493	0.227761562531656	0.936628872402948	4.20445203476438	0.115107352820503	1.05550837794809
0.880000000000001	145	77	20.8374628344896	0.00689909359751331	0.328777056416995	0.0273535224715493	0.227761562531656	0.934465185319907	4.20445203476438	0.115107352820503	1.05550837794809
0.890000000000001	145	77	20.8374628344896	0.00689909359751331	0.328777056416995	0.0273535224715493	0.227761562531656	0.933862347438206	4.20445203476438	0.115107352820503	1.05550837794809
0.900000000000001	145	76	19.8912015137181	0.00698987114484901	0.326778051470086	0.0261883194754398	0.22668360997676	0.937445286302279	4.22290836165902	0.112933973413171	1.00293727121768
0.910000000000001	145	76	19.8912015137181	0.00698987114484901	0.326778051470086	0.0261883194754398	0.22668360997676	0.937654825746434	4.22290836165902	0.112933973413171	1.00293727121768
0.920000000000001	145	75	19.8536355051936	0.00708306942678033	0.323252292039123	0.0265374970684457	0.226608096225171	0.935099754931802	4.20936364264258	0.126648666525346	1.02134261334052
0.930000000000001	145	75	19.8536355051936	0.00708306942678033	0.323252292039123	0.0265374970684457	0.226608096225171	0.934735803336036	4.20936364264259	0.126648666525346	1.02134261334052
0.940000000000001	145	75	19.8536355051936	0.00708306942678033	0.323252292039123	0.0265374970684457	0.226608096225171	0.934545782347624	4.20936364264259	0.126648666525346	1.02134261334052
0.950000000000001	145	74	19.8162111215834	0.0143575731623926	0.329307052749842	0.0298001110894186	0.230238599627052	0.925759903073232	4.21049806797783	0.141127530532446	0.989863843408595
0.960000000000001	145	73	18.1093884582257	0.0145542522468089	0.332622672188815	0.0306407618802257	0.232620120858166	0.92881569929066	4.2203794689209	0.139602814202492	1.07638524807812
0.970000000000001	145	72	12.3603762492651	0.0209677462090539	0.346855958296786	0.0290608668365679	0.232454883203311	0.934173697505864	4.23712471016645	0.133316312103797	0.892913050386065
0.980000000000001	145	72	12.3603762492651	0.0209677462090539	0.346855958296786	0.0290608668365679	0.232454883203311	0.934173697505865	4.23712471016645	0.133316312103797	0.892913050386066
0.990000000000001	145	72	11.980056980057	0.0208911767400242	0.346874698231183	0.0294563913674685	0.233176036622542	0.936487861295407	4.23684183394616	0.133360663291372	0.87903702662943
1	145	72	11.980056980057	0.0208911767400242	0.346874698231183	0.0294563913674685	0.233176036622542	0.930785085259371	4.23684183394615	0.133360663291372	0.87903702662943
1.01	145	72	11.980056980057	0.0208911767400242	0.346874698231183	0.0294563913674685	0.233176036622542	0.932658059166301	4.23684183394615	0.133360663291372	0.87903702662943
1.02	145	71	11.9664200341491	0.0211854186659401	0.343082102758796	0.0328979735062153	0.236761362021639	0.929682296160871	4.24879105574105	0.149562293478575	0.971379921464145
1.03	145	71	11.9664200341491	0.0211854186659401	0.343082102758796	0.0328979735062153	0.236761362021639	0.930567468882217	4.24879105574104	0.149562293478575	0.971379921464145
1.04	145	71	11.9664200341491	0.0211854186659401	0.343082102758796	0.0328979735062153	0.236761362021639	0.932585482207552	4.24879105574105	0.149562293478575	0.971379921464144
1.05	145	71	11.9664200341491	0.0211854186659401	0.343082102758796	0.0328979735062153	0.236761362021639	0.931950218582498	4.24879105574105	0.149562293478575	0.971379921464144
1.06	145	71	11.9664200341491	0.0211854186659401	0.343082102758796	0.0328979735062153	0.236761362021639	0.929320010864091	4.24879105574105	0.149562293478575	0.971379921464145
1.07	145	71	11.9664200341491	0.0211854186659401	0.343082102758796	0.0328979735062153	0.236761362021639	0.930849311702066	4.24879105574106	0.149562293478575	0.971379921464144
1.08	145	71	11.9664200341491	0.0211854186659401	0.343082102758796	0.0328979735062153	0.236761362021639	0.925279215025209	4.24879105574105	0.149562293478575	0.971379921464145
1.09	145	71	11.9664200341491	0.0211854186659401	0.343082102758796	0.0328979735062153	0.236761362021639	0.931110799914436	4.24879105574104	0.149562293478575	0.971379921464144
1.1	145	70	11.9121813031161	0.0214880675040249	0.338462095350106	0.0333679445563041	0.236566401430194	0.924629146152594	4.26580229850896	0.15584784398065	1.01708470450579
1.11	145	70	11.9121813031161	0.0214880675040249	0.338462095350106	0.0333679445563041	0.236566401430194	0.927712066553493	4.26580229850897	0.15584784398065	1.0170847045058
1.12	145	69	8.32673267326733	0.0210820237143434	0.343057216050119	0.0266522666845716	0.227434450742384	0.934498511259448	4.27908750279359	0.145954440235918	0.998669713796613
1.13	145	68	6.7800709448565	0.0210249187418292	0.347527821098204	0.0273751991362685	0.230296225787193	0.938584727852074	4.29534808125728	0.143752832068258	0.956506270924796
1.14	145	68	6.7800709448565	0.0210249187418292	0.347527821098204	0.0273751991362685	0.230296225787193	0.936395391077599	4.29534808125729	0.143752832068257	0.956506270924796
1.15	145	68	6.7800709448565	0.0210249187418292	0.347527821098204	0.0273751991362685	0.230296225787193	0.939498895199005	4.29534808125727	0.143752832068258	0.956506270924796
1.16	145	68	6.7800709448565	0.0210249187418292	0.347527821098204	0.0273751991362685	0.230296225787193	0.938773594908513	4.29534808125728	0.143752832068258	0.956506270924795
1.17	145	68	6.7800709448565	0.0210249187418292	0.347527821098204	0.0273751991362685	0.230296225787193	0.936168314776505	4.29534808125728	0.143752832068257	0.956506270924796
1.18	145	66	6.76697779208239	0.0216620374915816	0.345992068835091	0.0282047506252463	0.230386166789446	0.931001397538454	4.32484839155538	0.170153886676387	0.996207270125673
1.19	145	66	6.76697779208239	0.0216620374915816	0.345992068835091	0.0282047506252463	0.230386166789446	0.930573297808786	4.32484839155537	0.170153886676387	0.996207270125674
1.2	145	66	6.76697779208239	0.0216620374915816	0.345992068835091	0.0282047506252463	0.230386166789446	0.931985379871566	4.32484839155538	0.170153886676387	0.996207270125673
1.21	145	66	6.76697779208239	0.0216620374915816	0.345992068835091	0.0282047506252463	0.230386166789446	0.928060427781315	4.32484839155537	0.170153886676387	0.996207270125673
1.22	145	65	6.75827708132433	0.0219952996068367	0.340973253836591	0.0316746398179619	0.234220490348321	0.92635528857494	4.30826955152598	0.176924617907305	0.996207270125674
1.23	145	64	6.75393511082557	0.0223389761631935	0.344303668685698	0.035527305135173	0.238282673631618	0.924841880274758	4.30915232221322	0.198837515530857	1.04814161315749
1.24	145	64	6.75393511082557	0.0223389761631935	0.344303668685699	0.035527305135173	0.238282673631618	0.918908047896149	4.30915232221322	0.198837515530857	1.04814161315748
1.25	145	63	6.74526788578762	0.0220046151342173	0.346901843164733	0.0380865650062088	0.241426625950976	0.91625530730509	4.30645620490507	0.20606036704722	1.04814161315748
1.26	145	63	6.74526788578762	0.0220046151342173	0.346901843164734	0.0380865650062088	0.241426625950976	0.913647148762237	4.30645620490508	0.20606036704722	1.04814161315748
1.27	145	63	6.74526788578762	0.0220046151342173	0.346901843164733	0.0380865650062088	0.241426625950976	0.917782313040597	4.30645620490508	0.20606036704722	1.04814161315748
1.28	145	63	6.74526788578762	0.0220046151342173	0.346901843164733	0.0380865650062088	0.241426625950976	0.912222114153377	4.30645620490508	0.20606036704722	1.04814161315748
1.29	145	62	6.74094260981084	0.0223595282815434	0.341966641359729	0.0421669279979791	0.245593467606705	0.910545962009065	4.31931320310017	0.230180513612498	1.09593405431684
1.3	145	62	6.74094260981084	0.0223595282815434	0.341966641359729	0.0421669279979791	0.245593467606705	0.911208338048062	4.31931320310017	0.230180513612497	1.09593405431684
1.31	145	62	6.74094260981084	0.0223595282815434	0.341966641359729	0.0421669279979791	0.245593467606705	0.909920029860128	4.31931320310017	0.230180513612498	1.09593405431684
1.32	145	62	6.74094260981084	0.0223595282815434	0.341966641359729	0.0421669279979791	0.245593467606705	0.913438777730063	4.31931320310018	0.230180513612498	1.09593405431684
1.33	145	61	6.72369683402622	0.0227260779255031	0.337006324973852	0.0428581891127001	0.245732833341528	0.912036311853171	4.34254916416786	0.237705710464068	1.13435476773831
1.34	145	61	6.72369683402622	0.0227260779255031	0.337006324973852	0.0428581891127001	0.245732833341528	0.912436178266541	4.34254916416787	0.237705710464068	1.13435476773831
1.35	145	61	6.72369683402622	0.0227260779255031	0.337006324973852	0.0428581891127001	0.245732833341528	0.910048381535646	4.34254916416787	0.237705710464068	1.13435476773831
1.36	145	60	6.49922720247295	0.0233761117386773	0.333070741687172	0.0438016764814341	0.246470251693058	0.904263001384755	4.36618826772206	0.241974944697811	1.13435476773831
1.37	145	60	6.49922720247295	0.0233761117386773	0.333070741687172	0.0438016764814341	0.246470251693058	0.908832012723676	4.36618826772207	0.241974944697811	1.13435476773831
1.38	145	59	6.47919876733436	0.0237723170223837	0.327221879753667	0.0445440777777295	0.24656739732756	0.903757274241865	4.38372888319939	0.248295559444102	1.1486970275341
1.39	145	59	6.47919876733436	0.0237723170223837	0.327221879753667	0.0445440777777295	0.24656739732756	0.904913991107351	4.38372888319938	0.248295559444102	1.1486970275341
1.4	145	58	6.26676602086438	0.0244355920123262	0.322178003550297	0.0454101093492549	0.247138473542342	0.892864544618963	4.39512533819602	0.252949916545044	1.1486970275341
1.41	145	58	6.26676602086438	0.0244355920123262	0.322178003550297	0.0454101093492549	0.247138473542342	0.900108033351485	4.39512533819602	0.252949916545044	1.1486970275341
1.42	145	58	6.26676602086438	0.0244355920123262	0.322178003550297	0.045410109349255	0.247138473542342	0.901410888771837	4.39512533819602	0.252949916545044	1.1486970275341
1.43	145	58	6.26676602086438	0.0244355920123262	0.322178003550297	0.045410109349255	0.247138473542342	0.905960332388175	4.39512533819602	0.252949916545044	1.1486970275341
1.44	145	58	6.26676602086438	0.0244355920123262	0.322178003550297	0.045410109349255	0.247138473542342	0.900135124849308	4.39512533819602	0.252949916545044	1.1486970275341
1.45	145	58	6.26676602086438	0.0244355920123262	0.322178003550297	0.0454101093492549	0.247138473542342	0.891228051226762	4.39512533819602	0.252949916545044	1.1486970275341
1.46	145	58	6.26676602086438	0.0244355920123262	0.322178003550297	0.0454101093492549	0.247138473542342	0.900293335787568	4.39512533819602	0.252949916545044	1.1486970275341
1.47	145	58	6.26676602086438	0.0244355920123262	0.322178003550297	0.045410109349255	0.247138473542342	0.903979168492645	4.39512533819602	0.252949916545044	1.1486970275341
1.48	145	57	6.25930336409646	0.0248642866090337	0.315003459469821	0.0458987447135878	0.2472276197922	0.902266956060648	4.40944541322682	0.260102251806068	1.02561769634897
1.49	145	57	6.25930336409646	0.0248642866090337	0.315003459469821	0.0458987447135878	0.2472276197922	0.905678810911886	4.40944541322682	0.260102251806068	1.02561769634897
1.5	145	56	6.2481426448737	0.0253082917270521	0.307176741858258	0.0470318989688712	0.247996273191334	0.897732775767968	4.42212052528429	0.265756658653796	0.986972817933568
1.51	145	56	6.2481426448737	0.0253082917270521	0.307176741858258	0.0470318989688712	0.247996273191334	0.902459445187776	4.42212052528428	0.265756658653796	0.986972817933568
1.52	145	53	6.23702165529517	0.0267408365417909	0.320052008787216	0.0578033627023375	0.258559584191414	0.875247057086359	4.43894119579187	0.366547221407784	0.976741764283888
1.53	145	52	6.19293078055965	0.0258567278465262	0.321734478213855	0.0583492959437146	0.258903126028564	0.875774883340584	4.45395559329441	0.378494280551157	0.976741764283888
1.54	145	52	6.19293078055965	0.0258567278465262	0.321734478213855	0.0583492959437146	0.258903126028564	0.876310600352566	4.45395559329441	0.378494280551157	0.976741764283888
1.55	145	52	6.1783720246841	0.0324973344929192	0.331412622562501	0.0603668271509412	0.262138334909042	0.87147970376169	4.45171943526399	0.376956615435773	0.823965327047719
1.56	145	51	6.15666178623719	0.03535422679083	0.327356017273041	0.0619613579426473	0.263402678439749	0.877475675435187	4.46364623129328	0.387415714018547	1.08634069316835
1.57	145	51	6.15666178623719	0.03535422679083	0.327356017273041	0.0619613579426473	0.263402678439749	0.867227964739302	4.46364623129328	0.387415714018547	1.08634069316835
1.58	145	51	6.15666178623719	0.03535422679083	0.32735601727304	0.0619613579426473	0.263402678439749	0.872755946037624	4.46364623129328	0.387415714018547	1.08634069316835
1.59	145	51	6.15666178623719	0.03535422679083	0.327356017273041	0.0619613579426473	0.263402678439749	0.86674979562637	4.46364623129328	0.387415714018547	1.08634069316835
1.6	145	51	6.15666178623719	0.03535422679083	0.327356017273041	0.0619613579426473	0.263402678439749	0.866701083161021	4.46364623129328	0.387415714018547	1.08634069316835
1.61	145	51	6.15666178623719	0.03535422679083	0.327356017273041	0.0619613579426473	0.263402678439749	0.86670890421019	4.46364623129328	0.387415714018547	1.08634069316835
1.62	145	51	6.15666178623719	0.03535422679083	0.327356017273041	0.0619613579426473	0.263402678439749	0.867762345899283	4.46364623129328	0.387415714018547	1.08634069316835
1.63	145	51	6.15666178623719	0.03535422679083	0.327356017273041	0.0619613579426473	0.263402678439749	0.877101062471772	4.46364623129328	0.387415714018547	1.08634069316835
1.64	145	50	6.1494589061129	0.0458178410470432	0.334886682261741	0.0657147064363019	0.267609696846234	0.862278329699255	4.46886509639373	0.397545944032251	1.00819169199067
1.65	145	49	6.14586378251973	0.0467528990275951	0.3399709740872	0.0670558228941856	0.270021625911209	0.852932531680363	4.46200071444363	0.43927772268597	1.08620021471231
1.66	145	48	5.13681895919863	0.0490499280319445	0.341840315527781	0.0683991633441051	0.273716084752172	0.850634807589812	4.48580663335217	0.426239856709799	1.08620021471231
1.67	145	48	5.13681895919863	0.0490499280319445	0.341840315527781	0.0683991633441051	0.273716084752172	0.858713996538085	4.48580663335217	0.426239856709799	1.08620021471231
1.68	145	48	5.13681895919863	0.0490499280319446	0.341840315527781	0.0683991633441051	0.273716084752172	0.850159500414511	4.48580663335216	0.426239856709799	1.08620021471231
1.69	145	48	5.13681895919863	0.0490499280319445	0.341840315527781	0.0683991633441051	0.273716084752172	0.857983061852404	4.48580663335216	0.426239856709799	1.08620021471231
1.7	145	48	5.13681895919863	0.0490499280319445	0.341840315527781	0.0683991633441051	0.273716084752172	0.857309433966527	4.48580663335217	0.426239856709799	1.08620021471231
1.71	145	48	5.13681895919863	0.0490499280319446	0.341840315527781	0.0683991633441051	0.273716084752172	0.861314123838414	4.48580663335217	0.426239856709799	1.08620021471231
1.72	145	47	5.13180375884794	0.0500935435219859	0.346674538807513	0.0698544646918521	0.275850174905347	0.844481274000899	4.47965501907235	0.438140331320645	1.05953338057457
1.73	145	47	5.13180375884794	0.0500935435219859	0.346674538807514	0.0698544646918521	0.275850174905347	0.849646520866256	4.47965501907235	0.438140331320645	1.05953338057457
1.74	145	47	5.13180375884794	0.0500935435219859	0.346674538807514	0.0698544646918521	0.275850174905347	0.849503561507661	4.47965501907235	0.438140331320645	1.05953338057457
1.75	145	47	5.13180375884794	0.0500935435219859	0.346674538807513	0.0698544646918521	0.275850174905347	0.858820068312992	4.47965501907235	0.438140331320645	1.05953338057457
1.76	145	47	5.13180375884794	0.0500935435219859	0.346674538807513	0.0698544646918521	0.275850174905347	0.855495093149417	4.47965501907235	0.438140331320645	1.05953338057457
1.77	145	46	5.11432741425444	0.0505838320264844	0.350989008061268	0.0711308502116	0.27648001996943	0.840453018048778	4.4761208371808	0.453039014806912	1.05953338057457
1.78	145	46	5.11432741425444	0.0505838320264844	0.350989008061268	0.0711308502116	0.276480019969431	0.847888287391874	4.4761208371808	0.453039014806912	1.05953338057457
1.79	145	46	5.11432741425444	0.0505838320264844	0.350989008061268	0.0711308502116	0.276480019969431	0.855745654554536	4.47612083718079	0.453039014806912	1.05953338057457
1.8	145	46	5.11432741425444	0.0505838320264844	0.350989008061268	0.0711308502116	0.27648001996943	0.851426804992877	4.4761208371808	0.453039014806912	1.05953338057457
1.81	145	46	5.11432741425444	0.0505838320264844	0.350989008061268	0.0711308502116	0.276480019969431	0.845100048438561	4.47612083718079	0.453039014806912	1.05953338057457
1.82	145	46	5.11432741425444	0.0505838320264844	0.350989008061268	0.0711308502116	0.276480019969431	0.84842518373778	4.47612083718079	0.453039014806912	1.05953338057457
1.83	145	46	5.11432741425444	0.0505838320264844	0.350989008061268	0.0711308502116	0.27648001996943	0.850894264303505	4.47612083718079	0.453039014806912	1.05953338057457
1.84	145	46	5.11432741425444	0.0505838320264844	0.350989008061268	0.0711308502116	0.27648001996943	0.851309301224961	4.47612083718079	0.453039014806912	1.05953338057457
1.85	145	46	5.11432741425444	0.0505838320264844	0.350989008061268	0.0711308502116	0.27648001996943	0.843272459922476	4.47612083718079	0.453039014806912	1.05953338057457
1.86	145	46	5.11432741425444	0.0505838320264844	0.350989008061268	0.0711308502116	0.276480019969431	0.837733819819857	4.47612083718079	0.453039014806912	1.05953338057457
1.87	145	46	5.11432741425444	0.0505838320264844	0.350989008061268	0.0711308502116	0.276480019969431	0.854988878625272	4.47612083718079	0.453039014806912	1.05953338057457
1.88	145	46	5.11432741425444	0.0505838320264844	0.350989008061268	0.0711308502116	0.276480019969431	0.841332472875025	4.47612083718079	0.453039014806912	1.05953338057457
1.89	145	46	5.11432741425444	0.0505838320264844	0.350989008061268	0.0711308502116	0.27648001996943	0.849906564855743	4.47612083718079	0.453039014806912	1.05953338057457
1.9	145	46	5.11432741425444	0.0505838320264844	0.350989008061268	0.0711308502116	0.27648001996943	0.85652775602561	4.47612083718079	0.453039014806912	1.05953338057457
1.91	145	45	5.11184050571359	0.0517079171826285	0.356570669582901	0.0727115357718578	0.279003760919844	0.836414942602467	4.49806915319251	0.505445744913732	0.99009201441273
1.92	145	45	5.11184050571359	0.0517079171826285	0.356570669582901	0.0727115357718578	0.279003760919844	0.826130267190691	4.4980691531925	0.505445744913732	0.99009201441273
1.93	145	45	5.11184050571359	0.0517079171826285	0.356570669582901	0.0727115357718578	0.279003760919843	0.840008706488801	4.49806915319252	0.505445744913732	0.99009201441273
1.94	145	45	5.11184050571359	0.0517079171826285	0.356570669582901	0.0727115357718578	0.279003760919843	0.834942128955141	4.49806915319251	0.505445744913732	0.99009201441273
1.95	145	45	5.11184050571359	0.0517079171826285	0.356570669582901	0.0727115357718578	0.279003760919843	0.839520541619269	4.49806915319251	0.505445744913732	0.99009201441273
1.96	145	45	5.11184050571359	0.0517079171826285	0.356570669582901	0.0727115357718578	0.279003760919843	0.836787800984058	4.4980691531925	0.505445744913732	0.99009201441273
1.97	145	44	5.0969696969697	0.0601709991840353	0.362557607825138	0.076009810181876	0.283184681089111	0.829885064404916	4.50866488360648	0.503584098010256	1.05853006426658
1.98	145	44	5.0969696969697	0.0601709991840353	0.362557607825138	0.076009810181876	0.283184681089111	0.824734387370558	4.50866488360647	0.503584098010256	1.05853006426658
1.99	145	43	5.06016847172082	0.0588136951722254	0.364451213803148	0.0789454694449039	0.288327708985085	0.839776101162037	4.50268555039778	0.476870042395877	1.06237630698654
2	145	43	5.06016847172082	0.0588136951722254	0.364451213803148	0.0789454694449039	0.288327708985085	0.839938025237728	4.50268555039777	0.476870042395877	1.06237630698654
2.01	145	43	5.06016847172082	0.0588136951722254	0.364451213803148	0.0789454694449039	0.288327708985085	0.832787202503178	4.50268555039778	0.476870042395877	1.06237630698654
2.02	145	43	5.06016847172082	0.0588136951722254	0.364451213803148	0.0789454694449039	0.288327708985085	0.832582233009962	4.50268555039778	0.476870042395877	1.06237630698654
2.03	145	43	5.06016847172082	0.0588136951722254	0.364451213803148	0.0789454694449039	0.288327708985085	0.831382964914754	4.50268555039777	0.476870042395877	1.06237630698654
2.04	145	43	5.06016847172082	0.0588136951722254	0.364451213803148	0.0789454694449039	0.288327708985085	0.833689817459339	4.50268555039777	0.476870042395877	1.06237630698654
2.05	145	43	5.05773394274717	0.0598230840324276	0.36882791997993	0.0785208625495945	0.288759112677757	0.832072168046812	4.49880987519291	0.481812946233086	1.00067339631212
2.06	145	42	5.03834172058471	0.0603064005447679	0.373429861965706	0.0766232958125407	0.288323127772171	0.815704439684989	4.51858073965692	0.522903363862597	0.941919910799366
2.07	145	42	5.03834172058471	0.060306400544768	0.373429861965706	0.0766232958125407	0.288323127772171	0.806056491696009	4.51858073965692	0.522903363862597	0.941919910799366
2.08	145	42	5.03834172058471	0.0603064005447679	0.373429861965706	0.0766232958125407	0.28832312777217	0.804551218785284	4.51858073965692	0.522903363862597	0.941919910799366
2.09	145	41	5.01670245764734	0.0609012146542962	0.378248054165645	0.0786339743740768	0.290790387494598	0.807928584449491	4.49370635776764	0.535839749753554	0.941919910799366
2.1	145	40	5.0119189511323	0.0624237450206536	0.38403892623064	0.0855332749059604	0.297882441089125	0.801779375118437	4.52770640761296	0.564738730247393	0.941919910799366
2.11	145	40	5.0119189511323	0.0624237450206536	0.38403892623064	0.0855332749059604	0.297882441089126	0.804875840620557	4.52770640761296	0.564738730247393	0.941919910799366
2.12	145	40	5.0119189511323	0.0624237450206536	0.38403892623064	0.0855332749059604	0.297882441089125	0.797573472702801	4.52770640761296	0.564738730247393	0.941919910799365
2.13	145	40	5.0119189511323	0.0624237450206536	0.38403892623064	0.0855332749059604	0.297882441089125	0.808912267762194	4.52770640761296	0.564738730247393	0.941919910799366
2.14	145	40	5.0119189511323	0.0624237450206536	0.38403892623064	0.0855332749059604	0.297882441089126	0.797864723788918	4.52770640761296	0.564738730247393	0.941919910799366
2.15	145	40	5.0119189511323	0.0624237450206536	0.38403892623064	0.0855332749059604	0.297882441089126	0.795193842064181	4.52770640761296	0.564738730247393	0.941919910799365
2.16	145	40	5.0119189511323	0.0624237450206536	0.38403892623064	0.0855332749059604	0.297882441089126	0.795193842064182	4.52770640761296	0.564738730247393	0.941919910799365
2.17	145	40	5.0119189511323	0.0624237450206536	0.38403892623064	0.0855332749059604	0.297882441089125	0.798898335809188	4.52770640761296	0.564738730247393	0.941919910799365
2.18	145	40	5.0119189511323	0.0624237450206536	0.38403892623064	0.0855332749059603	0.297882441089126	0.797864723788918	4.52770640761296	0.564738730247393	0.941919910799366
2.19	145	40	5.00714455822815	0.0636364563865745	0.386789566717832	0.0855581029997551	0.298409636769557	0.793759181097916	4.53088127177734	0.573100252253346	0.941919910799366
2.2	145	40	4.94124559341951	0.0639742491237539	0.391120031808556	0.0846080124809623	0.299213182001776	0.786120900561434	4.52748716853589	0.571376247924341	0.777258748890095
2.21	145	37	4.87479712497102	0.0676109883329365	0.394384440306258	0.095591336438848	0.312393935434353	0.779452142470077	4.55546235261341	0.647788722180464	0.874553673192174
2.22	145	36	4.85677985677986	0.0682834124258322	0.387963124118401	0.0967640434604028	0.313429368671045	0.787555521607989	4.56559484355306	0.645252956879921	1.12693040730855
2.23	145	36	4.85677985677986	0.0682834124258322	0.387963124118401	0.0967640434604028	0.313429368671045	0.783688452683431	4.56559484355306	0.645252956879921	1.12693040730855
2.24	145	36	4.85677985677986	0.0682834124258322	0.387963124118401	0.0967640434604028	0.313429368671045	0.789014246509711	4.56559484355306	0.645252956879921	1.12693040730855
2.25	145	36	4.85677985677986	0.0682834124258322	0.387963124118401	0.0967640434604028	0.313429368671045	0.784831261738631	4.56559484355306	0.645252956879921	1.12693040730855
2.26	145	36	4.85677985677986	0.0682834124258322	0.387963124118401	0.0967640434604028	0.313429368671045	0.782765395072729	4.56559484355306	0.645252956879922	1.12693040730855
2.27	145	36	4.85677985677986	0.0682834124258322	0.387963124118401	0.0967640434604028	0.313429368671045	0.786281038333663	4.56559484355306	0.645252956879921	1.12693040730855
2.28	145	36	4.85677985677986	0.0682834124258322	0.387963124118401	0.0967640434604028	0.313429368671045	0.77737100227697	4.56559484355306	0.645252956879921	1.12693040730855
2.29	145	36	4.85677985677986	0.0682834124258322	0.387963124118401	0.0967640434604028	0.313429368671045	0.787555521607989	4.56559484355306	0.645252956879921	1.12693040730855
2.29999999999999	145	36	4.85677985677986	0.0682834124258322	0.387963124118401	0.0967640434604028	0.313429368671045	0.783688452683431	4.56559484355306	0.645252956879921	1.12693040730855
2.30999999999999	145	36	4.85677985677986	0.0682834124258322	0.387963124118401	0.0967640434604028	0.313429368671045	0.783476002604079	4.56559484355306	0.645252956879921	1.12693040730855
2.31999999999999	145	36	4.85677985677986	0.0682834124258322	0.387963124118401	0.0967640434604028	0.313429368671045	0.787555521607987	4.56559484355306	0.645252956879921	1.12693040730855
2.32999999999999	145	36	4.85677985677986	0.0682834124258322	0.387963124118401	0.0967640434604028	0.313429368671045	0.784831261738631	4.56559484355306	0.645252956879921	1.12693040730855
2.33999999999999	145	36	4.85677985677986	0.0682834124258322	0.387963124118401	0.0967640434604028	0.313429368671045	0.784757638674453	4.56559484355307	0.645252956879921	1.12693040730855
2.34999999999999	145	36	4.85677985677986	0.0682834124258322	0.387963124118401	0.0967640434604028	0.313429368671045	0.78464893299047	4.56559484355306	0.645252956879921	1.12693040730855
2.35999999999999	145	36	4.85677985677986	0.0682834124258322	0.387963124118401	0.0967640434604028	0.313429368671045	0.78445186579003	4.56559484355306	0.645252956879921	1.12693040730855
2.36999999999999	145	35	4.79038505354295	0.0686779247866934	0.393295960909443	0.0977508739898195	0.316804949322805	0.782819524136582	4.60629064362207	0.622954628553902	1.05381248367596
2.37999999999999	145	35	4.79038505354295	0.0686779247866934	0.393295960909443	0.0977508739898195	0.316804949322805	0.793434733519706	4.60629064362206	0.622954628553902	1.05381248367596
2.38999999999999	145	35	4.79038505354295	0.0686779247866934	0.393295960909443	0.0977508739898195	0.316804949322805	0.790650335798787	4.60629064362207	0.622954628553902	1.05381248367596
2.39999999999999	145	35	4.79038505354295	0.0686779247866934	0.393295960909443	0.0977508739898195	0.316804949322805	0.782819524136582	4.60629064362207	0.622954628553902	1.05381248367596
2.40999999999999	145	35	4.79038505354295	0.0686779247866934	0.393295960909443	0.0977508739898195	0.316804949322806	0.782389660695103	4.60629064362207	0.622954628553902	1.05381248367596
2.41999999999999	145	35	4.79038505354295	0.0686779247866934	0.393295960909443	0.0977508739898195	0.316804949322805	0.793069997228369	4.60629064362207	0.622954628553902	1.05381248367596
2.42999999999999	145	35	4.79038505354295	0.0686779247866934	0.393295960909443	0.0977508739898195	0.316804949322805	0.793434733519706	4.60629064362206	0.622954628553902	1.05381248367596
2.43999999999999	145	34	4.7816693199909	0.0863222816041998	0.41003501079278	0.103786134114278	0.324159752853206	0.791795717413377	4.63297244466091	0.628001294295684	1.12596667649549
2.44999999999999	145	34	4.7816693199909	0.0863222816041998	0.41003501079278	0.103786134114278	0.324159752853206	0.792682020268451	4.63297244466091	0.628001294295684	1.12596667649549
2.45999999999999	145	34	4.7816693199909	0.0863222816041998	0.41003501079278	0.103786134114278	0.324159752853206	0.792682020268451	4.63297244466091	0.628001294295684	1.12596667649549
2.46999999999999	145	33	4.77298524404086	0.0884704743279234	0.417251003297817	0.109678763474324	0.330960902551176	0.778557557119582	4.65406020323943	0.656288243981411	1.11420045432653
2.47999999999999	145	33	4.77298524404086	0.0884704743279234	0.417251003297817	0.109678763474324	0.330960902551175	0.785915358527891	4.65406020323943	0.656288243981411	1.11420045432653
2.48999999999999	145	31	4.70884658454647	0.0932721962504283	0.431114018904761	0.110792382526421	0.333904250934296	0.79215612676033	4.69682623973106	0.615568536310119	1.11821926665288
2.49999999999999	145	30	4.5856052344602	0.0949460847250149	0.439552139356593	0.116275874926867	0.344420234536789	0.806330393757606	4.7257057290071	0.563312231182221	1.02920847101163
2.50999999999999	145	30	4.5856052344602	0.0949460847250149	0.439552139356593	0.116275874926867	0.344420234536789	0.806330393757606	4.7257057290071	0.563312231182222	1.02920847101163
2.51999999999999	145	30	4.5856052344602	0.0949460847250149	0.439552139356593	0.116275874926867	0.344420234536789	0.806330393757607	4.7257057290071	0.563312231182222	1.02920847101163
2.52999999999999	145	30	4.5856052344602	0.0949460847250149	0.439552139356593	0.116275874926867	0.344420234536789	0.806330393757606	4.7257057290071	0.563312231182222	1.02920847101163
2.53999999999999	145	30	4.5856052344602	0.0949460847250149	0.439552139356593	0.116275874926867	0.344420234536789	0.806330393757607	4.7257057290071	0.563312231182221	1.02920847101163
2.54999999999999	145	30	4.5557963163597	0.0951689223104907	0.439859041693557	0.116972485704787	0.345318229960774	0.802129664306593	4.72019962048106	0.56200439508729	1.00173098831691
2.55999999999999	145	30	4.5557963163597	0.0951689223104907	0.439859041693557	0.116972485704787	0.345318229960775	0.80410266079059	4.72019962048106	0.562004395087289	1.00173098831691
2.56999999999999	145	30	4.5557963163597	0.0951689223104907	0.439859041693557	0.116972485704787	0.345318229960774	0.802129664306592	4.72019962048105	0.562004395087289	1.00173098831691
2.57999999999999	145	30	4.5557963163597	0.0951689223104907	0.439859041693557	0.116972485704787	0.345318229960774	0.802129664306591	4.72019962048105	0.56200439508729	1.00173098831691
2.58999999999999	145	30	4.5557963163597	0.0951689223104907	0.439859041693557	0.116972485704787	0.345318229960775	0.804102660790591	4.72019962048105	0.56200439508729	1.00173098831691
2.59999999999999	145	30	4.5557963163597	0.0951689223104907	0.439859041693557	0.116972485704787	0.345318229960774	0.802129664306593	4.72019962048105	0.562004395087289	1.00173098831691
2.60999999999999	145	29	3.37642524490124	0.0890781017208173	0.436375785160295	0.111726750289605	0.342877680272907	0.81186866681868	4.73479017003165	0.542222527313506	1.00173098831691
2.61999999999999	145	29	3.37642524490124	0.0890781017208173	0.436375785160295	0.111726750289605	0.342877680272908	0.813909697664193	4.73479017003165	0.542222527313506	1.00173098831691
2.62999999999999	145	29	3.37642524490124	0.0890781017208173	0.436375785160295	0.111726750289605	0.342877680272908	0.813909697664195	4.73479017003165	0.542222527313506	1.00173098831691
2.63999999999999	145	29	3.37642524490124	0.0890781017208173	0.436375785160295	0.111726750289605	0.342877680272908	0.813909697664193	4.73479017003165	0.542222527313506	1.00173098831691
2.64999999999999	145	29	3.37642524490124	0.0890781017208173	0.436375785160295	0.111726750289605	0.342877680272907	0.811868666818683	4.73479017003165	0.542222527313506	1.00173098831691
2.65999999999999	145	29	3.37642524490124	0.0890781017208173	0.436375785160295	0.111726750289605	0.342877680272907	0.811868666818683	4.73479017003165	0.542222527313506	1.00173098831691
2.66999999999999	145	29	3.37642524490124	0.0890781017208173	0.436375785160295	0.111726750289605	0.342877680272907	0.811868666818683	4.73479017003165	0.542222527313506	1.00173098831691
2.67999999999999	145	29	3.37642524490124	0.0890781017208173	0.436375785160295	0.111726750289605	0.342877680272907	0.81186866681868	4.73479017003165	0.542222527313506	1.00173098831691
2.68999999999999	145	29	3.37642524490124	0.0890781017208173	0.436375785160295	0.111726750289605	0.342877680272907	0.811868666818683	4.73479017003165	0.542222527313506	1.00173098831691
2.69999999999999	145	29	3.37642524490124	0.0890781017208173	0.436375785160295	0.111726750289605	0.342877680272907	0.81186866681868	4.73479017003165	0.542222527313506	1.00173098831691
2.70999999999999	145	28	3.35487474070528	0.0919695767294504	0.445025815081064	0.11688335334569	0.349325074348732	0.809414167779887	4.74539650036561	0.563535421656156	0.983003665137649
2.71999999999999	145	28	3.35487474070528	0.0919695767294504	0.445025815081064	0.11688335334569	0.349325074348732	0.807300242975605	4.74539650036561	0.563535421656156	0.983003665137649
2.72999999999999	145	28	3.35487474070528	0.0919695767294504	0.445025815081064	0.11688335334569	0.349325074348732	0.809414167779887	4.74539650036561	0.563535421656156	0.98300366513765
2.73999999999999	145	27	3.33254081470915	0.0950960888510045	0.453851618053179	0.121340173587148	0.35500993699103	0.799438421127481	4.79273927673693	0.585561795468978	0.972609501600144
2.74999999999999	145	27	3.33254081470915	0.0950960888510045	0.453851618053179	0.121340173587148	0.35500993699103	0.799438421127481	4.79273927673693	0.585561795468979	0.972609501600143
2.75999999999999	145	27	3.33254081470915	0.0950960888510044	0.453851618053179	0.121340173587148	0.35500993699103	0.801590966183308	4.79273927673693	0.585561795468978	0.972609501600144
2.76999999999998	145	27	3.33254081470915	0.0950960888510044	0.453851618053179	0.121340173587148	0.35500993699103	0.801590966183303	4.79273927673693	0.585561795468978	0.972609501600144
2.77999999999998	145	27	3.33254081470915	0.0950960888510044	0.453851618053179	0.121340173587148	0.35500993699103	0.79943842112748	4.79273927673693	0.585561795468978	0.972609501600143
2.78999999999998	145	27	3.33254081470915	0.0950960888510045	0.453851618053179	0.121340173587148	0.35500993699103	0.801590966183307	4.79273927673693	0.585561795468978	0.972609501600145
2.79999999999998	145	27	3.33254081470915	0.0950960888510044	0.453851618053179	0.121340173587148	0.35500993699103	0.799438421127481	4.79273927673693	0.585561795468978	0.972609501600144
2.80999999999998	145	27	3.33254081470915	0.0950960888510044	0.453851618053179	0.121340173587148	0.35500993699103	0.801590966183302	4.79273927673693	0.585561795468978	0.972609501600143
2.81999999999998	145	27	3.33254081470915	0.0950960888510044	0.453851618053179	0.121340173587148	0.35500993699103	0.801590966183303	4.79273927673693	0.585561795468978	0.972609501600144
2.82999999999998	145	26	3.24209714726291	0.105697480731997	0.466628994200275	0.119330400231454	0.355324664264402	0.809181223900135	4.83257014061164	0.55410787262517	0.941537655901931
2.83999999999998	145	26	3.24209714726291	0.105697480731997	0.466628994200275	0.119330400231454	0.355324664264402	0.809181223900135	4.83257014061164	0.55410787262517	0.941537655901932
2.84999999999998	145	25	3.16880180859081	0.109769915342039	0.476963477824508	0.124310451469265	0.360474537150466	0.801567174560397	4.85772483839729	0.577732593203656	0.941537655901932
2.85999999999998	145	25	3.18898832094646	0.109486047945219	0.476398908718726	0.127336952213724	0.364847334744469	0.79531524267456	4.85878146119801	0.589468864840374	0.933507112810566
2.86999999999998	145	24	3.18802122820318	0.136182558568292	0.497479696542221	0.14159665607611	0.379016591882399	0.758846389480454	4.88918401288368	0.733517602542056	0.957087110802995
2.87999999999998	145	24	3.22321017936532	0.134526568369798	0.494998340042528	0.140171821084893	0.377147753343069	0.766154244858953	4.89280850872027	0.729401813111474	0.95370379880588
2.88999999999998	145	24	3.22321017936532	0.134526568369798	0.494998340042528	0.140171821084893	0.377147753343069	0.767757526485215	4.89280850872027	0.729401813111474	0.953703798805881
2.89999999999998	145	23	3.07158509861213	0.125635188186385	0.497001826839639	0.12799410996584	0.364720933633936	0.781756145477624	4.932848417437	0.65378769709256	0.965993458518553
2.90999999999998	145	23	3.07158509861213	0.125635188186385	0.497001826839639	0.12799410996584	0.364720933633936	0.78342913500068	4.932848417437	0.653787697092561	0.965993458518553
2.91999999999998	145	23	3.07158509861213	0.125635188186385	0.497001826839639	0.12799410996584	0.364720933633936	0.781756145477624	4.932848417437	0.653787697092561	0.965993458518554
2.92999999999998	145	21	2.68965076116157	0.113973189787647	0.493639419664102	0.127313297670979	0.369973349266391	0.783551472109953	4.98547854700779	0.641167417942847	0.956462295534818
2.93999999999998	145	21	2.68965076116157	0.113973189787647	0.493639419664102	0.127313297670978	0.369973349266391	0.783551472109953	4.98547854700779	0.641167417942846	0.956462295534818
2.94999999999998	145	20	2.68896278296457	0.146233359627456	0.522026616892635	0.144423759578705	0.387743227997476	0.745259254414043	4.97188541716858	0.820232676839989	0.960480189104982
2.95999999999998	145	19	2.68827515662959	0.153929852239427	0.533882173352004	0.152025010082847	0.395467445594794	0.69365696071241	4.98878039194401	1.01879695719999	0.987219380460851
2.96999999999998	145	19	2.68827515662959	0.153929852239427	0.533882173352005	0.152025010082847	0.395467445594794	0.697400803917907	4.98878039194401	1.01879695719999	0.98721938046085
2.97999999999998	145	19	2.68827515662959	0.153929852239427	0.533882173352005	0.152025010082847	0.395467445594794	0.695882520528027	4.98878039194401	1.01879695719999	0.987219380460851
2.98999999999998	145	18	2.63306199123356	0.162577347447055	0.528017209893429	0.160259082728413	0.403659241182517	0.675425427593619	4.99944488909728	1.07717604828835	0.98721938046085
2.99999999999998	145	18	2.63306199123356	0.162577347447055	0.528017209893429	0.160259082728413	0.403659241182517	0.681867510577193	4.99944488909729	1.07717604828835	0.987219380460851
3.00999999999998	145	18	2.63306199123356	0.162577347447055	0.528017209893429	0.160259082728413	0.403659241182517	0.67034400884309	4.99944488909729	1.07717604828835	0.987219380460851
3.01999999999998	145	17	2.17988595127009	0.140739737184244	0.516254476718798	0.141240770428959	0.384524076872304	0.684972534184518	5.0075720147549	1.03832072554305	0.987219380460851
3.02999999999998	145	17	2.17988595127009	0.140739737184244	0.516254476718798	0.141240770428959	0.384524076872304	0.682283248885033	5.0075720147549	1.03832072554305	0.987219380460851
3.03999999999998	145	16	2.17943402093915	0.14953597075826	0.521024431875246	0.150068318580769	0.39596929789183	0.625715616679137	4.96232745190233	1.29288353088949	1.15199302696881
3.04999999999998	145	16	2.17943402093915	0.14953597075826	0.521024431875246	0.150068318580769	0.39596929789183	0.626967895068812	4.96232745190233	1.29288353088949	1.15199302696881
3.05999999999998	145	16	2.17943402093915	0.14953597075826	0.521024431875246	0.150068318580769	0.39596929789183	0.633067633765509	4.96232745190233	1.29288353088949	1.15199302696881
3.06999999999998	145	16	2.17943402093915	0.14953597075826	0.521024431875246	0.150068318580769	0.39596929789183	0.630281994316382	4.96232745190233	1.29288353088949	1.15199302696881
3.07999999999998	145	16	2.17943402093915	0.14953597075826	0.521024431875246	0.150068318580769	0.39596929789183	0.619873495831081	4.96232745190233	1.29288353088949	1.15199302696881
3.08999999999998	145	16	2.17943402093915	0.14953597075826	0.521024431875246	0.150068318580769	0.39596929789183	0.633067633765511	4.96232745190233	1.29288353088949	1.15199302696881
3.09999999999998	145	16	2.17943402093915	0.14953597075826	0.521024431875246	0.150068318580769	0.39596929789183	0.619873495831081	4.96232745190233	1.29288353088949	1.15199302696881
3.10999999999998	145	16	2.17943402093915	0.14953597075826	0.521024431875246	0.150068318580769	0.39596929789183	0.623442710799539	4.96232745190233	1.29288353088949	1.15199302696881
3.11999999999998	145	16	2.17943402093915	0.14953597075826	0.521024431875246	0.150068318580769	0.39596929789183	0.634697624284748	4.96232745190233	1.29288353088949	1.15199302696881
3.12999999999998	145	16	2.17943402093915	0.14953597075826	0.521024431875246	0.150068318580769	0.39596929789183	0.62980052518639	4.96232745190233	1.29288353088949	1.15199302696881
3.13999999999998	145	16	2.17943402093915	0.14953597075826	0.521024431875246	0.150068318580769	0.39596929789183	0.634477958542709	4.96232745190233	1.29288353088949	1.15199302696881
3.14999999999998	145	16	2.17943402093915	0.14953597075826	0.521024431875246	0.150068318580769	0.39596929789183	0.635674068254082	4.96232745190233	1.29288353088949	1.15199302696881
3.15999999999998	145	16	2.17943402093915	0.14953597075826	0.521024431875246	0.150068318580769	0.39596929789183	0.630281994316382	4.96232745190233	1.29288353088949	1.15199302696881
3.16999999999998	145	16	2.17943402093915	0.14953597075826	0.521024431875246	0.150068318580769	0.39596929789183	0.634477958542704	4.96232745190233	1.29288353088949	1.15199302696881
3.17999999999998	145	15	1.36410822033348	0.127640103744236	0.517182662227592	0.120089959894642	0.361161659529835	0.677339513815496	5.03212628056682	1.2227882820229	1.12347757153426
3.18999999999998	145	14	1.34250686418492	0.138821038725983	0.510954489834284	0.12915146051862	0.37142598190746	0.651316674471839	5.0187365767745	1.31179360109081	1.11523845191329
3.19999999999998	145	14	1.34250686418492	0.138821038725983	0.510954489834284	0.12915146051862	0.37142598190746	0.654260186663588	5.0187365767745	1.31179360109081	1.11523845191328
3.20999999999998	145	14	1.34250686418492	0.138821038725983	0.510954489834284	0.12915146051862	0.37142598190746	0.652549524777136	5.01873657677451	1.31179360109082	1.11523845191328
3.21999999999998	145	14	1.34250686418492	0.138821038725983	0.510954489834284	0.12915146051862	0.37142598190746	0.64852954922383	5.01873657677451	1.31179360109081	1.11523845191328
3.22999999999998	145	14	1.34250686418492	0.138821038725983	0.510954489834284	0.12915146051862	0.37142598190746	0.649481919255262	5.01873657677451	1.31179360109082	1.11523845191328
3.23999999999997	145	13	1.32141285902835	0.150347358180104	0.499607467886612	0.139238859909249	0.382397858778993	0.608630143544952	5.09917085312576	1.41388213751053	1.13204192478793
3.24999999999997	145	13	1.32141285902835	0.150347358180104	0.499607467886613	0.139238859909249	0.382397858778993	0.611918810892953	5.09917085312576	1.41388213751052	1.13204192478793
3.25999999999997	145	13	1.32141285902835	0.150347358180104	0.499607467886612	0.139238859909249	0.382397858778993	0.614433637920247	5.09917085312576	1.41388213751053	1.13204192478793
3.26999999999997	145	13	1.32141285902835	0.150347358180104	0.499607467886613	0.139238859909249	0.382397858778993	0.610733995973287	5.09917085312576	1.41388213751052	1.13204192478793
3.27999999999997	145	12	1.28084069448675	0.162201256160098	0.524592374052013	0.132776961055849	0.380752551114894	0.619134013660425	5.19862680990412	1.3492801909402	1.12495419078528
3.28999999999997	145	12	1.28084069448675	0.162201256160098	0.524592374052013	0.132776961055849	0.380752551114894	0.632601127450298	5.19862680990412	1.3492801909402	1.12495419078528
3.29999999999997	145	12	1.28084069448675	0.162201256160098	0.524592374052013	0.132776961055849	0.380752551114894	0.628734386688971	5.19862680990412	1.3492801909402	1.12495419078529
3.30999999999997	145	12	1.28084069448675	0.162201256160098	0.524592374052013	0.132776961055849	0.380752551114894	0.625246033205079	5.19862680990412	1.3492801909402	1.12495419078528
3.31999999999997	145	12	1.28084069448675	0.162201256160098	0.524592374052013	0.132776961055849	0.380752551114894	0.614339072362452	5.19862680990412	1.3492801909402	1.12495419078529
3.32999999999997	145	11	1.26117209525523	0.17948667407097	0.513458440873428	0.145446124673111	0.395440449392706	0.599125028165556	5.19094156077378	1.47330912133655	1.11970983925602
3.33999999999997	145	11	1.26117209525523	0.17948667407097	0.513458440873428	0.145446124673111	0.395440449392706	0.598986048575832	5.19094156077379	1.47330912133655	1.11970983925602
3.34999999999997	145	11	1.26117209525523	0.17948667407097	0.513458440873428	0.145446124673111	0.395440449392706	0.599008252878122	5.19094156077378	1.47330912133655	1.11970983925603
3.35999999999997	145	11	1.26117209525523	0.17948667407097	0.513458440873428	0.145446124673111	0.395440449392706	0.599008252878122	5.19094156077378	1.47330912133655	1.11970983925603
3.36999999999997	145	11	1.26117209525523	0.17948667407097	0.513458440873428	0.145446124673111	0.395440449392706	0.598328383875234	5.19094156077379	1.47330912133655	1.11970983925602
3.37999999999997	145	11	1.26117209525523	0.17948667407097	0.513458440873428	0.145446124673111	0.395440449392706	0.577391294068789	5.19094156077379	1.47330912133655	1.11970983925602
3.38999999999997	145	11	1.26117209525523	0.17948667407097	0.513458440873428	0.145446124673111	0.395440449392706	0.579606470677626	5.19094156077378	1.47330912133655	1.11970983925604
3.39999999999997	145	11	1.26117209525523	0.17948667407097	0.513458440873428	0.145446124673111	0.395440449392706	0.577391294068789	5.19094156077379	1.47330912133655	1.11970983925602
3.40999999999997	145	11	1.26117209525523	0.17948667407097	0.513458440873428	0.145446124673111	0.395440449392706	0.598328383875234	5.19094156077379	1.47330912133655	1.11970983925603
3.41999999999997	145	11	1.26117209525523	0.17948667407097	0.513458440873428	0.145446124673111	0.395440449392706	0.577391294068789	5.19094156077379	1.47330912133655	1.11970983925603
3.42999999999997	145	11	1.26117209525523	0.17948667407097	0.513458440873428	0.145446124673111	0.395440449392706	0.595525993581916	5.19094156077378	1.47330912133655	1.11970983925603
3.43999999999997	145	11	1.26117209525523	0.17948667407097	0.513458440873428	0.145446124673111	0.395440449392706	0.577391294068789	5.19094156077378	1.47330912133655	1.11970983925602
3.44999999999997	145	11	1.26117209525523	0.17948667407097	0.513458440873428	0.145446124673111	0.395440449392706	0.598328383875234	5.19094156077378	1.47330912133655	1.11970983925602
3.45999999999997	145	11	1.26117209525523	0.17948667407097	0.513458440873428	0.145446124673111	0.395440449392706	0.598445159162668	5.19094156077379	1.47330912133655	1.11970983925603
3.46999999999997	145	11	1.26117209525523	0.17948667407097	0.513458440873428	0.145446124673111	0.395440449392706	0.579606470677625	5.19094156077379	1.47330912133655	1.11970983925603
3.47999999999997	145	11	1.26117209525523	0.17948667407097	0.513458440873428	0.145446124673111	0.395440449392706	0.595525993581916	5.19094156077379	1.47330912133655	1.11970983925603
3.48999999999997	145	11	1.26117209525523	0.17948667407097	0.513458440873428	0.145446124673111	0.395440449392706	0.595525993581916	5.19094156077378	1.47330912133655	1.11970983925603
3.49999999999997	145	10	1.24195168054817	0.197021538822474	0.540845906553726	0.160185445270644	0.411866650734938	0.550416459907259	5.24015460273504	1.62262076322338	1.16136545974428
3.50999999999997	145	10	1.24195168054817	0.197021538822474	0.540845906553726	0.160185445270644	0.411866650734938	0.529693902573712	5.24015460273504	1.62262076322338	1.16136545974428
3.51999999999997	145	10	1.24195168054817	0.197021538822474	0.540845906553726	0.160185445270644	0.411866650734938	0.550416459907259	5.24015460273504	1.62262076322338	1.16136545974429
3.52999999999997	145	10	1.24195168054817	0.197021538822474	0.540845906553726	0.160185445270644	0.411866650734938	0.550416459907259	5.24015460273504	1.62262076322338	1.16136545974428
3.53999999999997	145	10	1.24195168054817	0.197021538822474	0.540845906553726	0.160185445270644	0.411866650734938	0.547466523918299	5.24015460273504	1.62262076322338	1.16136545974428
3.54999999999997	145	9	1.2231659782419	0.220497367571456	0.558596597477085	0.178701022729077	0.437605238212514	0.475721242001657	5.25083841824427	1.80532210152676	1.15365521234759
3.55999999999997	145	9	1.2231659782419	0.220497367571456	0.558596597477085	0.178701022729077	0.437605238212514	0.501311018431753	5.25083841824427	1.80532210152676	1.15365521234758
3.56999999999997	145	9	1.2231659782419	0.220497367571456	0.558596597477085	0.178701022729077	0.437605238212514	0.486664328217028	5.25083841824427	1.80532210152676	1.15365521234757
3.57999999999997	145	8	1.18698131315983	0.18451626759633	0.539210662413915	0.174924102541787	0.444245354934292	0.512212287190037	5.40409501936762	1.67590050434922	1.34836111678133
3.58999999999997	145	8	1.18698131315983	0.18451626759633	0.539210662413915	0.174924102541787	0.444245354934292	0.512181756274385	5.40409501936762	1.67590050434923	1.34836111678131
3.59999999999997	145	8	1.18698131315983	0.18451626759633	0.539210662413915	0.174924102541787	0.444245354934292	0.512181756274385	5.40409501936762	1.67590050434922	1.34836111678133
3.60999999999997	145	8	1.16954998053068	0.183987649939556	0.537304433372052	0.175057333083189	0.446211737995975	0.596524101847077	5.43418273841951	1.30875672693473	1.3747185993937
3.61999999999997	145	7	1.15237051246917	0.209672577371184	0.578333189345513	0.19982668938234	0.482649185072176	0.533886853861978	5.44037645761552	1.49860859493706	1.36801176346959
3.62999999999997	145	7	1.15237051246917	0.209672577371184	0.578333189345513	0.19982668938234	0.482649185072176	0.533886853861978	5.44037645761552	1.49860859493706	1.36801176346957
3.63999999999997	145	7	1.15237051246917	0.209672577371184	0.578333189345513	0.19982668938234	0.482649185072176	0.531385149577888	5.44037645761552	1.49860859493706	1.36801176346958
3.64999999999997	145	7	1.15237051246917	0.209672577371184	0.578333189345513	0.19982668938234	0.482649185072176	0.533886853861979	5.44037645761552	1.49860859493706	1.36801176346958
3.65999999999997	145	7	1.15237051246917	0.209672577371184	0.578333189345513	0.19982668938234	0.482649185072176	0.53388685386198	5.44037645761552	1.49860859493706	1.36801176346958
3.66999999999997	145	7	1.15237051246917	0.209672577371184	0.578333189345513	0.19982668938234	0.482649185072176	0.531385149577891	5.44037645761552	1.49860859493706	1.36801176346959
3.67999999999997	145	7	1.15237051246917	0.209672577371184	0.578333189345513	0.19982668938234	0.482649185072176	0.533886853861982	5.44037645761552	1.49860859493706	1.36801176346959
3.68999999999997	145	6	1.13556575749392	0.243925065701176	0.616930681797062	0.233216558887355	0.524071270516547	0.450151427958681	5.52192147695098	1.75138016310276	1.37594465790905
3.69999999999997	145	6	1.13556575749392	0.243925065701176	0.616930681797062	0.233216558887355	0.524071270516547	0.450151427958681	5.52192147695098	1.75138016310276	1.37594465790905
3.70999999999996	145	6	1.13556575749392	0.243925065701176	0.616930681797062	0.233216558887355	0.524071270516547	0.453070082956784	5.52192147695098	1.75138016310276	1.37594465790905
3.71999999999996	145	6	1.13556575749392	0.243925065701176	0.616930681797062	0.233216558887355	0.524071270516547	0.450151427958681	5.52192147695098	1.75138016310276	1.37594465790904
3.72999999999996	145	6	1.13556575749392	0.243925065701176	0.616930681797062	0.233216558887355	0.524071270516547	0.450151427958681	5.52192147695098	1.75138016310276	1.37594465790905
3.73999999999996	145	6	1.13556575749392	0.243925065701176	0.616930681797062	0.233216558887355	0.524071270516547	0.453070082956784	5.52192147695098	1.75138016310276	1.37594465790905
3.74999999999996	145	6	1.13556575749392	0.243925065701176	0.616930681797062	0.233216558887355	0.524071270516547	0.453070082956784	5.52192147695098	1.75138016310276	1.37594465790904
3.75999999999996	145	6	1.13556575749392	0.243925065701176	0.616930681797062	0.233216558887355	0.524071270516547	0.453070082956784	5.52192147695098	1.75138016310276	1.37594465790904
3.76999999999996	145	6	1.13556575749392	0.243925065701176	0.616930681797062	0.233216558887355	0.524071270516547	0.450151427958681	5.52192147695098	1.75138016310276	1.37594465790904
3.77999999999996	145	6	1.13556575749392	0.243925065701176	0.616930681797062	0.233216558887355	0.524071270516547	0.450151427958681	5.52192147695098	1.75138016310276	1.37594465790905
3.78999999999996	145	6	1.13556575749392	0.243925065701176	0.616930681797062	0.233216558887355	0.524071270516547	0.453070082956784	5.52192147695098	1.75138016310276	1.37594465790904
3.79999999999996	145	6	1.13556575749392	0.243925065701176	0.616930681797062	0.233216558887355	0.524071270516547	0.453070082956784	5.52192147695098	1.75138016310276	1.37594465790904
3.80999999999996	145	6	1.13556575749392	0.243925065701176	0.616930681797062	0.233216558887355	0.524071270516547	0.453070082956784	5.52192147695098	1.75138016310276	1.37594465790905
3.81999999999996	145	6	1.13556575749392	0.243925065701176	0.616930681797062	0.233216558887355	0.524071270516547	0.453070082956784	5.52192147695098	1.75138016310276	1.37594465790904
3.82999999999996	145	6	1.13556575749392	0.243925065701176	0.616930681797062	0.233216558887355	0.524071270516547	0.453070082956784	5.52192147695098	1.75138016310276	1.37594465790905
3.83999999999996	145	6	1.13556575749392	0.243925065701176	0.616930681797062	0.233216558887355	0.524071270516547	0.453070082956784	5.52192147695098	1.75138016310276	1.37594465790905
3.84999999999996	145	6	1.13556575749392	0.243925065701176	0.616930681797062	0.233216558887355	0.524071270516547	0.453070082956784	5.52192147695098	1.75138016310276	1.37594465790905
3.85999999999996	145	6	1.13556575749392	0.243925065701176	0.616930681797062	0.233216558887355	0.524071270516547	0.453070082956784	5.52192147695098	1.75138016310276	1.37594465790905
3.86999999999996	145	5	1.11912492681109	0.291885595494751	0.637130715341584	0.279675687316493	0.579613749488117	0.343720481725401	5.56298049110949	2.10533095586203	1.41985263826565
3.87999999999996	145	5	1.11912492681109	0.291885595494751	0.637130715341584	0.279675687316493	0.579613749488117	0.343720481725401	5.56298049110949	2.10533095586203	1.41985263826565
3.88999999999996	145	5	1.11912492681109	0.291885595494751	0.637130715341585	0.279675687316493	0.579613749488117	0.343720481725398	5.56298049110949	2.10533095586203	1.41985263826566
3.89999999999996	145	5	1.11912492681109	0.291885595494751	0.637130715341584	0.279675687316493	0.579613749488117	0.340218095727676	5.56298049110949	2.10533095586203	1.41985263826566
3.90999999999996	145	5	1.11912492681109	0.291885595494751	0.637130715341584	0.279675687316493	0.579613749488117	0.340218095727678	5.56298049110949	2.10533095586203	1.41985263826566
3.91999999999996	145	4	1.07221173950737	0.373182092522822	0.78094865282647	0.301945738793735	0.641017746217672	0.213231343941482	5.53954900952381	2.35001749779598	1.40158468836658
3.92999999999996	145	4	1.07221173950737	0.373182092522822	0.78094865282647	0.301945738793735	0.641017746217671	0.213231343941482	5.53954900952381	2.35001749779599	1.40158468836658
3.93999999999996	145	4	1.07221173950737	0.373182092522822	0.78094865282647	0.301945738793735	0.641017746217672	0.221494903176215	5.53954900952381	2.35001749779599	1.40158468836657
3.94999999999996	145	4	1.07221173950737	0.373182092522822	0.78094865282647	0.301945738793735	0.641017746217671	0.221494903176215	5.53954900952381	2.35001749779599	1.40158468836658
3.95999999999996	145	3	1.05711699934637	0.503563040057405	0.803946714295351	0.403588429529904	0.772736794604844	-0.0485996433665856	5.19674765167848	3.14041972529957	1.39587505923387
3.96999999999996	145	3	1.05711699934637	0.503563040057405	0.803946714295351	0.403588429529904	0.772736794604844	-0.0376080786961434	5.19674765167849	3.14041972529955	1.39587505923389
3.97999999999996	145	3	1.05711699934637	0.503563040057405	0.803946714295351	0.403588429529904	0.772736794604844	-0.0485996433665858	5.19674765167849	3.14041972529956	1.39587505923388
3.98999999999996	145	3	1.05711699934637	0.503563040057405	0.803946714295351	0.403588429529904	0.772736794604844	-0.0485996433665859	5.19674765167849	3.14041972529956	1.39587505923388
3.99999999999996	145	3	1.05711699934637	0.503563040057405	0.803946714295351	0.403588429529904	0.772736794604844	-0.0485996433665857	5.19674765167849	3.14041972529956	1.39587505923387
4.00999999999996	145	3	1.05711699934637	0.503563040057405	0.803946714295351	0.403588429529904	0.772736794604844	-0.0485996433665858	5.19674765167849	3.14041972529956	1.39587505923387
4.01999999999996	145	3	1.05711699934637	0.503563040057405	0.803946714295351	0.403588429529904	0.772736794604844	-0.0376080786961433	5.19674765167849	3.14041972529956	1.39587505923388
4.02999999999996	145	3	1.05711699934637	0.503563040057405	0.803946714295351	0.403588429529904	0.772736794604844	-0.0376080786961434	5.19674765167849	3.14041972529956	1.39587505923388
4.03999999999996	145	3	1.05711699934637	0.503563040057405	0.803946714295351	0.403588429529904	0.772736794604844	-0.0376080786961434	5.19674765167849	3.14041972529955	1.39587505923389
4.04999999999996	145	3	1.05711699934637	0.503563040057405	0.803946714295351	0.403588429529904	0.772736794604844	-0.0376080786961434	5.19674765167849	3.14041972529956	1.39587505923387
4.05999999999996	145	3	1.05711699934637	0.503563040057405	0.803946714295351	0.403588429529904	0.772736794604844	-0.0485996433665859	5.19674765167849	3.14041972529956	1.39587505923388
4.06999999999996	145	3	1.05711699934637	0.503563040057405	0.803946714295351	0.403588429529904	0.772736794604844	-0.0485996433665857	5.19674765167849	3.14041972529956	1.39587505923387
4.07999999999996	145	3	1.05711699934637	0.503563040057405	0.803946714295351	0.403588429529904	0.772736794604844	-0.0376080786961433	5.19674765167848	3.14041972529955	1.39587505923389
4.08999999999996	145	3	1.05711699934637	0.503563040057405	0.803946714295351	0.403588429529904	0.772736794604844	-0.0376080786961433	5.19674765167849	3.14041972529956	1.39587505923387
4.09999999999996	145	3	1.05711699934637	0.503563040057405	0.803946714295351	0.403588429529904	0.772736794604844	-0.0485996433665856	5.19674765167849	3.14041972529956	1.39587505923387
4.10999999999996	145	3	1.05711699934637	0.503563040057405	0.803946714295351	0.403588429529904	0.772736794604844	-0.0376080786961433	5.19674765167849	3.14041972529956	1.39587505923388
4.11999999999996	145	3	1.05711699934637	0.503563040057405	0.803946714295351	0.403588429529904	0.772736794604844	-0.0376080786961434	5.19674765167849	3.14041972529956	1.39587505923387
4.12999999999996	145	3	1.05711699934637	0.503563040057405	0.803946714295351	0.403588429529904	0.772736794604844	-0.0485996433665857	5.19674765167849	3.14041972529955	1.39587505923389
4.13999999999996	145	3	1.05711699934637	0.503563040057405	0.803946714295351	0.403588429529904	0.772736794604844	-0.0376080786961434	5.19674765167849	3.14041972529955	1.39587505923388
4.14999999999996	145	2	1.02796655747323	0.492122395074061	1	0.497622995935131	1	-0.297005971832994	5.1101344076923	3.25948333241504	1.46662459218171
4.15999999999996	145	2	1.02796655747323	0.492122395074061	1	0.497622995935131	1	-0.297005971832995	5.11013440769231	3.25948333241505	1.46662459218171
4.16999999999996	145	2	1.02796655747323	0.492122395074061	1	0.497622995935131	1	-0.297005971832995	5.11013440769231	3.25948333241503	1.46662459218172
4.17999999999996	145	2	1.02796655747323	0.492122395074061	1	0.497622995935131	1	-0.297005971832995	5.11013440769231	3.25948333241505	1.46662459218171
4.18999999999996	145	2	1.02796655747323	0.492122395074061	1	0.497622995935131	1	-0.297005971832995	5.11013440769231	3.25948333241503	1.46662459218172
4.19999999999995	145	2	1.02796655747323	0.492122395074061	1	0.497622995935131	1	-0.297005971832995	5.11013440769231	3.25948333241505	1.46662459218171
4.20999999999995	145	2	1.02796655747323	0.492122395074061	1	0.497622995935131	1	-0.297005971832995	5.11013440769231	3.25948333241505	1.46662459218171
4.21999999999995	145	2	1.02796655747323	0.492122395074061	1	0.497622995935131	1	-0.297005971832995	5.1101344076923	3.25948333241504	1.46662459218172
4.22999999999995	145	2	1.02796655747323	0.492122395074061	1	0.497622995935131	1	-0.297005971832995	5.1101344076923	3.25948333241504	1.46662459218171
4.23999999999995	145	2	1.02796655747323	0.492122395074061	1	0.497622995935131	1	-0.297005971832995	5.11013440769231	3.25948333241505	1.46662459218171
4.24999999999995	145	2	1.02796655747323	0.492122395074061	1	0.497622995935131	1	-0.297005971832995	5.11013440769231	3.25948333241505	1.46662459218171
4.25999999999995	145	2	1.02796655747323	0.492122395074061	1	0.497622995935131	1	-0.297005971832995	5.11013440769231	3.25948333241505	1.4666245921817
4.26999999999995	145	2	1.02796655747323	0.492122395074061	1	0.497622995935131	1	-0.297005971832995	5.1101344076923	3.25948333241504	1.46662459218172
4.27999999999995	145	2	1.02796655747323	0.492122395074061	1	0.497622995935131	1	-0.297005971832995	5.11013440769231	3.25948333241504	1.46662459218172
4.28999999999995	145	2	1.02796655747323	0.492122395074061	1	0.497622995935131	1	-0.297005971832995	5.1101344076923	3.25948333241504	1.46662459218171
4.29999999999995	145	2	1.02796655747323	0.492122395074061	1	0.497622995935131	1	-0.297005971832995	5.1101344076923	3.25948333241504	1.46662459218171
4.30999999999995	145	2	1.02796655747323	0.492122395074061	1	0.497622995935131	1	-0.297005971832994	5.1101344076923	3.25948333241503	1.46662459218172
4.31999999999995	145	2	1.02796655747323	0.492122395074061	1	0.497622995935131	1	-0.297005971832995	5.11013440769231	3.25948333241506	1.4666245921817
4.32999999999995	145	2	1.02796655747323	0.492122395074061	1	0.497622995935131	1	-0.297005971832995	5.11013440769231	3.25948333241505	1.46662459218171
4.33999999999995	145	2	1.02796655747323	0.492122395074061	1	0.497622995935131	1	-0.297005971832995	5.11013440769231	3.25948333241505	1.46662459218171
4.34999999999995	145	2	1.02796655747323	0.492122395074061	1	0.497622995935131	1	-0.297005971832995	5.11013440769231	3.25948333241504	1.46662459218172
4.35999999999995	145	2	1.02796655747323	0.492122395074061	1	0.497622995935131	1	-0.297005971832995	5.11013440769231	3.25948333241505	1.46662459218171
4.36999999999995	145	1	1	1	0	1	0	-1	0	3.52877906094827	0.28338413449191
