#dist_cut	num_seqs	num_clusters	num_clusters(recip_simpson_index)	avg_intra_clust_phylo_dist_phylum(norm_shannon_index)	avg_inter_clust_phylo_dist_phylum(norm_shannon_index)	avg_intra_clust_phylo_dist_order(norm_shannon_index)	avg_inter_clust_phylo_dist_order(norm_shannon_index)	avg_silhouette_width	avg_inter_clust_dist	avg_intra_clust_dist	dunn_index
0	48	48	48	0	0.326394810785536	0	0.277898127026118	1	3.1882994652039	0	0.08193661
0.01	48	48	48	0	0.326394810785536	0	0.277898127026118	1	3.1882994652039	0	0.08193661
0.02	48	48	48	0	0.326394810785536	0	0.277898127026118	1	3.1882994652039	0	0.08193661
0.03	48	48	48	0	0.326394810785536	0	0.277898127026118	1	3.1882994652039	0	0.08193661
0.04	48	48	48	0	0.326394810785536	0	0.277898127026118	1	3.1882994652039	0	0.08193661
0.05	48	48	48	0	0.326394810785536	0	0.277898127026118	1	3.1882994652039	0	0.08193661
0.06	48	48	48	0	0.326394810785536	0	0.277898127026118	1	3.1882994652039	0	0.08193661
0.07	48	48	48	0	0.326394810785536	0	0.277898127026118	1	3.1882994652039	0	0.08193661
0.08	48	48	48	0	0.326394810785536	0	0.277898127026118	1	3.1882994652039	0	0.08193661
0.09	48	47	46.08	0	0.332576907438146	0	0.278980422301967	0.957446808510638	3.20005383035152	0.00174333212765957	1.31844379453824
0.1	48	46	42.6666666666667	0	0.338797414081487	0	0.279621557629874	0.956521739130435	3.20834868758454	0.00215937855072464	1.09864016163534
0.11	48	45	41.1428571428571	0	0.34545213530191	0	0.280320264009985	0.954589873802028	3.2266492976431	0.0046324642962963	1.07799423217264
0.12	48	44	39.7241379310345	0	0.352367763555436	0	0.281026151328698	0.952398174848916	3.2476364664993	0.00741140553030303	1.09326191262481
0.13	48	42	34.9090909090909	0	0.366972461499227	0	0.282245962576454	0.949301103554003	3.24485379173635	0.0112261217460317	1.14118501976132
0.14	48	41	32.9142857142857	0	0.374515824371388	0	0.282215600701582	0.938477142997179	3.26227047938211	0.0125808280487805	1.00150238737106
0.15	48	41	32.9142857142857	0	0.374515824371388	0	0.282215600701582	0.938953810423706	3.26227047938211	0.0125808280487805	1.00150238737106
0.16	48	40	30.3157894736842	0	0.382543680304333	0	0.282014278881318	0.946868523864128	3.27572679583975	0.0131709938333333	0.937667613442408
0.17	48	39	29.5384615384615	0	0.390993739557262	0	0.280557407937454	0.944377753995519	3.28617315128205	0.0176677144444444	1.1605591605539
0.18	48	39	29.5384615384615	0	0.390993739557262	0	0.280557407937454	0.944557733463833	3.28617315128205	0.0176677144444444	1.1605591605539
0.19	48	39	29.5384615384615	0	0.390993739557262	0	0.280557407937454	0.943166344351268	3.28617315128205	0.0176677144444444	1.1605591605539
0.2	48	39	29.5384615384615	0	0.390993739557262	0	0.280557407937454	0.943914494756439	3.28617315128205	0.0176677144444444	1.1605591605539
0.21	48	38	28.8	0	0.399813159866973	0.00876640436505051	0.289566193114239	0.939795625121247	3.25802133831437	0.0234157514035088	1.01489148435609
0.22	48	38	28.8	0	0.399813159866973	0.00876640436505051	0.289566193114239	0.941854290764297	3.25802133831437	0.0234157514035088	1.01489148435609
0.23	48	37	28.0975609756098	0	0.40902543807963	0.00900333421275458	0.291273946504606	0.936024054145026	3.29288204873874	0.0300336325225225	0.920077165591498
0.24	48	36	26.7906976744186	0	0.418334330785297	0.00925342682977554	0.292200509805272	0.932626742061612	3.31501707366138	0.0326200813888889	1.27389366294288
0.25	48	34	24	0	0.438451710661821	0.00979774605505645	0.292233768918954	0.930774246330013	3.23145192532531	0.0369650160294118	1.08626866736591
0.26	48	34	24	0	0.438451710661821	0.00979774605505645	0.292233768918954	0.930081763999698	3.23145192532532	0.0369650160294118	1.08626866736591
0.27	48	34	24	0	0.438451710661821	0.00979774605505645	0.292233768918954	0.92958173744085	3.23145192532531	0.0369650160294118	1.08626866736591
0.28	48	34	24	0	0.438451710661821	0.00979774605505645	0.292233768918954	0.92958173744085	3.23145192532531	0.0369650160294118	1.08626866736591
0.29	48	32	20.2105263157895	0	0.46153495864721	0.0104101051834975	0.29475443238509	0.926920530916618	3.2507611994506	0.04336935578125	1.18663633277169
0.3	48	32	20.2105263157895	0	0.46153495864721	0.0104101051834975	0.29475443238509	0.926920530916617	3.25076119945061	0.04336935578125	1.18663633277169
0.31	48	32	20.2105263157895	0	0.46153495864721	0.0104101051834975	0.29475443238509	0.926684036895892	3.2507611994506	0.04336935578125	1.18663633277169
0.32	48	32	20.2105263157895	0	0.46153495864721	0.0104101051834975	0.29475443238509	0.926684036895892	3.25076119945061	0.04336935578125	1.18663633277169
0.33	48	32	20.2105263157895	0	0.46153495864721	0.0104101051834975	0.29475443238509	0.926920530916618	3.2507611994506	0.04336935578125	1.18663633277169
0.34	48	31	19.8620689655172	0	0.473685225513048	0.0107459150281264	0.29546594866119	0.919158208575538	3.2635104778172	0.0556105985483871	1.21068712585259
0.35	48	31	19.8620689655172	0	0.473685225513048	0.0107459150281264	0.29546594866119	0.920445547755613	3.2635104778172	0.0556105985483871	1.21068712585259
0.36	48	31	19.8620689655172	0	0.473685225513048	0.0107459150281264	0.29546594866119	0.918738269039229	3.2635104778172	0.0556105985483871	1.21068712585259
0.37	48	30	19.2	0	0.48598463562591	0.0111041121957306	0.294052428017029	0.913548260914023	3.26196305271839	0.0629025503888889	1.27780991515346
0.38	48	30	19.2	0	0.48598463562591	0.0111041121957306	0.294052428017029	0.913548260914023	3.26196305271839	0.0629025503888889	1.27780991515346
0.39	48	30	19.2	0	0.48598463562591	0.0111041121957306	0.294052428017029	0.915394617588029	3.26196305271839	0.0629025503888889	1.27780991515346
0.4	48	30	19.2	0	0.48598463562591	0.0111041121957306	0.294052428017029	0.916760523258231	3.26196305271839	0.0629025503888889	1.27780991515346
0.41	48	30	19.2	0	0.48598463562591	0.0111041121957306	0.294052428017029	0.913548260914022	3.26196305271839	0.0629025503888889	1.27780991515346
0.42	48	30	19.2	0	0.48598463562591	0.0111041121957306	0.294052428017029	0.913548260914023	3.26196305271839	0.0629025503888889	1.27780991515346
0.43	48	29	18.8852459016393	0	0.499373415940449	0.0114870126162731	0.295544728708382	0.907405485994993	3.24318361371921	0.0798813841954023	1.2712830172363
0.44	48	29	18.8852459016393	0	0.499373415940449	0.0114870126162731	0.295544728708382	0.906757975050539	3.24318361371921	0.0798813841954023	1.2712830172363
0.45	48	29	18.8852459016393	0	0.499373415940449	0.0114870126162731	0.295544728708382	0.906757975050539	3.24318361371921	0.0798813841954023	1.2712830172363
0.46	48	29	18.8852459016393	0	0.499373415940449	0.0114870126162731	0.295544728708382	0.908533907839341	3.24318361371921	0.0798813841954023	1.2712830172363
0.47	48	29	18.8852459016393	0	0.499373415940449	0.0114870126162731	0.295544728708382	0.907598616572757	3.24318361371921	0.0798813841954023	1.2712830172363
0.48	48	29	18.8852459016393	0	0.499373415940449	0.0114870126162731	0.295544728708382	0.907464232200819	3.24318361371921	0.0798813841954023	1.2712830172363
0.49	48	28	18.2857142857143	0	0.512924056892925	0.0118972630668543	0.295496396961085	0.900529770371385	3.24856564658069	0.0877315782738095	1.21891382916512
0.5	48	28	18.2857142857143	0	0.512924056892925	0.0118972630668543	0.295496396961085	0.902648929199657	3.24856564658069	0.0877315782738095	1.21891382916512
0.51	48	28	18.2857142857143	0	0.512924056892925	0.0118972630668543	0.295496396961085	0.902156330457911	3.24856564658069	0.0877315782738095	1.21891382916512
0.52	48	28	18.2857142857143	0	0.512924056892925	0.0118972630668543	0.295496396961085	0.899534426360251	3.24856564658068	0.0877315782738095	1.21891382916512
0.53	48	28	18.2857142857143	0	0.512924056892925	0.0118972630668543	0.295496396961085	0.888001984083801	3.24856564658068	0.0877315782738095	1.21891382916512
0.54	48	28	18.2857142857143	0	0.512924056892925	0.0118972630668543	0.295496396961085	0.902156330457912	3.24856564658069	0.0877315782738095	1.21891382916512
0.55	48	28	18.2857142857143	0	0.512924056892925	0.0118972630668543	0.295496396961085	0.901154218567412	3.24856564658069	0.0877315782738095	1.21891382916512
0.56	48	27	17.1940298507463	0	0.527937346855853	0.0119794937081511	0.293333584520137	0.897103186657251	3.20212012403799	0.096154488691358	1.21891382916512
0.57	48	27	17.1940298507463	0	0.527937346855853	0.0119794937081511	0.293333584520137	0.897713785573438	3.20212012403799	0.096154488691358	1.21891382916512
0.58	48	27	17.1940298507463	0	0.527937346855853	0.0119794937081511	0.293333584520137	0.892287139000976	3.20212012403799	0.096154488691358	1.21891382916512
0.59	48	27	17.1940298507463	0	0.527937346855853	0.0119794937081511	0.293333584520137	0.89797155911566	3.20212012403799	0.096154488691358	1.21891382916512
0.6	48	27	17.1940298507463	0	0.527937346855853	0.0119794937081511	0.293333584520137	0.897103186657251	3.20212012403799	0.096154488691358	1.21891382916512
0.61	48	26	16.695652173913	0	0.542909831938793	0.0124402434661569	0.292411645282723	0.89033231779458	3.18228290230256	0.111433023	1.46120499741594
0.62	48	26	16.695652173913	0	0.542909831938793	0.0124402434661569	0.292411645282723	0.891982975689637	3.18228290230256	0.111433023	1.46120499741594
0.63	48	26	16.695652173913	0	0.542909831938793	0.0124402434661569	0.292411645282723	0.892794856046935	3.18228290230256	0.111433023	1.46120499741594
0.64	48	26	16.695652173913	0	0.542909831938793	0.0124402434661569	0.292411645282723	0.877494952907856	3.18228290230256	0.111433023	1.46120499741594
0.65	48	26	16.695652173913	0	0.542909831938793	0.0124402434661569	0.292411645282723	0.875206786038385	3.18228290230256	0.111433023	1.46120499741594
0.66	48	26	16.695652173913	0	0.542909831938793	0.0124402434661569	0.292411645282723	0.877494952907856	3.18228290230256	0.111433023	1.46120499741594
0.67	48	26	16.695652173913	0	0.542909831938793	0.0124402434661569	0.292411645282723	0.892544025627453	3.18228290230256	0.111433023	1.46120499741594
0.68	48	26	16.695652173913	0	0.542909831938793	0.0124402434661569	0.292411645282723	0.892691260214852	3.18228290230256	0.111433023	1.46120499741594
0.69	48	26	16.695652173913	0	0.542909831938793	0.0124402434661569	0.292411645282723	0.877494952907856	3.18228290230256	0.111433023	1.46120499741594
0.7	48	25	16.4571428571429	0	0.559293285848864	0.02626278783968	0.305717305407317	0.88070833237375	3.16352537778667	0.14371362872	1.01057642194713
0.71	48	24	16.2253521126761	0	0.576558971482648	0.0273570706663333	0.305421076527226	0.866493712847964	3.18238129952415	0.178990817	1.10178425325137
0.72	48	24	16.2253521126761	0	0.576558971482648	0.0273570706663333	0.305421076527226	0.8696260473759	3.18238129952415	0.178990817	1.10178425325137
0.73	48	24	16.2253521126761	0	0.576558971482648	0.0273570706663333	0.305421076527226	0.852820305716185	3.18238129952415	0.178990817	1.10178425325137
0.74	48	24	16.2253521126761	0	0.576558971482648	0.0273570706663333	0.305421076527226	0.866493712847963	3.18238129952415	0.178990817	1.10178425325137
0.75	48	24	16.2253521126761	0	0.576558971482648	0.0273570706663333	0.305421076527226	0.864617201241042	3.18238129952415	0.178990817	1.10178425325137
0.76	48	24	16.2253521126761	0	0.576558971482648	0.0273570706663333	0.305421076527226	0.864858450011403	3.18238129952415	0.178990817	1.10178425325137
0.77	48	24	16.2253521126761	0	0.576558971482648	0.0273570706663333	0.305421076527226	0.865414108708745	3.18238129952415	0.178990817	1.10178425325137
0.78	48	23	16	0	0.594753227287598	0.0285465085213913	0.305609629461533	0.85570068990953	3.18560846854282	0.22044637426087	1.04309357247658
0.79	48	23	16	0	0.594753227287598	0.0285465085213913	0.305609629461533	0.851188184167726	3.18560846854282	0.22044637426087	1.04309357247658
0.8	48	23	16	0	0.594753227287598	0.0285465085213913	0.305609629461533	0.851011709576893	3.18560846854282	0.22044637426087	1.04309357247658
0.81	48	23	16	0	0.594753227287598	0.0285465085213913	0.305609629461533	0.848661651326703	3.18560846854282	0.22044637426087	1.04309357247658
0.820000000000001	48	23	15.5675675675676	0	0.595864012296196	0.0285465085213913	0.305738860367041	0.839805530918179	3.18483320171805	0.233189609304348	0.911550029890753
0.830000000000001	48	23	15.5675675675676	0	0.595864012296196	0.0285465085213913	0.305738860367041	0.834802314773401	3.18483320171805	0.233189609304348	0.911550029890753
0.840000000000001	48	22	13.7142857142857	0	0.617106939069024	0.0298440770905454	0.304164253916342	0.854084159219348	3.1984176955368	0.227287004108225	1.58954287805993
0.850000000000001	48	22	13.7142857142857	0	0.617106939069024	0.0298440770905454	0.304164253916342	0.854084159219348	3.1984176955368	0.227287004108225	1.58954287805993
0.860000000000001	48	22	13.7142857142857	0	0.617106939069024	0.0298440770905454	0.304164253916342	0.85228013069104	3.1984176955368	0.227287004108225	1.58954287805993
0.870000000000001	48	22	13.7142857142857	0	0.617106939069024	0.0298440770905454	0.304164253916342	0.85228013069104	3.1984176955368	0.227287004108225	1.58954287805993
0.880000000000001	48	22	13.7142857142857	0	0.617106939069024	0.0298440770905454	0.304164253916342	0.852866992252004	3.1984176955368	0.227287004108225	1.58954287805993
0.890000000000001	48	22	13.7142857142857	0	0.617106939069024	0.0298440770905454	0.304164253916342	0.854953069108071	3.1984176955368	0.227287004108225	1.58954287805993
0.900000000000001	48	22	13.7142857142857	0	0.617106939069024	0.0298440770905454	0.304164253916342	0.845965058082125	3.1984176955368	0.227287004108225	1.58954287805993
0.910000000000001	48	22	13.7142857142857	0	0.617106939069024	0.0298440770905454	0.304164253916342	0.84537819652116	3.1984176955368	0.227287004108225	1.58954287805993
0.920000000000001	48	22	13.7142857142857	0	0.617106939069024	0.0298440770905454	0.304164253916342	0.845965058082124	3.1984176955368	0.227287004108225	1.58954287805993
0.930000000000001	48	22	13.7142857142857	0	0.617106939069024	0.0298440770905454	0.304164253916342	0.854084159219348	3.1984176955368	0.227287004108225	1.58954287805993
0.940000000000001	48	22	13.7142857142857	0	0.617106939069024	0.0298440770905454	0.304164253916342	0.854974975949245	3.1984176955368	0.227287004108225	1.58954287805993
0.950000000000001	48	22	13.7142857142857	0	0.617106939069024	0.0298440770905454	0.304164253916342	0.85228013069104	3.1984176955368	0.227287004108225	1.58954287805993
0.960000000000001	48	22	13.7142857142857	0	0.617106939069024	0.0298440770905454	0.304164253916342	0.853220859720206	3.1984176955368	0.227287004108225	1.58954287805993
0.970000000000001	48	22	13.7142857142857	0	0.617106939069024	0.0298440770905454	0.304164253916342	0.852866992252004	3.1984176955368	0.227287004108225	1.58954287805993
0.980000000000001	48	22	13.7142857142857	0	0.617106939069024	0.0298440770905454	0.304164253916342	0.845965058082125	3.1984176955368	0.227287004108225	1.58954287805993
0.990000000000001	48	22	13.7142857142857	0	0.617106939069024	0.0298440770905454	0.304164253916342	0.85228013069104	3.1984176955368	0.227287004108225	1.58954287805993
1	48	22	13.7142857142857	0	0.617106939069024	0.0298440770905454	0.304164253916342	0.856707185337111	3.1984176955368	0.227287004108225	1.58954287805993
1.01	48	22	13.7142857142857	0	0.617106939069024	0.0298440770905454	0.304164253916342	0.847182225049468	3.1984176955368	0.227287004108225	1.58954287805993
1.02	48	22	13.7142857142857	0	0.617106939069024	0.0298440770905454	0.304164253916342	0.851857620827144	3.1984176955368	0.227287004108225	1.58954287805993
1.03	48	22	13.7142857142857	0	0.617106939069024	0.0298440770905454	0.304164253916342	0.854974975949245	3.1984176955368	0.227287004108225	1.58954287805993
1.04	48	22	13.7142857142857	0	0.617106939069024	0.0298440770905454	0.304164253916342	0.845965058082125	3.1984176955368	0.227287004108225	1.58954287805993
1.05	48	22	13.7142857142857	0	0.617106939069024	0.0298440770905454	0.304164253916342	0.85228013069104	3.1984176955368	0.227287004108225	1.58954287805993
1.06	48	22	13.7142857142857	0	0.617106939069024	0.0298440770905454	0.304164253916342	0.852117014820071	3.1984176955368	0.227287004108225	1.58954287805993
1.07	48	22	13.7142857142857	0	0.617106939069024	0.0298440770905454	0.304164253916342	0.853904724398332	3.1984176955368	0.227287004108225	1.58954287805993
1.08	48	22	13.7142857142857	0	0.617106939069024	0.0298440770905454	0.304164253916342	0.854953069108072	3.1984176955368	0.227287004108225	1.58954287805993
1.09	48	22	13.7142857142857	0	0.617106939069024	0.0298440770905454	0.304164253916342	0.85228013069104	3.1984176955368	0.227287004108225	1.58954287805993
1.1	48	22	13.7142857142857	0	0.617106939069024	0.0298440770905454	0.304164253916342	0.854953069108071	3.1984176955368	0.227287004108225	1.58954287805993
1.11	48	22	13.7142857142857	0	0.617106939069024	0.0298440770905454	0.304164253916342	0.852866992252004	3.1984176955368	0.227287004108225	1.58954287805993
1.12	48	22	13.7142857142857	0	0.617106939069024	0.0298440770905454	0.304164253916342	0.847182225049468	3.1984176955368	0.227287004108225	1.58954287805993
1.13	48	22	13.7142857142857	0	0.617106939069024	0.0298440770905454	0.304164253916342	0.851857620827145	3.1984176955368	0.227287004108225	1.58954287805993
1.14	48	22	13.7142857142857	0	0.617106939069024	0.0298440770905454	0.304164253916342	0.853904724398332	3.1984176955368	0.227287004108225	1.58954287805993
1.15	48	22	13.7142857142857	0	0.617106939069024	0.0298440770905454	0.304164253916342	0.854953069108071	3.1984176955368	0.227287004108225	1.58954287805993
1.16	48	22	13.7142857142857	0	0.617106939069024	0.0298440770905454	0.304164253916342	0.847182225049468	3.1984176955368	0.227287004108225	1.58954287805993
1.17	48	21	13.3953488372093	0	0.63662566456499	0.0312652236186666	0.307586068978849	0.837978014719709	3.25622432634467	0.270162081922903	1.53926020538243
1.18	48	21	13.3953488372093	0	0.63662566456499	0.0312652236186666	0.307586068978849	0.83674700493753	3.25622432634467	0.270162081922903	1.53926020538243
1.19	48	21	13.3953488372093	0	0.63662566456499	0.0312652236186666	0.307586068978849	0.836088080071005	3.25622432634467	0.270162081922902	1.53926020538243
1.2	48	21	13.3953488372093	0	0.63662566456499	0.0312652236186666	0.307586068978849	0.837978014719709	3.25622432634467	0.270162081922903	1.53926020538243
1.21	48	21	13.3953488372093	0	0.63662566456499	0.0312652236186666	0.307586068978849	0.818049952424902	3.25622432634467	0.270162081922902	1.53926020538243
1.22	48	21	13.3953488372093	0	0.63662566456499	0.0312652236186666	0.307586068978849	0.828858054292665	3.25622432634467	0.270162081922902	1.53926020538243
1.23	48	21	13.3953488372093	0	0.63662566456499	0.0312652236186666	0.307586068978849	0.837532695580507	3.25622432634467	0.270162081922902	1.53926020538243
1.24	48	21	13.3953488372093	0	0.63662566456499	0.0312652236186666	0.307586068978849	0.836311838292327	3.25622432634467	0.270162081922902	1.53926020538243
1.25	48	20	12.9438202247191	0	0.657749916902575	0.0328284847996	0.307846544212134	0.813165761679398	3.2449019922891	0.311062965102381	1.53926020538243
1.26	48	20	12.9438202247191	0	0.657749916902575	0.0328284847996	0.307846544212134	0.81616693423815	3.2449019922891	0.311062965102381	1.53926020538243
1.27	48	20	12.9438202247191	0	0.657749916902575	0.0328284847996	0.307846544212134	0.823301080099718	3.2449019922891	0.311062965102381	1.53926020538243
1.28	48	20	12.9438202247191	0	0.657749916902575	0.0328284847996	0.307846544212134	0.813165761679398	3.2449019922891	0.311062965102381	1.53926020538243
1.29	48	20	12.9438202247191	0	0.657749916902575	0.0328284847996	0.307846544212134	0.814133977651131	3.2449019922891	0.311062965102381	1.53926020538243
1.3	48	20	12.9438202247191	0	0.657749916902575	0.0328284847996	0.307846544212134	0.814619404610317	3.2449019922891	0.311062965102381	1.53926020538243
1.31	48	20	12.9438202247191	0	0.657749916902575	0.0328284847996	0.307846544212134	0.824593640371006	3.2449019922891	0.311062965102381	1.53926020538243
1.32	48	20	12.9438202247191	0	0.657749916902575	0.0328284847996	0.307846544212134	0.814958952826257	3.2449019922891	0.311062965102381	1.53926020538243
1.33	48	20	12.9438202247191	0	0.657749916902575	0.0328284847996	0.307846544212134	0.815417575607703	3.2449019922891	0.311062965102381	1.53926020538243
1.34	48	20	12.9438202247191	0	0.657749916902575	0.0328284847996	0.307846544212134	0.823301080099718	3.2449019922891	0.311062965102381	1.53926020538243
1.35	48	20	12.9438202247191	0	0.657749916902575	0.0328284847996	0.307846544212134	0.822609208989867	3.2449019922891	0.311062965102381	1.53926020538243
1.36	48	20	12.9438202247191	0	0.657749916902575	0.0328284847996	0.307846544212134	0.824126055274844	3.2449019922891	0.311062965102381	1.53926020538243
1.37	48	19	12.1263157894737	0	0.680304115383964	0.0410601056099436	0.319445829515682	0.788764051170787	3.21924094570454	0.322136803827068	1.42011750980945
1.38	48	19	12.1263157894737	0	0.680304115383964	0.0410601056099436	0.319445829515682	0.795505920827098	3.21924094570454	0.322136803827068	1.42011750980945
1.39	48	19	12.1263157894737	0	0.680304115383964	0.0410601056099436	0.319445829515682	0.79879430134894	3.21924094570454	0.322136803827068	1.42011750980945
1.4	48	19	12.1263157894737	0	0.680304115383964	0.0410601056099436	0.319445829515682	0.798794301348939	3.21924094570454	0.322136803827068	1.42011750980945
1.41	48	18	11.7551020408163	0	0.703353584205876	0.0433412225882738	0.32396785451699	0.769187564935671	3.2681944155873	0.355604069873016	1.47014687611493
1.42	48	18	11.7551020408163	0	0.703353584205876	0.0433412225882738	0.32396785451699	0.770131889311331	3.2681944155873	0.355604069873016	1.47014687611493
1.43	48	18	11.7551020408163	0	0.703353584205876	0.0433412225882738	0.32396785451699	0.769187564935672	3.2681944155873	0.355604069873016	1.47014687611493
1.44	48	18	11.7551020408163	0	0.703353584205876	0.0433412225882738	0.32396785451699	0.781194199646821	3.2681944155873	0.355604069873016	1.47014687611493
1.45	48	18	11.7551020408163	0	0.703353584205876	0.0433412225882738	0.32396785451699	0.769956310613284	3.2681944155873	0.355604069873016	1.47014687611493
1.46	48	18	11.7551020408163	0	0.703353584205876	0.0433412225882738	0.32396785451699	0.770131889311331	3.2681944155873	0.355604069873016	1.47014687611493
1.47	48	18	11.7551020408163	0	0.703353584205876	0.0433412225882738	0.32396785451699	0.784692533683331	3.2681944155873	0.355604069873016	1.47014687611493
1.48	48	18	11.7551020408163	0	0.703353584205876	0.0433412225882738	0.32396785451699	0.781194199646821	3.2681944155873	0.355604069873016	1.47014687611493
1.49	48	17	9.44262295081967	0	0.739830686138762	0.0458907062699369	0.327863674919943	0.798055213765505	3.29976882991106	0.361659258512605	1.47711585668715
1.5	48	17	9.44262295081967	0	0.739830686138762	0.0458907062699369	0.327863674919943	0.795651388022169	3.29976882991106	0.361659258512605	1.47711585668715
1.51	48	17	9.44262295081967	0	0.739830686138762	0.0458907062699369	0.327863674919943	0.798055213765505	3.29976882991106	0.361659258512605	1.47711585668715
1.52	48	17	9.44262295081967	0	0.739830686138762	0.0458907062699369	0.327863674919943	0.798869179777095	3.29976882991107	0.361659258512605	1.47711585668715
1.53	48	17	9.44262295081967	0	0.739830686138762	0.0458907062699369	0.327863674919943	0.788893021658759	3.29976882991106	0.361659258512605	1.47711585668715
1.54	48	17	9.44262295081967	0	0.739830686138762	0.0458907062699369	0.327863674919943	0.798055213765505	3.29976882991107	0.361659258512605	1.47711585668715
1.55	48	17	9.44262295081967	0	0.739830686138762	0.0458907062699369	0.327863674919943	0.795651388022169	3.29976882991106	0.361659258512605	1.47711585668715
1.56	48	17	9.44262295081967	0	0.739830686138762	0.0458907062699369	0.327863674919943	0.788406695022086	3.29976882991106	0.361659258512605	1.47711585668715
1.57	48	17	9.44262295081967	0	0.739830686138762	0.0458907062699369	0.327863674919943	0.798055213765505	3.29976882991106	0.361659258512605	1.47711585668715
1.58	48	17	9.44262295081967	0	0.739830686138762	0.0458907062699369	0.327863674919943	0.788893021658759	3.29976882991107	0.361659258512605	1.47711585668715
1.59	48	17	9.44262295081967	0	0.739830686138762	0.0458907062699369	0.327863674919943	0.798869179777095	3.29976882991106	0.361659258512605	1.47711585668715
1.6	48	17	9.44262295081967	0	0.739830686138762	0.0458907062699369	0.327863674919943	0.798055213765505	3.29976882991106	0.361659258512605	1.47711585668715
1.61	48	17	9.44262295081967	0	0.739830686138762	0.0458907062699369	0.327863674919943	0.798869179777095	3.29976882991107	0.361659258512605	1.47711585668715
1.62	48	17	9.44262295081967	0	0.739830686138762	0.0458907062699369	0.327863674919943	0.78518890326716	3.29976882991106	0.361659258512605	1.47711585668715
1.63	48	17	9.44262295081967	0	0.739830686138762	0.0458907062699369	0.327863674919943	0.798869179777095	3.29976882991106	0.361659258512605	1.47711585668715
1.64	48	17	9.44262295081967	0	0.739830686138762	0.0458907062699369	0.327863674919943	0.787592729010496	3.29976882991106	0.361659258512605	1.47711585668715
1.65	48	17	9.44262295081967	0	0.739830686138762	0.0458907062699369	0.327863674919943	0.78518890326716	3.29976882991106	0.361659258512605	1.47711585668715
1.66	48	17	9.44262295081967	0	0.739830686138762	0.0458907062699369	0.327863674919943	0.799355506413767	3.29976882991107	0.361659258512605	1.47711585668715
1.67	48	17	9.44262295081967	0	0.739830686138762	0.0458907062699369	0.327863674919943	0.795651388022169	3.29976882991107	0.361659258512605	1.47711585668715
1.68	48	17	9.44262295081967	0	0.739830686138762	0.0458907062699369	0.327863674919943	0.787592729010496	3.29976882991106	0.361659258512605	1.47711585668715
1.69	48	17	9.44262295081967	0	0.739830686138762	0.0458907062699369	0.327863674919943	0.787592729010496	3.29976882991106	0.361659258512605	1.47711585668715
1.7	48	17	9.14285714285714	0	0.742716981627527	0.0565421190279925	0.343966383178617	0.765880308608135	3.30562889614706	0.396652316285714	1.47711585668715
1.71	48	17	9.14285714285714	0	0.742716981627527	0.0565421190279925	0.343966383178617	0.780466992632484	3.30562889614706	0.396652316285714	1.47711585668715
1.72	48	17	9.14285714285714	0	0.742716981627527	0.0565421190279925	0.343966383178617	0.775310828242594	3.30562889614706	0.396652316285714	1.47711585668715
1.73	48	17	8.22857142857143	0	0.750071063415744	0.0631600351325263	0.35387016403084	0.784885977120888	3.3194559717598	0.34983700551634	1.38028880748819
1.74	48	17	8.22857142857143	0	0.750071063415744	0.0631600351325263	0.35387016403084	0.793719510939933	3.3194559717598	0.34983700551634	1.38028880748819
1.75	48	17	8.22857142857143	0	0.750071063415744	0.0631600351325263	0.35387016403084	0.793719510939933	3.3194559717598	0.34983700551634	1.38028880748819
1.76	48	17	8.22857142857143	0	0.750071063415744	0.0631600351325263	0.35387016403084	0.766247321130162	3.3194559717598	0.34983700551634	1.38028880748819
1.77	48	17	8.22857142857143	0	0.750071063415744	0.0631600351325263	0.35387016403084	0.779467043128746	3.3194559717598	0.34983700551634	1.38028880748819
1.78	48	17	8.22857142857143	0	0.750071063415744	0.0631600351325263	0.35387016403084	0.766247321130162	3.3194559717598	0.34983700551634	1.38028880748819
1.79	48	16	8.17021276595745	0	0.777932958325772	0.0879277476953041	0.376923636214916	0.696707618065607	3.35751734354167	0.499954000236111	0.863579734615723
1.8	48	15	7.9448275862069	0	0.804099484867485	0.104893709737388	0.395317434015558	0.732710868351618	3.39629473619683	0.459705341585185	1.07315846934983
1.81	48	15	7.9448275862069	0	0.804099484867485	0.104893709737388	0.395317434015558	0.75033733020566	3.39629473619683	0.459705341585185	1.07315846934983
1.82	48	14	7.43225806451613	0	0.837594941114427	0.122843740116763	0.418887672219552	0.735700345746754	3.36603729394972	0.510830115616162	1.17582586587823
1.83	48	14	7.78378378378378	0	0.831994951251948	0.123545645484028	0.418221943050598	0.695628367955292	3.36656804984286	0.566960437563492	1.17582586587823
1.84	48	14	7.3375796178344	0	0.835143932431786	0.140463982429506	0.443694603938881	0.698881370111053	3.36744878855905	0.594350718338828	1.12711683659964
1.85	48	14	7.3375796178344	0	0.835143932431786	0.140463982429507	0.443694603938881	0.71295038561903	3.36744878855905	0.594350718338828	1.12711683659964
1.86	48	13	4.64516129032258	0	0.90880616161729	0.137215790158685	0.4512529037971	0.703834748357603	3.36010821708974	0.548795198299595	1.07062785127592
1.87	48	13	4.64516129032258	0	0.90880616161729	0.137215790158685	0.4512529037971	0.70636654025019	3.36010821708974	0.548795198299595	1.07062785127592
1.88	48	13	5.51196172248804	0	0.893925755476485	0.16912327784334	0.486571509788615	0.676105030696793	3.39226025448696	0.612168736320082	1.04166339621087
1.89	48	12	3.51219512195122	0	0.982384570621207	0.14630538537683	0.468783626323519	0.710675853982348	3.40808349057828	0.520279086283816	1.00056432220066
1.9	48	12	3.51219512195122	0	0.982384570621206	0.14630538537683	0.468783626323519	0.715636065975194	3.40808349057828	0.520279086283816	1.00056432220067
1.91	48	12	3.51219512195122	0	0.982384570621206	0.14630538537683	0.468783626323519	0.715636065975194	3.40808349057828	0.520279086283816	1.00056432220067
1.92	48	12	3.50151975683891	0	0.984028499802675	0.158813614265614	0.486399938652825	0.705042091602	3.42022877064394	0.54949928786715	0.867477143642405
1.93	48	12	3.50151975683891	0	0.984028499802675	0.158813614265614	0.486399938652825	0.700081879609154	3.42022877064394	0.54949928786715	0.867477143642404
1.94	48	12	3.50151975683891	0	0.984028499802675	0.158813614265614	0.486399938652825	0.700081879609153	3.42022877064394	0.54949928786715	0.867477143642405
1.95	48	9	3.21787709497207	0	1.13091004260498	0.223407921670677	0.55117841691849	0.592031428517008	3.50343836368519	0.925080381687064	1.15076057150762
1.96	48	9	3.21787709497207	0	1.13091004260498	0.223407921670677	0.55117841691849	0.591179139555972	3.50343836368519	0.925080381687064	1.15076057150762
1.97	48	9	3.21787709497207	0	1.13091004260498	0.223407921670677	0.55117841691849	0.591179139555973	3.50343836368518	0.925080381687064	1.15076057150762
1.98	48	9	3.21787709497207	0	1.13091004260498	0.223407921670677	0.55117841691849	0.575201699494427	3.50343836368519	0.925080381687064	1.15076057150762
1.99	48	9	3.21787709497207	0	1.13091004260498	0.223407921670677	0.55117841691849	0.591179139555973	3.50343836368518	0.925080381687064	1.15076057150762
2	48	9	3.21787709497207	0	1.13091004260498	0.223407921670677	0.55117841691849	0.591179139555972	3.50343836368519	0.925080381687064	1.15076057150762
2.01	48	9	3.21787709497207	0	1.13091004260498	0.223407921670677	0.55117841691849	0.575201699494427	3.50343836368519	0.925080381687063	1.15076057150762
2.02	48	9	3.21787709497207	0	1.13091004260498	0.223407921670677	0.55117841691849	0.575201699494428	3.50343836368519	0.925080381687064	1.15076057150762
2.03	48	9	3.21787709497207	0	1.13091004260498	0.223407921670677	0.55117841691849	0.592031428517008	3.50343836368519	0.925080381687064	1.15076057150762
2.04	48	9	3.21787709497207	0	1.13091004260498	0.223407921670677	0.55117841691849	0.568447596930113	3.50343836368519	0.925080381687064	1.15076057150762
2.05	48	9	3.21787709497207	0	1.13091004260498	0.223407921670677	0.55117841691849	0.568447596930112	3.50343836368519	0.925080381687064	1.15076057150762
2.06	48	9	3.21787709497207	0	1.13091004260498	0.223407921670677	0.55117841691849	0.568447596930113	3.50343836368519	0.925080381687063	1.15076057150762
2.07	48	9	3.21787709497207	0	1.13091004260498	0.223407921670677	0.55117841691849	0.568447596930112	3.50343836368519	0.925080381687063	1.15076057150762
2.08	48	9	3.21787709497207	0	1.13091004260498	0.223407921670677	0.55117841691849	0.591179139555972	3.50343836368519	0.925080381687064	1.15076057150762
2.09	48	9	3.21787709497207	0	1.13091004260498	0.223407921670677	0.55117841691849	0.575201699494428	3.50343836368519	0.925080381687064	1.15076057150762
2.1	48	9	3.21787709497207	0	1.13091004260498	0.223407921670677	0.55117841691849	0.591179139555972	3.50343836368519	0.925080381687064	1.15076057150762
2.11	48	8	3.17355371900826	0	1.15149914645125	0.265062803254879	0.593801130389036	0.533828900637551	3.6605298638869	1.05739539773128	1.26872474763582
2.12	48	8	3.17355371900826	0	1.15149914645125	0.265062803254879	0.593801130389036	0.535337254118674	3.6605298638869	1.05739539773128	1.26872474763582
2.13	48	8	3.17355371900826	0	1.15149914645125	0.265062803254879	0.593801130389036	0.533828900637551	3.6605298638869	1.05739539773128	1.26872474763582
2.14	48	8	3.17355371900826	0	1.15149914645125	0.265062803254879	0.593801130389036	0.535337254118674	3.6605298638869	1.05739539773128	1.26872474763582
2.15	48	8	3.1304347826087	0	1.16110247670666	0.234665773691199	0.575299039304061	0.589972975576883	3.68802749489881	0.828633739171756	1.20065925436619
2.16	48	8	3.1304347826087	0	1.16110247670666	0.234665773691199	0.575299039304061	0.589972975576883	3.68802749489881	0.828633739171756	1.20065925436619
2.17	48	8	3.1304347826087	0	1.16110247670666	0.234665773691199	0.575299039304061	0.581773782229122	3.68802749489881	0.828633739171756	1.20065925436619
2.18	48	8	3.1304347826087	0	1.16110247670666	0.234665773691199	0.575299039304061	0.581773782229122	3.68802749489881	0.828633739171756	1.20065925436619
2.19	48	8	3.1304347826087	0	1.16110247670666	0.234665773691199	0.575299039304061	0.581773782229122	3.68802749489881	0.828633739171756	1.20065925436619
2.2	48	8	3.1304347826087	0	1.16110247670666	0.234665773691199	0.575299039304061	0.581773782229122	3.68802749489881	0.828633739171756	1.20065925436619
2.21	48	7	2.76923076923077	0	1.19290276067569	0.266025737240595	0.604621231822171	0.538292539514657	3.57226977523496	0.897838914852607	1.20065925436619
2.22	48	7	2.76923076923077	0	1.19290276067569	0.266025737240595	0.604621231822171	0.538292539514656	3.57226977523496	0.897838914852607	1.20065925436619
2.23	48	7	2.76923076923077	0	1.19290276067569	0.266025737240595	0.604621231822171	0.538292539514656	3.57226977523496	0.897838914852608	1.20065925436619
2.24	48	7	2.76923076923077	0	1.19290276067569	0.266025737240595	0.604621231822171	0.538292539514657	3.57226977523496	0.897838914852608	1.20065925436619
2.25	48	7	2.76923076923077	0	1.19290276067569	0.266025737240595	0.604621231822171	0.538292539514657	3.57226977523496	0.897838914852607	1.20065925436619
2.26	48	7	2.76923076923077	0	1.19290276067569	0.266025737240595	0.604621231822171	0.538292539514657	3.57226977523496	0.897838914852608	1.20065925436619
2.27	48	6	2.72340425531915	0	1.11497258756686	0.323042000088975	0.662800485305645	0.460201515001215	3.67643842536539	1.06921252361772	1.12979451738117
2.28	48	6	2.72340425531915	0	1.11497258756686	0.323042000088975	0.662800485305645	0.460201515001215	3.67643842536538	1.06921252361772	1.12979451738117
2.29	48	6	2.72340425531915	0	1.11497258756686	0.323042000088975	0.662800485305645	0.460201515001215	3.67643842536539	1.06921252361772	1.12979451738117
2.29999999999999	48	6	2.72340425531915	0	1.11497258756686	0.323042000088975	0.662800485305645	0.460201515001215	3.67643842536538	1.06921252361772	1.12979451738117
2.30999999999999	48	6	2.72340425531915	0	1.11497258756686	0.323042000088975	0.662800485305645	0.460201515001215	3.67643842536539	1.06921252361773	1.12979451738117
2.31999999999999	48	6	2.72340425531915	0	1.11497258756686	0.323042000088975	0.662800485305645	0.460201515001215	3.67643842536538	1.06921252361772	1.12979451738117
2.32999999999999	48	6	2.72340425531915	0	1.11497258756686	0.323042000088975	0.662800485305645	0.460201515001216	3.67643842536539	1.06921252361773	1.12979451738117
2.33999999999999	48	6	2.72340425531915	0	1.11497258756686	0.323042000088975	0.662800485305645	0.460201515001216	3.67643842536539	1.06921252361772	1.12979451738117
2.34999999999999	48	6	2.72340425531915	0	1.11497258756686	0.323042000088975	0.662800485305645	0.460201515001215	3.67643842536538	1.06921252361772	1.12979451738117
2.35999999999999	48	6	2.72340425531915	0	1.11497258756686	0.323042000088975	0.662800485305645	0.460201515001215	3.67643842536538	1.06921252361772	1.12979451738117
2.36999999999999	48	6	2.72340425531915	0	1.11497258756686	0.323042000088975	0.662800485305645	0.460201515001215	3.67643842536539	1.06921252361772	1.12979451738117
2.37999999999999	48	6	2.72340425531915	0	1.11497258756686	0.323042000088975	0.662800485305645	0.460201515001215	3.67643842536538	1.06921252361772	1.12979451738117
2.38999999999999	48	6	2.72340425531915	0	1.11497258756686	0.323042000088975	0.662800485305645	0.460201515001215	3.67643842536539	1.06921252361772	1.12979451738117
2.39999999999999	48	6	2.72340425531915	0	1.11497258756686	0.323042000088975	0.662800485305645	0.460201515001215	3.67643842536539	1.06921252361772	1.12979451738117
2.40999999999999	48	6	2.72340425531915	0	1.11497258756686	0.323042000088975	0.662800485305645	0.460201515001215	3.67643842536539	1.06921252361772	1.12979451738117
2.41999999999999	48	6	2.72340425531915	0	1.11497258756686	0.323042000088975	0.662800485305645	0.460201515001216	3.67643842536539	1.06921252361772	1.12979451738117
2.42999999999999	48	6	2.72340425531915	0	1.11497258756686	0.323042000088975	0.662800485305645	0.460201515001216	3.67643842536539	1.06921252361772	1.12979451738117
2.43999999999999	48	6	2.72340425531915	0	1.11497258756686	0.323042000088975	0.662800485305645	0.460201515001216	3.67643842536539	1.06921252361772	1.12979451738117
2.44999999999999	48	5	2.59459459459459	0.734982718177249	1.31118843243972	0.445430941178898	0.750081344616024	0.279886090545555	3.87400605402328	1.53165175828343	1.34443276509605
2.45999999999999	48	5	2.59459459459459	0.734982718177249	1.31118843243972	0.445430941178898	0.750081344616024	0.279886090545555	3.87400605402328	1.53165175828343	1.34443276509605
2.46999999999999	48	5	2.59459459459459	0.734982718177249	1.31118843243972	0.445430941178898	0.750081344616024	0.279886090545555	3.87400605402328	1.53165175828344	1.34443276509605
2.47999999999999	48	5	2.59459459459459	0.734982718177249	1.31118843243972	0.445430941178898	0.750081344616024	0.279886090545555	3.87400605402328	1.53165175828344	1.34443276509605
2.48999999999999	48	5	2.45628997867804	0.800376840361052	1.29888022285412	0.461971535253891	0.764735364983833	0.242630337436427	3.86440118516633	1.67355631637989	1.17339912347627
2.49999999999999	48	5	2.45628997867804	0.800376840361052	1.29888022285412	0.461971535253891	0.764735364983833	0.242630337436427	3.86440118516633	1.67355631637989	1.17339912347627
2.50999999999999	48	5	2.45628997867804	0.800376840361052	1.29888022285412	0.461971535253891	0.764735364983833	0.242630337436427	3.86440118516633	1.67355631637989	1.17339912347627
2.51999999999999	48	5	2.45628997867804	0.800376840361052	1.29888022285412	0.461971535253891	0.764735364983833	0.242630337436427	3.86440118516633	1.67355631637989	1.17339912347627
2.52999999999999	48	5	2.45628997867804	0.800376840361052	1.29888022285412	0.461971535253891	0.764735364983833	0.242630337436427	3.86440118516633	1.67355631637989	1.17339912347627
2.53999999999999	48	5	2.45628997867804	0.800376840361052	1.29888022285412	0.461971535253891	0.764735364983833	0.242630337436427	3.86440118516633	1.67355631637989	1.17339912347627
2.54999999999999	48	5	2.45628997867804	0.800376840361052	1.29888022285412	0.461971535253891	0.764735364983833	0.242630337436427	3.86440118516633	1.67355631637989	1.17339912347627
2.55999999999999	48	5	2.45628997867804	0.800376840361052	1.29888022285412	0.461971535253891	0.764735364983833	0.242630337436427	3.86440118516633	1.67355631637989	1.17339912347627
2.56999999999999	48	5	2.45628997867804	0.800376840361052	1.29888022285412	0.461971535253891	0.764735364983833	0.242630337436427	3.86440118516633	1.67355631637989	1.17339912347627
2.57999999999999	48	5	2.45628997867804	0.800376840361052	1.29888022285412	0.461971535253891	0.764735364983833	0.242630337436427	3.86440118516633	1.67355631637989	1.17339912347627
2.58999999999999	48	5	2.45628997867804	0.800376840361052	1.29888022285412	0.461971535253891	0.764735364983833	0.242630337436427	3.86440118516633	1.67355631637989	1.17339912347627
2.59999999999999	48	5	2.45628997867804	0.800376840361052	1.29888022285412	0.461971535253891	0.764735364983833	0.242630337436427	3.86440118516633	1.67355631637989	1.17339912347627
2.60999999999999	48	5	2.45628997867804	0.800376840361052	1.29888022285412	0.461971535253891	0.764735364983833	0.242630337436427	3.86440118516633	1.67355631637989	1.17339912347627
2.61999999999999	48	5	2.36550308008214	0.800376840361052	1.37747945482481	0.444283613288465	0.755291794775421	0.185518691122315	3.77894262711951	1.82000435303093	1.21777073442176
2.62999999999999	48	5	2.36550308008214	0.800376840361052	1.37747945482481	0.444283613288465	0.755291794775421	0.185518691122315	3.77894262711951	1.82000435303093	1.21777073442176
2.63999999999999	48	5	2.36550308008214	0.800376840361052	1.37747945482481	0.444283613288465	0.755291794775421	0.185518691122315	3.77894262711951	1.82000435303093	1.21777073442176
2.64999999999999	48	5	2.36550308008214	0.800376840361052	1.37747945482481	0.444283613288465	0.755291794775421	0.185518691122316	3.77894262711951	1.82000435303093	1.21777073442176
2.65999999999999	48	5	2.36550308008214	0.800376840361052	1.37747945482481	0.444283613288465	0.755291794775421	0.185518691122315	3.77894262711951	1.82000435303093	1.21777073442176
2.66999999999999	48	5	2.36550308008214	0.800376840361052	1.37747945482481	0.444283613288465	0.755291794775421	0.185518691122315	3.77894262711951	1.82000435303093	1.21777073442176
2.67999999999999	48	5	2.36550308008214	0.800376840361052	1.37747945482481	0.444283613288465	0.755291794775421	0.185518691122316	3.77894262711951	1.82000435303093	1.21777073442176
2.68999999999999	48	5	2.36550308008214	0.800376840361052	1.37747945482481	0.444283613288465	0.755291794775421	0.185518691122315	3.77894262711951	1.82000435303093	1.21777073442176
2.69999999999999	48	5	2.36550308008214	0.800376840361052	1.37747945482481	0.444283613288465	0.755291794775421	0.185518691122315	3.77894262711951	1.82000435303093	1.21777073442176
2.70999999999999	48	4	2.12154696132597	0.210941617679253	1.19326919465995	0.4919143097372	0.812042133639182	0.194791587474809	4.0222929926218	1.67376294296021	1.32590608012745
2.71999999999999	48	4	2.12154696132597	0.210941617679253	1.19326919465995	0.4919143097372	0.812042133639182	0.19479158747481	4.02229299262179	1.67376294296021	1.32590608012745
2.72999999999999	48	4	2.12154696132597	0.210941617679253	1.19326919465995	0.4919143097372	0.812042133639182	0.194791587474809	4.02229299262179	1.67376294296021	1.32590608012745
2.73999999999999	48	4	2.12154696132597	0.210941617679253	1.19326919465995	0.4919143097372	0.812042133639182	0.194791587474809	4.02229299262179	1.67376294296021	1.32590608012745
2.74999999999999	48	4	2.12154696132597	0.210941617679253	1.19326919465995	0.4919143097372	0.812042133639182	0.194791587474809	4.0222929926218	1.67376294296021	1.32590608012745
2.75999999999999	48	4	2.12154696132597	0.210941617679253	1.19326919465995	0.4919143097372	0.812042133639182	0.19479158747481	4.02229299262179	1.67376294296021	1.32590608012745
2.76999999999998	48	4	2.12154696132597	0.210941617679253	1.19326919465995	0.4919143097372	0.812042133639182	0.19479158747481	4.0222929926218	1.67376294296021	1.32590608012745
2.77999999999998	48	4	2.12154696132597	0.210941617679253	1.19326919465995	0.4919143097372	0.812042133639182	0.19479158747481	4.0222929926218	1.67376294296021	1.32590608012745
2.78999999999998	48	4	2.12154696132597	0.210941617679253	1.19326919465995	0.4919143097372	0.812042133639182	0.194791587474809	4.0222929926218	1.67376294296021	1.32590608012745
2.79999999999998	48	4	2.12154696132597	0.210941617679253	1.19326919465995	0.4919143097372	0.812042133639182	0.194791587474809	4.0222929926218	1.67376294296021	1.32590608012745
2.80999999999998	48	4	2.12154696132597	0.210941617679253	1.19326919465995	0.4919143097372	0.812042133639182	0.194791587474809	4.0222929926218	1.67376294296021	1.32590608012745
2.81999999999998	48	4	2.12154696132597	0.210941617679253	1.19326919465995	0.4919143097372	0.812042133639182	0.194791587474809	4.02229299262179	1.67376294296021	1.32590608012745
2.82999999999998	48	4	2.12154696132597	0.210941617679253	1.19326919465995	0.4919143097372	0.812042133639182	0.194791587474809	4.02229299262179	1.67376294296021	1.32590608012745
2.83999999999998	48	4	2.12154696132597	0.210941617679253	1.19326919465995	0.4919143097372	0.812042133639182	0.19479158747481	4.0222929926218	1.67376294296021	1.32590608012745
2.84999999999998	48	4	2.12154696132597	0.210941617679253	1.19326919465995	0.4919143097372	0.812042133639182	0.194791587474809	4.02229299262179	1.67376294296021	1.32590608012745
2.85999999999998	48	4	2.18595825426945	0.216498866323959	1.18983093884149	0.501528563281927	0.822481913180833	0.172747220896518	4.00158801583949	1.71979125027978	1.30490386538508
2.86999999999998	48	4	2.18595825426945	0.216498866323959	1.18983093884149	0.501528563281927	0.822481913180833	0.172747220896518	4.00158801583949	1.71979125027978	1.30490386538508
2.87999999999998	48	4	2.18595825426945	0.216498866323959	1.18983093884149	0.501528563281926	0.822481913180833	0.172747220896518	4.00158801583949	1.71979125027978	1.30490386538508
2.88999999999998	48	4	2.18595825426945	0.216498866323959	1.18983093884149	0.501528563281927	0.822481913180833	0.172747220896518	4.00158801583949	1.71979125027978	1.30490386538508
2.89999999999998	48	4	2.18595825426945	0.216498866323959	1.18983093884149	0.501528563281926	0.822481913180833	0.172747220896518	4.00158801583949	1.71979125027978	1.30490386538508
2.90999999999998	48	4	2.18595825426945	0.216498866323959	1.18983093884149	0.501528563281926	0.822481913180833	0.172747220896518	4.00158801583949	1.71979125027978	1.30490386538508
2.91999999999998	48	4	3.33913043478261	0.711624152274127	0.922661457879152	0.667562677980535	0.882916308765941	0.084476755841587	3.43371351770046	2.36458279288824	0.911492246755772
2.92999999999998	48	4	3.33913043478261	0.711624152274127	0.922661457879152	0.667562677980535	0.882916308765941	0.084476755841587	3.43371351770046	2.36458279288824	0.911492246755771
2.93999999999998	48	4	3.33913043478261	0.711624152274127	0.922661457879152	0.667562677980535	0.882916308765941	0.0844767558415869	3.43371351770046	2.36458279288824	0.911492246755771
2.94999999999998	48	4	3.33913043478261	0.711624152274127	0.922661457879152	0.667562677980535	0.882916308765942	0.084476755841587	3.43371351770046	2.36458279288824	0.911492246755772
2.95999999999998	48	4	3.33913043478261	0.711624152274127	0.922661457879152	0.667562677980535	0.882916308765941	0.084476755841587	3.43371351770046	2.36458279288824	0.911492246755771
2.96999999999998	48	4	3.33913043478261	0.689040232442874	0.911062548663393	0.66670336892174	0.883268435726843	-0.112220715764631	3.42722891836482	2.42384055174314	0.893233299556279
2.97999999999998	48	4	3.33913043478261	0.689040232442874	0.911062548663393	0.66670336892174	0.883268435726843	-0.112220715764631	3.42722891836482	2.42384055174314	0.893233299556279
2.98999999999998	48	3	2.84444444444444	0.839801752965924	0.979115454261033	0.790317625868942	0.949021354369146	-0.1966455512777	3.56631231738624	2.6190108500606	0.9240950890006
2.99999999999998	48	3	2.84444444444444	0.839801752965924	0.979115454261033	0.790317625868942	0.949021354369146	-0.1966455512777	3.56631231738624	2.61901085006061	0.924095089000599
3.00999999999998	48	3	2.84444444444444	0.839801752965924	0.979115454261033	0.790317625868942	0.949021354369146	-0.1966455512777	3.56631231738624	2.61901085006061	0.924095089000599
3.01999999999998	48	3	2.84444444444444	0.839801752965924	0.979115454261033	0.790317625868942	0.949021354369146	-0.1966455512777	3.56631231738624	2.61901085006061	0.924095089000599
3.02999999999998	48	3	2.84444444444444	0.839801752965924	0.979115454261033	0.790317625868942	0.949021354369146	-0.1966455512777	3.56631231738624	2.61901085006061	0.9240950890006
3.03999999999998	48	3	2.84444444444444	0.839801752965924	0.979115454261033	0.790317625868942	0.949021354369146	-0.1966455512777	3.56631231738624	2.61901085006061	0.9240950890006
3.04999999999998	48	3	2.84444444444444	0.839801752965924	0.979115454261033	0.790317625868942	0.949021354369146	-0.1966455512777	3.56631231738624	2.61901085006061	0.9240950890006
3.05999999999998	48	3	2.84444444444444	0.839801752965924	0.979115454261033	0.790317625868942	0.949021354369146	-0.1966455512777	3.56631231738624	2.61901085006061	0.924095089000599
3.06999999999998	48	3	2.84444444444444	0.839801752965924	0.979115454261033	0.790317625868942	0.949021354369146	-0.1966455512777	3.56631231738624	2.61901085006061	0.9240950890006
3.07999999999998	48	2	1.88235294117647	1.04126171480316	1	0.934337796245925	1	-0.14591660481426	3.19743713285185	3.10183458441943	0.97941930336428
3.08999999999998	48	2	1.94594594594595	1.01784280517473	1	0.922519559887568	1	-0.183484470637523	3.21521963978571	3.1147820648208	0.987259822627973
3.09999999999998	48	2	1.94594594594595	1.01784280517473	1	0.922519559887568	1	-0.183484470637523	3.21521963978572	3.1147820648208	0.987259822627974
3.10999999999998	48	2	1.94594594594595	1.01784280517473	1	0.922519559887568	1	-0.183484470637523	3.21521963978571	3.1147820648208	0.987259822627972
3.11999999999998	48	2	1.94594594594595	1.01784280517473	1	0.922519559887568	1	-0.183484470637523	3.21521963978571	3.1147820648208	0.987259822627973
3.12999999999998	48	2	1.94594594594595	1.01784280517473	1	0.922519559887568	1	-0.183484470637523	3.21521963978571	3.1147820648208	0.987259822627973
3.13999999999998	48	2	1.94594594594595	1.01784280517473	1	0.922519559887568	1	-0.183484470637523	3.21521963978571	3.1147820648208	0.987259822627974
3.14999999999998	48	2	1.94594594594595	1.01784280517473	1	0.922519559887568	1	-0.183484470637523	3.21521963978571	3.1147820648208	0.987259822627972
3.15999999999998	48	2	1.94594594594595	1.01784280517473	1	0.922519559887568	1	-0.183484470637523	3.21521963978571	3.1147820648208	0.987259822627971
3.16999999999998	48	2	1.94594594594595	1.01784280517473	1	0.922519559887568	1	-0.183484470637523	3.21521963978571	3.1147820648208	0.987259822627973
3.17999999999998	48	2	1.94594594594595	1.01784280517473	1	0.922519559887568	1	-0.183484470637523	3.21521963978571	3.1147820648208	0.987259822627973
3.18999999999998	48	2	1.94594594594595	1.01784280517473	1	0.922519559887568	1	-0.183484470637523	3.21521963978572	3.1147820648208	0.987259822627973
3.19999999999998	48	2	1.94594594594595	1.01784280517473	1	0.922519559887568	1	-0.183484470637523	3.21521963978571	3.1147820648208	0.987259822627973
3.20999999999998	48	2	1.94594594594595	1.01784280517473	1	0.922519559887568	1	-0.183484470637523	3.21521963978571	3.1147820648208	0.987259822627973
3.21999999999998	48	2	1.94594594594595	1.01784280517473	1	0.922519559887568	1	-0.183484470637523	3.21521963978571	3.1147820648208	0.987259822627972
3.22999999999998	48	2	1.94594594594595	1.01784280517473	1	0.922519559887568	1	-0.183484470637523	3.21521963978571	3.1147820648208	0.987259822627972
3.23999999999997	48	2	1.94594594594595	1.01784280517473	1	0.922519559887568	1	-0.183484470637523	3.21521963978572	3.1147820648208	0.987259822627973
3.24999999999997	48	2	1.94594594594595	1.01784280517473	1	0.922519559887568	1	-0.183484470637523	3.21521963978571	3.1147820648208	0.987259822627971
3.25999999999997	48	2	1.94594594594595	1.01784280517473	1	0.922519559887568	1	-0.183484470637523	3.21521963978571	3.1147820648208	0.987259822627972
3.26999999999997	48	2	1.94594594594595	1.01784280517473	1	0.922519559887568	1	-0.183484470637523	3.21521963978571	3.1147820648208	0.987259822627972
3.27999999999997	48	2	1.94594594594595	1.01784280517473	1	0.922519559887568	1	-0.183484470637523	3.21521963978571	3.1147820648208	0.987259822627971
3.28999999999997	48	2	1.94594594594595	1.01784280517473	1	0.922519559887568	1	-0.183484470637523	3.21521963978571	3.1147820648208	0.987259822627972
3.29999999999997	48	2	1.94594594594595	1.01784280517473	1	0.922519559887568	1	-0.183484470637523	3.21521963978571	3.1147820648208	0.987259822627972
3.30999999999997	48	2	1.94594594594595	1.01784280517473	1	0.922519559887568	1	-0.183484470637523	3.21521963978571	3.1147820648208	0.987259822627972
3.31999999999997	48	2	1.94594594594595	1.01784280517473	1	0.922519559887568	1	-0.183484470637523	3.21521963978571	3.1147820648208	0.987259822627972
3.32999999999997	48	2	1.94594594594595	1.01784280517473	1	0.922519559887568	1	-0.183484470637523	3.21521963978571	3.1147820648208	0.987259822627973
3.33999999999997	48	2	1.94594594594595	1.01784280517473	1	0.922519559887568	1	-0.183484470637523	3.21521963978571	3.1147820648208	0.987259822627973
3.34999999999997	48	2	1.94594594594595	1.01784280517473	1	0.922519559887568	1	-0.183484470637523	3.21521963978571	3.1147820648208	0.987259822627974
3.35999999999997	48	2	1.94594594594595	1.01784280517473	1	0.922519559887568	1	-0.183484470637523	3.21521963978571	3.1147820648208	0.987259822627973
3.36999999999997	48	2	1.94594594594595	1.01784280517473	1	0.922519559887568	1	-0.183484470637523	3.21521963978571	3.1147820648208	0.987259822627973
3.37999999999997	48	2	1.94594594594595	1.01784280517473	1	0.922519559887568	1	-0.183484470637523	3.21521963978571	3.1147820648208	0.987259822627973
3.38999999999997	48	2	1.94594594594595	1.01784280517473	1	0.922519559887568	1	-0.183484470637523	3.21521963978571	3.1147820648208	0.987259822627973
3.39999999999997	48	2	1.94594594594595	1.01784280517473	1	0.922519559887568	1	-0.183484470637523	3.21521963978571	3.1147820648208	0.987259822627973
3.40999999999997	48	2	1.94594594594595	1.01784280517473	1	0.922519559887568	1	-0.183484470637523	3.21521963978571	3.1147820648208	0.987259822627972
3.41999999999997	48	2	1.94594594594595	1.01784280517473	1	0.922519559887568	1	-0.183484470637523	3.21521963978571	3.1147820648208	0.987259822627973
3.42999999999997	48	2	1.94594594594595	1.01784280517473	1	0.922519559887568	1	-0.183484470637523	3.21521963978571	3.1147820648208	0.987259822627973
3.43999999999997	48	2	1.94594594594595	1.01784280517473	1	0.922519559887568	1	-0.183484470637523	3.21521963978571	3.1147820648208	0.987259822627973
3.44999999999997	48	2	1.94594594594595	1.01784280517473	1	0.922519559887568	1	-0.183484470637523	3.21521963978571	3.1147820648208	0.987259822627972
3.45999999999997	48	2	1.94594594594595	1.01784280517473	1	0.922519559887568	1	-0.183484470637523	3.21521963978571	3.1147820648208	0.987259822627973
3.46999999999997	48	2	1.94594594594595	1.01784280517473	1	0.922519559887568	1	-0.183484470637523	3.21521963978571	3.1147820648208	0.987259822627972
3.47999999999997	48	2	1.94594594594595	1.01784280517473	1	0.922519559887568	1	-0.183484470637523	3.21521963978571	3.1147820648208	0.987259822627973
3.48999999999997	48	2	1.94594594594595	1.01784280517473	1	0.922519559887568	1	-0.183484470637523	3.21521963978571	3.1147820648208	0.987259822627973
3.49999999999997	48	2	1.94594594594595	1.01784280517473	1	0.922519559887568	1	-0.183484470637523	3.21521963978571	3.1147820648208	0.987259822627973
3.50999999999997	48	2	1.94594594594595	1.01784280517473	1	0.922519559887568	1	-0.183484470637523	3.21521963978571	3.1147820648208	0.987259822627973
3.51999999999997	48	2	1.94594594594595	1.01784280517473	1	0.922519559887568	1	-0.183484470637523	3.21521963978571	3.1147820648208	0.987259822627972
3.52999999999997	48	2	1.94594594594595	1.01784280517473	1	0.922519559887568	1	-0.183484470637523	3.21521963978571	3.1147820648208	0.987259822627972
3.53999999999997	48	2	1.98620689655172	1.00438963467764	1	0.934411049768556	1	-0.236913823202296	3.15937904975524	3.22356327748871	0.970277232544716
3.54999999999997	48	2	1.98620689655172	1.00438963467764	1	0.934411049768556	1	-0.236913823202296	3.15937904975525	3.22356327748871	0.970277232544718
3.55999999999997	48	2	1.98620689655172	1.00438963467764	1	0.934411049768556	1	-0.236913823202296	3.15937904975525	3.22356327748871	0.970277232544718
3.56999999999997	48	2	1.98620689655172	1.00438963467764	1	0.934411049768556	1	-0.236913823202296	3.15937904975524	3.22356327748871	0.970277232544715
3.57999999999997	48	2	1.98620689655172	1.00438963467764	1	0.934411049768556	1	-0.236913823202296	3.15937904975524	3.22356327748871	0.970277232544715
3.58999999999997	48	2	1.98620689655172	1.00438963467764	1	0.934411049768556	1	-0.236913823202296	3.15937904975525	3.22356327748871	0.970277232544717
3.59999999999997	48	2	1.98620689655172	1.00438963467764	1	0.934411049768556	1	-0.236913823202296	3.15937904975524	3.22356327748871	0.970277232544716
3.60999999999997	48	2	1.98620689655172	1.00438963467764	1	0.934411049768556	1	-0.236913823202296	3.15937904975524	3.22356327748871	0.970277232544716
3.61999999999997	48	2	1.98620689655172	1.00438963467764	1	0.934411049768556	1	-0.236913823202296	3.15937904975524	3.22356327748871	0.970277232544716
3.62999999999997	48	2	1.98620689655172	1.00438963467764	1	0.934411049768556	1	-0.236913823202296	3.15937904975525	3.22356327748871	0.970277232544717
3.63999999999997	48	2	1.98620689655172	1.00438963467764	1	0.934411049768556	1	-0.236913823202296	3.15937904975525	3.22356327748871	0.970277232544717
3.64999999999997	48	2	1.98620689655172	1.00438963467764	1	0.934411049768556	1	-0.236913823202296	3.15937904975525	3.22356327748871	0.970277232544717
3.65999999999997	48	2	1.98620689655172	1.00438963467764	1	0.934411049768556	1	-0.236913823202296	3.15937904975524	3.22356327748871	0.970277232544716
3.66999999999997	48	2	1.91680532445923	1.02822247936071	1	0.930850498103729	1	-0.188162947464126	3.19063278793103	3.13521454226731	0.978696474241026
3.67999999999997	48	2	1.91680532445923	1.02822247936071	1	0.930850498103729	1	-0.188162947464125	3.19063278793103	3.13521454226731	0.978696474241026
3.68999999999997	48	2	1.91680532445923	1.02822247936071	1	0.930850498103729	1	-0.188162947464126	3.19063278793103	3.13521454226731	0.978696474241027
3.69999999999997	48	2	1.91680532445923	1.02822247936071	1	0.930850498103729	1	-0.188162947464125	3.19063278793103	3.1352145422673	0.978696474241027
3.70999999999996	48	2	1.96923076923077	1.00994265315633	1	0.915605450014063	1	-0.170775587151225	3.21656997585538	3.12205877965324	0.983080735064516
3.71999999999996	48	2	1.96923076923077	1.00994265315633	1	0.915605450014062	1	-0.170775587151225	3.21656997585538	3.12205877965323	0.983080735064515
3.72999999999996	48	2	1.96923076923077	1.00994265315633	1	0.915605450014062	1	-0.170775587151225	3.21656997585538	3.12205877965324	0.983080735064515
3.73999999999996	48	2	1.96923076923077	1.00994265315633	1	0.915605450014062	1	-0.170775587151225	3.21656997585538	3.12205877965324	0.983080735064514
3.74999999999996	48	2	1.96923076923077	1.00994265315633	1	0.915605450014062	1	-0.170775587151225	3.21656997585538	3.12205877965324	0.983080735064515
3.75999999999996	48	2	1.96923076923077	1.00994265315633	1	0.915605450014062	1	-0.170775587151225	3.21656997585538	3.12205877965324	0.983080735064515
3.76999999999996	48	2	1.96923076923077	1.00994265315633	1	0.915605450014063	1	-0.170775587151225	3.21656997585538	3.12205877965324	0.983080735064515
3.77999999999996	48	2	1.96923076923077	1.00994265315633	1	0.915605450014063	1	-0.170775587151225	3.21656997585538	3.12205877965324	0.983080735064516
3.78999999999996	48	2	1.96923076923077	1.00994265315633	1	0.915605450014063	1	-0.170775587151225	3.21656997585538	3.12205877965324	0.983080735064516
3.79999999999996	48	2	1.96923076923077	1.00994265315633	1	0.915605450014063	1	-0.170775587151225	3.21656997585538	3.12205877965324	0.983080735064515
3.80999999999996	48	2	1.96923076923077	1.00994265315633	1	0.915605450014062	1	-0.170775587151225	3.21656997585538	3.12205877965323	0.983080735064515
3.81999999999996	48	2	1.96923076923077	1.00994265315633	1	0.915605450014062	1	-0.170775587151225	3.21656997585538	3.12205877965324	0.983080735064515
3.82999999999996	48	2	1.96923076923077	1.00994265315633	1	0.915605450014062	1	-0.170775587151225	3.21656997585538	3.12205877965324	0.983080735064515
3.83999999999996	48	2	1.96923076923077	1.00994265315633	1	0.915605450014063	1	-0.170775587151225	3.21656997585538	3.12205877965324	0.983080735064515
3.84999999999996	48	2	1.96923076923077	1.00994265315633	1	0.915605450014062	1	-0.170775587151225	3.21656997585538	3.12205877965324	0.983080735064516
3.85999999999996	48	2	1.96923076923077	1.00994265315633	1	0.915605450014062	1	-0.170775587151225	3.21656997585538	3.12205877965324	0.983080735064516
3.86999999999996	48	2	1.96923076923077	1.00994265315633	1	0.915605450014062	1	-0.170775587151225	3.21656997585538	3.12205877965324	0.983080735064515
3.87999999999996	48	2	1.96923076923077	1.00994265315633	1	0.915605450014062	1	-0.170775587151225	3.21656997585538	3.12205877965324	0.983080735064514
3.88999999999996	48	2	1.96923076923077	1.00994265315633	1	0.915605450014063	1	-0.170775587151225	3.21656997585538	3.12205877965323	0.983080735064515
3.89999999999996	48	2	1.96923076923077	1.00994265315633	1	0.915605450014063	1	-0.170775587151225	3.21656997585538	3.12205877965324	0.983080735064515
3.90999999999996	48	2	1.08679245283019	2.30327839052916	1	0.656820800021033	1	-0.496570232519968	3.6728893723913	3.55548521231401	0.925977987479207
3.91999999999996	48	2	1.08679245283019	2.30327839052916	1	0.656820800021033	1	-0.496570232519968	3.6728893723913	3.55548521231401	0.925977987479207
3.92999999999996	48	2	1.08679245283019	2.30327839052916	1	0.656820800021033	1	-0.496570232519968	3.6728893723913	3.55548521231401	0.925977987479207
3.93999999999996	48	2	1.08679245283019	2.30327839052916	1	0.656820800021033	1	-0.496570232519968	3.67288937239131	3.55548521231401	0.925977987479207
3.94999999999996	48	2	1.08679245283019	2.30327839052916	1	0.656820800021033	1	-0.496570232519968	3.6728893723913	3.55548521231401	0.925977987479207
3.95999999999996	48	2	1.08679245283019	2.30327839052916	1	0.656820800021033	1	-0.496570232519968	3.6728893723913	3.55548521231401	0.925977987479207
3.96999999999996	48	1	1	1	0	1	0	-1	0	3.1882994652039	0.313646823616692
