#dist_cut	num_seqs	num_clusters	num_clusters(recip_simpson_index)	avg_intra_clust_phylo_dist_phylum(norm_shannon_index)	avg_inter_clust_phylo_dist_phylum(norm_shannon_index)	avg_intra_clust_phylo_dist_order(norm_shannon_index)	avg_inter_clust_phylo_dist_order(norm_shannon_index)	avg_silhouette_width	avg_inter_clust_dist	avg_intra_clust_dist	dunn_index
0	121	121	121	0	0.298227355847059	0	0.250322638911856	1	3.83687361086501	0	0.06081772
0.01	121	121	121	0	0.298227355847059	0	0.250322638911856	1	3.83687361086501	0	0.06081772
0.02	121	121	121	0	0.298227355847059	0	0.250322638911856	1	3.83687361086501	0	0.06081772
0.03	121	121	121	0	0.298227355847059	0	0.250322638911856	1	3.83687361086501	0	0.06081772
0.04	121	121	121	0	0.298227355847059	0	0.250322638911856	1	3.836873610865	0	0.06081772
0.05	121	121	121	0	0.298227355847059	0	0.250322638911856	1	3.83687361086502	0	0.06081772
0.06	121	121	121	0	0.298227355847059	0	0.250322638911856	1	3.83687361086501	0	0.06081772
0.07	121	120	119.032520325203	0	0.300259214845163	0	0.249596636867826	0.983333333333333	3.84875434632353	0.000506814333333333	2.34952329682862
0.08	121	120	119.032520325203	0	0.300259214845163	0	0.249596636867826	0.983333333333333	3.84875434632353	0.000506814333333333	2.34952329682862
0.09	121	120	119.032520325203	0	0.300259214845163	0	0.249596636867826	0.983333333333333	3.84875434632352	0.000506814333333333	2.34952329682862
0.1	121	120	119.032520325203	0	0.300259214845163	0	0.249596636867826	0.983333333333333	3.84875434632352	0.000506814333333333	2.34952329682862
0.11	121	120	119.032520325203	0	0.300259214845163	0	0.249596636867826	0.983333333333333	3.84875434632352	0.000506814333333333	2.34952329682862
0.12	121	120	119.032520325203	0	0.300259214845163	0	0.249596636867826	0.983333333333333	3.84875434632351	0.000506814333333333	2.34952329682862
0.13	121	120	119.032520325203	0	0.300259214845163	0	0.249596636867826	0.983333333333333	3.84875434632352	0.000506814333333333	2.34952329682862
0.14	121	119	115.283464566929	0	0.302246546677166	0	0.248692972259124	0.983193277310925	3.86103945845986	0.000970876806722689	1.25576577492025
0.15	121	116	110.082706766917	0	0.308580746005219	0	0.24721762718354	0.981829896143879	3.86318033873039	0.00480507370689655	1.07315970987789
0.16	121	115	108.451851851852	0	0.310748095560583	0	0.248195141868891	0.98127198228413	3.87848646974524	0.00623435895652174	1.09110203867783
0.17	121	114	105.330935251799	0	0.312866942497367	0	0.249073962494645	0.980987634296091	3.88561425319411	0.00644117532163743	1.06178846127496
0.18	121	112	100.972413793103	0	0.317264861228486	0	0.249076572563862	0.980023530829998	3.91111835116045	0.00833324119047619	1.05373118268551
0.19	121	109	96.9602649006623	0	0.324206413358937	0	0.249613603880301	0.971054775284505	3.95279157192207	0.0136975715902141	1.11964285875079
0.2	121	109	96.9602649006623	0	0.324206413358937	0	0.249613603880301	0.971523156244802	3.95279157192208	0.0136975715902141	1.11964285875079
0.21	121	109	96.9602649006623	0	0.324206413358937	0	0.249613603880301	0.975198889213274	3.95279157192208	0.0136975715902141	1.11964285875079
0.22	121	106	92.0817610062893	0	0.331346188741463	0.0027929648060843	0.252120727867269	0.9729101445459	3.95108669892603	0.0185456291194969	1.03038276502386
0.23	121	105	89.8220858895706	0	0.333729624646916	0.00281956447090415	0.253077555328112	0.967376771480569	3.95405536268986	0.0190399049206349	0.892315563872256
0.24	121	99	75.0820512820513	0	0.348976969828857	0.00325651827571398	0.255210096811698	0.972304491177568	4.01777078739847	0.022149722962963	1.01531250981769
0.25	121	99	75.0820512820513	0	0.348976969828857	0.00325651827571398	0.255210096811698	0.967236604037477	4.01777078739847	0.022149722962963	1.01531250981769
0.26	121	98	74.3197969543147	0	0.351695239045783	0.00328974805403759	0.256291157876612	0.971405674943383	4.02710472838102	0.0249545599319728	1.09307925672363
0.27	121	97	72.1231527093596	0	0.3544195121539	0.00332366298242973	0.255382759432529	0.966501863812366	4.04249930682344	0.0261308617697594	1.09307925672363
0.28	121	96	71.419512195122	0	0.357214350687144	0.00335828447183004	0.256486665446067	0.970005317096561	4.05046337726626	0.0292806383506944	1.03440274921394
0.29	121	94	69.3886255924171	0	0.362809389133864	0.00342973733293281	0.258523138383225	0.959235517994853	4.07386702047301	0.0332675916843972	1.0279298748419
0.3	121	93	68.7370892018779	0	0.365722307257816	0.00346661622898585	0.259588991208342	0.957221217514156	4.08398646818139	0.0367837203046595	1.11002365861141
0.31	121	92	66.2488687782805	0	0.368722642546311	0.00350429684017048	0.258801302293466	0.957264553663302	4.10148427937744	0.0378222568478261	1.11002365861141
0.32	121	91	65.0711111111111	0	0.37159833746637	0.00354280559665587	0.259740798059733	0.952739846877996	4.11058262910948	0.0385905983882784	1.00067730783853
0.33	121	90	64.4977973568282	0	0.374635551178428	0.00358217010328538	0.260807227659603	0.950839961291585	4.11852490363404	0.0426421592592593	1.07524241382944
0.34	121	90	64.4977973568282	0	0.374635551178428	0.00358217010328538	0.260807227659603	0.955651053021684	4.11852490363404	0.0426421592592593	1.07524241382944
0.35	121	89	63.3809523809524	0	0.377588762179655	0.00362241920556949	0.261703080549251	0.95295273395524	4.13947457265202	0.0444316461423221	1.10432679809605
0.36	121	89	63.3809523809524	0	0.377588762179655	0.00362241920556949	0.261703080549251	0.954247340855186	4.13947457265202	0.0444316461423221	1.10432679809605
0.37	121	86	58.7991967871486	0	0.386961020950843	0.00374878266622889	0.264417974709131	0.961626405648134	4.18451540996216	0.0483990985813954	0.99000973524623
0.38	121	86	58.7991967871486	0	0.386961020950843	0.00374878266622889	0.264417974709131	0.950841171703876	4.18451540996216	0.0483990985813954	0.99000973524623
0.39	121	84	53.24	0	0.394031557282808	0.00383803939637719	0.265107229556099	0.95711975270747	4.22387946232482	0.0518928801320862	0.925788986502117
0.4	121	80	40.3333333333333	0	0.40934014577734	0.00402994136619605	0.269626130789905	0.953684484122425	4.30169898043508	0.0551502408140151	0.964944647684784
0.41	121	80	40.3333333333333	0	0.40934014577734	0.00402994136619605	0.269626130789905	0.947201926673726	4.30169898043508	0.0551502408140151	0.964944647684784
0.42	121	78	37.2544529262086	0	0.416922571379233	0.00413327319609852	0.271378527030414	0.950408918407545	4.34696758783141	0.0576445301798159	0.94587793523272
0.43	121	78	37.2544529262086	0	0.416922571379233	0.00413327319609852	0.271378527030414	0.953569873440757	4.3469675878314	0.0576445301798159	0.94587793523272
0.44	121	77	36.6942355889724	0	0.420570150121596	0.00418695206877512	0.271998324721417	0.958150001328815	4.36432036771745	0.058471188017649	1.07614316046819
0.45	121	76	36.1506172839506	0	0.424265977775348	0.00424204354336427	0.272555957753472	0.948640728513368	4.37639026873765	0.0613145507766532	1.07614316046819
0.46	121	75	33.969837587007	0	0.428516736955719	0.00429860412394246	0.273454303815622	0.953904948560281	4.39866078394593	0.0623391504949451	1.03938770981941
0.47	121	75	33.969837587007	0	0.428516736955719	0.00429860412394246	0.273454303815622	0.953546185892446	4.39866078394593	0.062339150494945	1.03938770981941
0.48	121	73	33.1995464852608	0	0.415282662850922	0.00441637409994088	0.273209067746969	0.94029737627152	4.37240377236536	0.0714840623121582	1.00971631974443
0.49	121	73	33.1995464852608	0	0.415282662850922	0.00441637409994088	0.273209067746969	0.954087663497851	4.37240377236535	0.0714840623121582	1.00971631974443
0.5	121	72	33.0496613995485	0	0.41925603577027	0.00895542525821345	0.277492032909522	0.945791064145203	4.39088575426632	0.0794023637331603	0.957033419365769
0.51	121	72	33.0496613995485	0	0.41925603577027	0.00895542525821345	0.277492032909522	0.945575668901402	4.39088575426632	0.0794023637331604	0.957033419365769
0.52	121	71	31.622030237581	0	0.423914062376866	0.00908155800832913	0.277689800854466	0.934422400142248	4.41186720252103	0.0855089395080741	1.06359576943104
0.53	121	69	30.4386694386694	0	0.432310382817238	0.00934479157378795	0.27893929401667	0.941639343697539	4.44615276110976	0.0900187861508202	0.965033359710188
0.54	121	68	30.3126293995859	0	0.412923215424347	0.00948221497928483	0.278019329021288	0.941654404294392	4.42433701306646	0.0991417775648028	0.990038689254862
0.55	121	68	30.3126293995859	0	0.412923215424347	0.00948221497928483	0.278019329021288	0.940767109384545	4.42433701306647	0.0991417775648028	0.990038689254862
0.56	121	67	29.6977687626775	0	0.417219506609962	0.00962374057599057	0.277795965727303	0.933440752804358	4.44916755573916	0.101846322344377	0.990038689254862
0.57	121	67	29.6977687626775	0	0.417219506609962	0.00962374057599057	0.277795965727303	0.938850201165699	4.44916755573917	0.101846322344377	0.990038689254862
0.58	121	67	29.6977687626775	0	0.417219506609962	0.00962374057599057	0.277795965727303	0.938473523214399	4.44916755573917	0.101846322344377	0.990038689254862
0.59	121	65	27.7817836812144	0	0.426269114578432	0.00991985567063644	0.276930151087195	0.930843976174223	4.50519041966012	0.105192102405523	0.990038689254862
0.6	121	64	27.5725047080979	0	0.430453179083935	0.00966327466782218	0.275828324995767	0.935671101647047	4.52601746808999	0.107809076505609	0.969976001447561
0.61	121	63	26.1914132379249	0	0.435410823244021	0.00981665998000984	0.276813281423724	0.937202490736109	4.5445824189464	0.102373956329205	1.16640891219979
0.62	121	62	25.8218694885362	0	0.43996770823745	0.00997499320549387	0.277382815557191	0.94040547787998	4.56932583122958	0.105813525995805	1.16640891219979
0.63	121	62	25.8218694885362	0	0.43996770823745	0.00997499320549387	0.277382815557191	0.934721167815572	4.56932583122957	0.105813525995805	1.16640891219979
0.64	121	62	25.8218694885362	0	0.43996770823745	0.00997499320549387	0.277382815557191	0.939849366799291	4.56932583122957	0.105813525995805	1.16640891219979
0.65	121	61	24.6067226890756	0	0.445092679122076	0.0101385176842725	0.278243606225866	0.939439544405747	4.58942996128234	0.108171227349727	1.16640891219979
0.66	121	60	24.1202635914333	0	0.449556620232519	0.0103074929790103	0.278338187587223	0.932630100802063	4.6045958198699	0.109469095672222	1.21030785633262
0.67	121	60	24.1202635914333	0	0.449556620232519	0.0103074929790103	0.278338187587223	0.933780624508703	4.60459581986991	0.109469095672222	1.21030785633262
0.68	121	59	24.0410509031199	0	0.431044416805841	0.010482196249841	0.27772054065352	0.930195665759393	4.59643068172576	0.122831206107345	1.05991511917992
0.69	121	59	23.129541864139	0	0.431921192644737	0.010482196249841	0.278472617667091	0.930690804487251	4.59695697272676	0.12541083552491	1.05991511917992
0.7	121	59	23.129541864139	0	0.431921192644737	0.010482196249841	0.278472617667091	0.930398770301252	4.59695697272676	0.12541083552491	1.05991511917992
0.71	121	58	22.0829562594269	0	0.437294576072672	0.01066292377139	0.279187249284619	0.929224049899816	4.62276112221574	0.128300902260151	1.05991511917992
0.72	121	57	22.0165413533835	0	0.442465113739507	0.0108499926094846	0.278660991076654	0.926630177267457	4.59638361330603	0.143175857036645	1.04300770884351
0.73	121	57	22.0165413533835	0	0.442465113739507	0.0108499926094846	0.278660991076654	0.927094103560577	4.59638361330604	0.143175857036645	1.04300770884351
0.74	121	57	22.0165413533835	0	0.442465113739507	0.0108499926094846	0.278660991076654	0.926999019695869	4.59638361330603	0.143175857036645	1.04300770884351
0.75	121	56	21.8849028400598	0	0.447268826285976	0.0110437424775111	0.277596972426507	0.922595496446909	4.62609265590383	0.152647436567061	1.04300770884351
0.76	121	54	21.3737226277372	0	0.457523872589041	0.0108138439102872	0.276115359960525	0.908922172132114	4.66995325021465	0.162816772958434	1.04300770884351
0.77	121	53	21.311499272198	0	0.437816828179049	0.0110178787010473	0.27544065734232	0.894829570040406	4.6547638258217	0.180365502070857	0.97817284955506
0.78	121	52	19.4435590969455	0	0.444485139589167	0.0112297609837598	0.276646282976083	0.916579240356095	4.67498795581335	0.175936634157122	1.02538004850913
0.79	121	52	19.4435590969455	0	0.444485139589167	0.0112297609837598	0.276646282976083	0.91609682761641	4.67498795581335	0.175936634157122	1.02538004850913
0.8	121	52	19.4435590969455	0	0.444485139589167	0.0112297609837598	0.276646282976083	0.91020365005013	4.67498795581334	0.175936634157122	1.02538004850913
0.81	121	50	19.0390117035111	0	0.391828885105163	0.0163338760519193	0.279625824092396	0.920022485769774	4.64455064812558	0.171127097683407	1.00301662944458
0.820000000000001	121	48	18.4627994955864	0	0.402932519903682	0.0168193418856317	0.278749623010652	0.912271669915537	4.65884969245568	0.185319131611022	1.07805415079599
0.830000000000001	121	48	18.4627994955864	0	0.402932519903682	0.0168193418856317	0.278749623010652	0.913329776139152	4.65884969245567	0.185319131611022	1.07805415079599
0.840000000000001	121	48	18.4627994955864	0	0.402932519903682	0.0168193418856317	0.278749623010652	0.910197668455205	4.65884969245567	0.185319131611022	1.07805415079599
0.850000000000001	121	48	18.4627994955864	0	0.402932519903682	0.0168193418856317	0.278749623010652	0.905966406561923	4.66005936650798	0.1886050941388	0.995566274672667
0.860000000000001	121	48	18.6035578144854	0	0.402453022917528	0.0168193418856317	0.278318435332344	0.907328745483205	4.66477275526743	0.184387080474613	1.07742998411693
0.870000000000001	121	48	18.6035578144854	0	0.402453022917528	0.0168193418856317	0.278318435332344	0.907634716732647	4.66477275526742	0.184387080474613	1.07742998411693
0.880000000000001	121	48	18.6035578144854	0	0.402453022917528	0.0168193418856317	0.278318435332344	0.90789617385627	4.66477275526742	0.184387080474613	1.07742998411693
0.890000000000001	121	48	18.6035578144854	0	0.402453022917528	0.0168193418856317	0.278318435332344	0.903750544066647	4.66477275526744	0.184387080474613	1.07742998411693
0.900000000000001	121	48	18.6035578144854	0	0.402453022917528	0.0168193418856317	0.278318435332344	0.907590202606827	4.66477275526743	0.184387080474613	1.07742998411693
0.910000000000001	121	48	18.6035578144854	0	0.402453022917528	0.0168193418856317	0.278318435332344	0.906029475913589	4.66477275526743	0.184387080474613	1.07742998411693
0.920000000000001	121	47	18.5094816687737	0	0.376933935429391	0.0171772002236239	0.277422189028209	0.904752985170684	4.62203492096655	0.195399602470527	1.07742998411693
0.930000000000001	121	44	11.1169324221716	0	0.401034686977582	0.0183483729661437	0.285154125949992	0.917663738310296	4.71120554668755	0.185371038637106	1.11954883594679
0.940000000000001	121	44	11.1169324221716	0	0.401034686977582	0.0183483729661437	0.285154125949992	0.918862484986803	4.71120554668754	0.185371038637106	1.11954883594679
0.950000000000001	121	44	11.1169324221716	0	0.401034686977582	0.0183483729661437	0.285154125949992	0.915137885093287	4.71120554668756	0.185371038637106	1.11954883594679
0.960000000000001	121	44	11.1169324221716	0	0.401034686977582	0.0183483729661437	0.285154125949992	0.915748475473704	4.71120554668755	0.185371038637106	1.11954883594679
0.970000000000001	121	43	10.8855018587361	0	0.40788602173316	0.0187750793141935	0.285457020852604	0.912491650949364	4.74815994270223	0.190980693844528	1.11954883594679
0.980000000000001	121	43	10.8855018587361	0	0.40788602173316	0.0187750793141935	0.285457020852604	0.914937317755577	4.74815994270223	0.190980693844528	1.11954883594679
0.990000000000001	121	43	10.8855018587361	0	0.40788602173316	0.0187750793141935	0.285457020852604	0.913985455391716	4.74815994270223	0.190980693844528	1.11954883594679
1	121	43	10.8855018587361	0	0.40788602173316	0.0187750793141935	0.285457020852604	0.912758830885522	4.74815994270223	0.190980693844528	1.11954883594679
1.01	121	42	10.8693392724573	0	0.415018632701091	0.0268981838049049	0.292881112385517	0.908498627011296	4.78057647785111	0.219391417507493	1.11509367854447
1.02	121	42	10.8693392724573	0	0.415018632701091	0.0268981838049049	0.292881112385517	0.902613187329893	4.78057647785111	0.219391417507493	1.11509367854447
1.03	121	42	10.8693392724573	0	0.415018632701091	0.0268981838049049	0.292881112385517	0.905888046937165	4.7805764778511	0.219391417507493	1.11509367854447
1.04	121	42	10.8693392724573	0	0.415018632701091	0.0268981838049049	0.292881112385517	0.905888046937164	4.7805764778511	0.219391417507493	1.11509367854447
1.05	121	42	10.8693392724573	0	0.415018632701091	0.0268981838049049	0.292881112385517	0.904128321623034	4.78057647785111	0.219391417507493	1.11509367854447
1.06	121	42	10.8693392724573	0	0.415018632701091	0.0268981838049049	0.292881112385517	0.90537880910967	4.78057647785111	0.219391417507493	1.11509367854447
1.07	121	42	10.8693392724573	0	0.415018632701091	0.0268981838049049	0.292881112385517	0.905636116646376	4.78057647785111	0.219391417507493	1.11509367854447
1.08	121	42	10.3178294573643	0	0.416755753336647	0.0268981838049049	0.294709442221728	0.899326887440107	4.77848284294209	0.222240568854521	0.985172317723795
1.09	121	41	10.2456263121064	0	0.384229169001051	0.031719435631928	0.299904655518723	0.897656292487492	4.76761409600995	0.230737546208696	0.985172317723795
1.1	121	39	9.41543408360129	0	0.399175582056413	0.0333460733566422	0.302050415049552	0.901792485589212	4.85153424948566	0.231329772037781	1.22275568641854
1.11	121	39	9.41543408360129	0	0.399175582056413	0.0333460733566422	0.302050415049552	0.898230803011434	4.85153424948566	0.231329772037781	1.22275568641854
1.12	121	38	9.07687538747675	0	0.406956912757784	0.0342236016028697	0.302451766334348	0.892467048358257	4.87712649839877	0.238125390274191	1.22275568641854
1.13	121	38	9.07687538747675	0	0.406956912757784	0.0342236016028697	0.302451766334348	0.897442122871745	4.87712649839876	0.238125390274191	1.22275568641854
1.14	121	38	9.07687538747675	0	0.406956912757784	0.0342236016028697	0.302451766334348	0.901993972584717	4.87712649839876	0.238125390274191	1.22275568641854
1.15	121	37	8.94379963347587	0	0.413928493802717	0.0351485638083526	0.302445989064283	0.890588070847585	4.92462164534985	0.243711526744279	1.32498839051671
1.16	121	37	8.94379963347587	0	0.413928493802717	0.0351485638083526	0.302445989064283	0.895802852330972	4.92462164534985	0.243711526744279	1.32498839051671
1.17	121	37	8.94379963347587	0	0.413928493802717	0.0351485638083526	0.302445989064283	0.893003960954531	4.92462164534984	0.243711526744279	1.32498839051671
1.18	121	37	8.94379963347587	0	0.413928493802717	0.0351485638083526	0.302445989064283	0.89296977547432	4.92462164534985	0.243711526744279	1.32498839051671
1.19	121	37	8.94379963347587	0	0.413928493802717	0.0351485638083526	0.302445989064283	0.890749550848979	4.92462164534985	0.243711526744279	1.32498839051671
1.2	121	37	8.94379963347587	0	0.413928493802717	0.0351485638083526	0.302445989064283	0.893003960954534	4.92462164534984	0.243711526744279	1.32498839051671
1.21	121	37	8.94379963347587	0	0.413928493802717	0.0351485638083526	0.302445989064283	0.895802852330973	4.92462164534985	0.243711526744279	1.32498839051671
1.22	121	37	8.94379963347587	0	0.413928493802717	0.0351485638083526	0.302445989064283	0.895501530485464	4.92462164534985	0.243711526744279	1.32498839051671
1.23	121	37	8.94379963347587	0	0.413928493802717	0.0351485638083526	0.302445989064283	0.892867669102061	4.92462164534985	0.243711526744279	1.32498839051671
1.24	121	37	8.94379963347587	0	0.413928493802717	0.0351485638083526	0.302445989064283	0.893003960954533	4.92462164534985	0.243711526744279	1.32498839051671
1.25	121	37	8.94379963347587	0	0.413928493802717	0.0351485638083526	0.302445989064283	0.892867669102061	4.92462164534985	0.243711526744279	1.32498839051671
1.26	121	37	8.94379963347587	0	0.413928493802717	0.0351485638083526	0.302445989064283	0.892969775474323	4.92462164534985	0.243711526744279	1.32498839051671
1.27	121	37	8.94379963347587	0	0.413928493802717	0.0351485638083526	0.302445989064283	0.89296977547432	4.92462164534984	0.243711526744279	1.32498839051671
1.28	121	37	8.94379963347587	0	0.413928493802717	0.0351485638083526	0.302445989064283	0.890749550848979	4.92462164534985	0.243711526744279	1.32498839051671
1.29	121	37	8.94379963347587	0	0.413928493802717	0.0351485638083526	0.302445989064283	0.89286766910206	4.92462164534985	0.243711526744279	1.32498839051671
1.3	121	36	8.91113816189896	0	0.421284946717143	0.0433902534102464	0.31129185206172	0.88560215088363	4.9841084805033	0.260976789570509	1.47167696479301
1.31	121	36	8.91113816189896	0	0.421284946717143	0.0433902534102464	0.31129185206172	0.88560215088363	4.98410848050331	0.260976789570509	1.47167696479301
1.32	121	36	8.91113816189896	0	0.421284946717143	0.0433902534102464	0.31129185206172	0.885602150883632	4.9841084805033	0.260976789570509	1.47167696479301
1.33	121	36	8.91113816189896	0	0.421284946717143	0.0433902534102464	0.31129185206172	0.885567015806747	4.9841084805033	0.260976789570509	1.47167696479301
1.34	121	36	8.91113816189896	0	0.421284946717143	0.0433902534102464	0.31129185206172	0.88698957512172	4.98410848050331	0.260976789570509	1.47167696479301
1.35	121	36	8.91113816189896	0	0.421284946717143	0.0433902534102464	0.31129185206172	0.885567015806747	4.98410848050331	0.260976789570509	1.47167696479301
1.36	121	36	8.91113816189896	0	0.421284946717143	0.0433902534102464	0.31129185206172	0.885567015806746	4.9841084805033	0.260976789570509	1.47167696479301
1.37	121	36	8.91113816189896	0	0.421284946717143	0.0433902534102464	0.31129185206172	0.885602150883631	4.9841084805033	0.260976789570509	1.47167696479301
1.38	121	36	8.91113816189896	0	0.421284946717143	0.0433902534102464	0.31129185206172	0.886823609564732	4.9841084805033	0.260976789570509	1.47167696479301
1.39	121	35	8.30459444129325	0	0.429723750362983	0.0391012644472435	0.307830700332228	0.887827605096846	5.02112953307402	0.242315823975435	1.45996914828875
1.4	121	35	8.30459444129325	0	0.429723750362983	0.0391012644472435	0.307830700332228	0.887827605096846	5.02112953307402	0.242315823975435	1.45996914828876
1.41	121	35	8.30459444129325	0	0.429723750362983	0.0391012644472435	0.307830700332228	0.887827605096846	5.02112953307402	0.242315823975435	1.45996914828876
1.42	121	35	8.30459444129325	0	0.429723750362983	0.0391012644472435	0.307830700332228	0.887405940007197	5.02112953307403	0.242315823975435	1.45996914828876
1.43	121	35	8.30459444129325	0	0.429723750362983	0.0391012644472435	0.307830700332228	0.887405940007198	5.02112953307403	0.242315823975435	1.45996914828876
1.44	121	35	8.30459444129325	0	0.429723750362983	0.0391012644472435	0.307830700332228	0.888806377466087	5.02112953307402	0.242315823975435	1.45996914828875
1.45	121	34	8.28579513299377	0	0.437499172483204	0.0402513016368683	0.307351787301628	0.881501231544846	5.00210748598385	0.264255420955105	1.26880040026804
1.46	121	34	8.28579513299377	0	0.437499172483204	0.0402513016368683	0.307351787301628	0.883803936431593	5.00210748598385	0.264255420955105	1.26880040026804
1.47	121	33	8.21144139091419	0	0.445965825270681	0.0414710380501067	0.307123721724841	0.875218532165215	5.06635288547843	0.277672661098285	1.35539178241692
1.48	121	33	8.21144139091419	0	0.445965825270681	0.0414710380501067	0.307123721724841	0.877591015987924	5.06635288547843	0.277672661098285	1.35539178241692
1.49	121	33	8.06666666666667	0	0.447378427407951	0.0496651964474495	0.318648892058575	0.871031956376123	5.06336771879187	0.298403156527731	1.13131689424549
1.5	121	33	8.06666666666667	0	0.447378427407951	0.0496651964474495	0.318648892058575	0.871720454496528	5.06336771879188	0.298403156527731	1.13131689424549
1.51	121	33	8.06666666666667	0	0.447378427407951	0.0496651964474495	0.318648892058575	0.87169258910307	5.06336771879188	0.298403156527731	1.13131689424549
1.52	121	33	8.06666666666667	0	0.447378427407951	0.0496651964474495	0.318648892058575	0.871483599730264	5.06336771879188	0.298403156527731	1.13131689424549
1.53	121	33	8.06666666666667	0	0.447378427407951	0.0496651964474495	0.318648892058575	0.871483599730264	5.06336771879187	0.298403156527731	1.13131689424549
1.54	121	33	8.06666666666667	0	0.447378427407951	0.0496651964474495	0.318648892058575	0.871031956376123	5.06336771879188	0.298403156527731	1.13131689424549
1.55	121	33	8.06666666666667	0	0.447378427407951	0.0496651964474495	0.318648892058575	0.871692589103071	5.06336771879188	0.298403156527731	1.13131689424549
1.56	121	31	7.68556430446194	0	0.465512841679342	0.043505096406595	0.310995492502784	0.874071981804875	5.16556827272305	0.281901703722757	1.4053910959672
1.57	121	31	7.68556430446194	0	0.465512841679342	0.043505096406595	0.310995492502784	0.874071981804875	5.16556827272306	0.281901703722757	1.4053910959672
1.58	121	31	7.68556430446194	0	0.465512841679342	0.043505096406595	0.310995492502784	0.874071981804875	5.16556827272306	0.281901703722757	1.4053910959672
1.59	121	31	7.68556430446194	0	0.465512841679342	0.043505096406595	0.310995492502784	0.874071981804875	5.16556827272306	0.281901703722757	1.4053910959672
1.6	121	31	7.68556430446194	0	0.465512841679342	0.043505096406595	0.310995492502784	0.874071981804875	5.16556827272306	0.281901703722757	1.4053910959672
1.61	121	31	7.68556430446194	0	0.465512841679342	0.043505096406595	0.310995492502784	0.874071981804875	5.16556827272305	0.281901703722757	1.4053910959672
1.62	121	31	7.68556430446194	0	0.465512841679342	0.043505096406595	0.310995492502784	0.874804899158854	5.16556827272305	0.281901703722757	1.4053910959672
1.63	121	31	7.68556430446194	0	0.465512841679342	0.043505096406595	0.310995492502784	0.874804899158854	5.16556827272305	0.281901703722757	1.4053910959672
1.64	121	31	7.68556430446194	0	0.465512841679342	0.043505096406595	0.310995492502784	0.874071981804875	5.16556827272306	0.281901703722757	1.4053910959672
1.65	121	31	7.68556430446194	0	0.465512841679342	0.043505096406595	0.310995492502784	0.874804899158854	5.16556827272305	0.281901703722757	1.4053910959672
1.66	121	30	7.51205746536685	0	0.475246664599949	0.0449552662868149	0.310770414618257	0.870028325944319	5.18292432433703	0.294615244184449	1.4053910959672
1.67	121	30	7.51205746536685	0	0.475246664599949	0.0449552662868149	0.310770414618257	0.870785673876764	5.18292432433703	0.294615244184449	1.4053910959672
1.68	121	30	7.51205746536685	0	0.475246664599949	0.0449552662868149	0.310770414618257	0.870785673876764	5.18292432433703	0.294615244184448	1.4053910959672
1.69	121	30	7.51205746536685	0	0.475246664599949	0.0449552662868149	0.310770414618257	0.870028325944319	5.18292432433703	0.294615244184448	1.4053910959672
1.7	121	30	7.51205746536685	0	0.475246664599949	0.0449552662868149	0.310770414618257	0.870028325944319	5.18292432433703	0.294615244184448	1.4053910959672
1.71	121	30	7.51205746536685	0	0.475246664599949	0.0449552662868149	0.310770414618257	0.870028325944318	5.18292432433703	0.294615244184449	1.4053910959672
1.72	121	29	7.50435674013326	0	0.44707011541185	0.0465054478829119	0.311600924708576	0.85500716429	5.15948006359293	0.36405291432874	1.1081593940453
1.73	121	29	7.50435674013326	0	0.44707011541185	0.0465054478829119	0.311600924708576	0.839942512718566	5.15948006359293	0.36405291432874	1.1081593940453
1.74	121	27	7.20167240531235	0	0.468451889791375	0.05774497878	0.324413546904511	0.842827676989175	5.25016267038662	0.400914355624927	1.11558979210235
1.75	121	27	7.20167240531235	0	0.468451889791375	0.05774497878	0.324413546904511	0.824560503808995	5.25016267038662	0.400914355624927	1.11558979210235
1.76	121	26	6.37396604266435	0	0.481508588248515	0.0563392444697605	0.326355689413201	0.842286390490783	5.2966225960486	0.396836457814905	1.18400377065093
1.77	121	26	6.37396604266435	0	0.481508588248515	0.0563392444697605	0.326355689413201	0.840993377324631	5.29662259604859	0.396836457814905	1.18400377065093
1.78	121	26	6.37396604266435	0	0.481508588248515	0.0563392444697605	0.326355689413201	0.842286390490784	5.2966225960486	0.396836457814905	1.18400377065093
1.79	121	26	6.37396604266435	0	0.481508588248515	0.0563392444697605	0.326355689413201	0.838465272233449	5.29662259604859	0.396836457814905	1.18400377065093
1.8	121	26	6.37396604266435	0	0.481508588248515	0.0563392444697605	0.326355689413201	0.838465272233449	5.29662259604859	0.396836457814905	1.18400377065093
1.81	121	27	6.58022471910112	0	0.469846531432147	0.0524183716622365	0.321716580238434	0.844413876482358	5.28269792337937	0.380376283327027	1.18400377065093
1.82	121	26	6.37396604266435	0	0.481508588248515	0.0556689839514742	0.324571282998139	0.821646330434017	5.31130811211346	0.396958804973602	1.18400377065093
1.83	121	26	6.37396604266435	0	0.481508588248515	0.0556689839514742	0.324571282998139	0.821646330434015	5.31130811211346	0.396958804973602	1.18400377065093
1.84	121	26	6.37396604266435	0	0.481508588248515	0.0556689839514742	0.324571282998139	0.842270329290256	5.31130811211346	0.396958804973602	1.18400377065093
1.85	121	25	6.17503163222269	0	0.493554544932906	0.059804032396025	0.329459140526485	0.834651681886882	5.31973746932613	0.414614505097439	1.18400377065093
1.86	121	25	6.17503163222269	0	0.493554544932906	0.059804032396025	0.329459140526485	0.814547456769188	5.31973746932614	0.414614505097439	1.18400377065093
1.87	121	25	6.17503163222269	0	0.493554544932906	0.059804032396025	0.329459140526485	0.814547456769188	5.31973746932614	0.414614505097439	1.18400377065093
1.88	121	25	6.17503163222269	0	0.493554544932906	0.059804032396025	0.329459140526485	0.81454745676919	5.31973746932614	0.414614505097439	1.18400377065093
1.89	121	25	6.17503163222269	0	0.493554544932906	0.059804032396025	0.329459140526485	0.834651681886883	5.31973746932613	0.414614505097439	1.18400377065093
1.9	121	25	6.17503163222269	0	0.493554544932906	0.059804032396025	0.329459140526485	0.814547456769188	5.31973746932614	0.414614505097439	1.18400377065093
1.91	121	25	6.17503163222269	0	0.493554544932906	0.059804032396025	0.329459140526485	0.834651681886882	5.31973746932614	0.414614505097439	1.18400377065093
1.92	121	25	6.17503163222269	0	0.493554544932906	0.059804032396025	0.329459140526485	0.832022452592053	5.31973746932614	0.414614505097439	1.18400377065093
1.93	121	25	6.17503163222269	0	0.493554544932906	0.059804032396025	0.329459140526485	0.832022452592051	5.31973746932614	0.414614505097439	1.18400377065093
1.94	121	25	6.17503163222269	0	0.493554544932906	0.059804032396025	0.329459140526485	0.835996415579678	5.31973746932614	0.414614505097439	1.18400377065093
1.95	121	25	6.17503163222269	0	0.493554544932906	0.059804032396025	0.329459140526485	0.834651681886881	5.31973746932614	0.414614505097439	1.18400377065093
1.96	121	25	6.17503163222269	0	0.493554544932906	0.059804032396025	0.329459140526485	0.814547456769188	5.31973746932614	0.414614505097439	1.18400377065093
1.97	121	25	6.17503163222269	0	0.493554544932906	0.059804032396025	0.329459140526485	0.834651681886882	5.31973746932613	0.414614505097439	1.18400377065093
1.98	121	25	5.71244635193133	0	0.500297609396415	0.0509293306860342	0.321299348469997	0.837398726761563	5.31842409002245	0.420852123972573	1.12372436363002
1.99	121	25	5.71244635193133	0	0.500297609396415	0.0509293306860343	0.321299348469997	0.818123403757779	5.31842409002246	0.420852123972573	1.12372436363002
2	121	25	5.71244635193133	0	0.500297609396415	0.0509293306860342	0.321299348469997	0.837398726761563	5.31842409002245	0.420852123972573	1.12372436363002
2.01	121	25	5.71244635193133	0	0.500297609396415	0.0509293306860343	0.321299348469997	0.818123403757779	5.31842409002246	0.420852123972573	1.12372436363002
2.02	121	25	5.71244635193133	0	0.500297609396415	0.0509293306860343	0.321299348469997	0.838859536009605	5.31842409002245	0.420852123972573	1.12372436363002
2.03	121	25	5.71244635193133	0	0.500297609396415	0.0509293306860342	0.321299348469997	0.837670428011368	5.31842409002246	0.420852123972573	1.12372436363002
2.04	121	24	5.7035449941566	0	0.458436341675428	0.0530513861312857	0.32102506451445	0.825863043666514	5.30413960325881	0.480194552610319	1.12372436363002
2.05	121	24	5.95889295889296	0	0.457847769461414	0.055202707930031	0.324003427977507	0.8119310607675	5.30983905588784	0.481471716555386	1.08824572128001
2.06	121	24	5.95889295889296	0	0.457847769461414	0.055202707930031	0.324003427977507	0.811931060767499	5.30983905588784	0.481471716555386	1.08824572128
2.07	121	24	5.95889295889296	0	0.457847769461414	0.055202707930031	0.324003427977507	0.792313951066501	5.30983905588784	0.481471716555386	1.08824572128001
2.08	121	24	5.95889295889296	0	0.457847769461414	0.055202707930031	0.324003427977507	0.809885145342576	5.30983905588784	0.481471716555386	1.08824572128001
2.09	121	24	5.95889295889296	0	0.457847769461414	0.055202707930031	0.324003427977507	0.810414052773514	5.30983905588784	0.481471716555386	1.08824572128001
2.1	121	24	6.19069767441861	0	0.45635649230542	0.0695497884758552	0.340436733136828	0.776972091167627	5.30578881029156	0.511529730410419	1.014474737192
2.11	121	24	6.19069767441861	0	0.45635649230542	0.0695497884758552	0.340436733136828	0.797645001007683	5.30578881029156	0.511529730410419	1.014474737192
2.12	121	23	6.55665024630542	0	0.412878624375829	0.0835272148345768	0.351271297890751	0.784278229065513	5.28535812560158	0.539036557475262	1.01720451532656
2.13	121	23	6.55665024630542	0	0.412878624375829	0.0835272148345768	0.351271297890751	0.786626863317419	5.28535812560158	0.539036557475262	1.01720451532656
2.14	121	22	5.44477500929714	0	0.427657219821113	0.0810882995760494	0.353934124474352	0.819263965426147	5.35699780064352	0.520385980411624	1.13969135301998
2.15	121	22	5.44477500929714	0	0.427657219821113	0.0810882995760494	0.353934124474353	0.808145075865971	5.35699780064351	0.520385980411624	1.13969135301998
2.16	121	21	5.40857037310676	0	0.37076527919458	0.0808310714716477	0.35162652447291	0.816556648137018	5.29323485395859	0.506783703891543	1.13981454347949
2.17	121	21	5.40857037310676	0	0.37076527919458	0.0808310714716477	0.35162652447291	0.817705126288455	5.29323485395859	0.506783703891543	1.13981454347949
2.18	121	21	5.34148121123677	0	0.370927590094868	0.0822516820636383	0.354217405990651	0.818410868639561	5.29298202085844	0.509454049768832	1.13203821195044
2.19	121	21	5.34148121123677	0	0.370927590094868	0.0822516820636383	0.354217405990651	0.816010949192695	5.29298202085844	0.509454049768832	1.13203821195044
2.2	121	20	3.25283270384359	0	0.391751887478154	0.0777028176911225	0.359062154963197	0.829625988389341	5.34971118888996	0.459003089932041	1.25243789136487
2.21	121	20	3.25283270384359	0	0.391751887478154	0.0777028176911225	0.359062154963197	0.827063856396042	5.34971118888996	0.45900308993204	1.25243789136487
2.22	121	20	3.25283270384359	0	0.391751887478154	0.0777028176911225	0.359062154963197	0.828420086330332	5.34971118888996	0.45900308993204	1.25243789136487
2.23	121	20	3.25283270384359	0	0.391751887478154	0.0777028176911225	0.359062154963197	0.829625988389342	5.34971118888996	0.459003089932041	1.25243789136487
2.24	121	20	3.25283270384359	0	0.391751887478154	0.0777028176911225	0.359062154963197	0.82706385639604	5.34971118888996	0.459003089932041	1.25243789136487
2.25	121	20	3.25283270384359	0	0.391751887478154	0.0777028176911225	0.359062154963197	0.829625988389341	5.34971118888996	0.45900308993204	1.25243789136487
2.26	121	20	3.25283270384359	0	0.391751887478154	0.0777028176911225	0.359062154963197	0.827063856396043	5.34971118888996	0.459003089932041	1.25243789136487
2.27	121	20	3.25283270384359	0	0.391751887478154	0.0777028176911225	0.359062154963197	0.82962598838934	5.34971118888996	0.459003089932041	1.25243789136487
2.28	121	20	3.25283270384359	0	0.391751887478154	0.0777028176911225	0.359062154963197	0.829625988389341	5.34971118888996	0.45900308993204	1.25243789136487
2.29	121	20	3.25283270384359	0	0.391751887478154	0.0777028176911225	0.359062154963197	0.827063856396042	5.34971118888996	0.45900308993204	1.25243789136487
2.29999999999999	121	19	3.16562162162162	0	0.40814786496623	0.0822910027330294	0.361946513701298	0.818602799093853	5.30222763744085	0.485695443945381	1.25243789136487
2.30999999999999	121	19	3.16562162162162	0	0.40814786496623	0.0822910027330294	0.361946513701298	0.819872169682284	5.30222763744085	0.48569544394538	1.25243789136487
2.31999999999999	121	19	3.16562162162162	0	0.40814786496623	0.0822910027330294	0.361946513701298	0.817175188636706	5.30222763744085	0.48569544394538	1.25243789136487
2.32999999999999	121	19	3.16562162162162	0	0.40814786496623	0.0822910027330294	0.361946513701298	0.817175188636706	5.30222763744085	0.485695443945381	1.25243789136487
2.33999999999999	121	19	3.16562162162162	0	0.40814786496623	0.0822910027330294	0.361946513701298	0.817175188636706	5.30222763744085	0.485695443945381	1.25243789136487
2.34999999999999	121	19	3.16562162162162	0	0.40814786496623	0.0822910027330294	0.361946513701298	0.817175188636706	5.30222763744085	0.485695443945381	1.25243789136487
2.35999999999999	121	19	3.16562162162162	0	0.40814786496623	0.0822910027330294	0.361946513701298	0.817175188636706	5.30222763744085	0.48569544394538	1.25243789136487
2.36999999999999	121	18	3.08166701747001	0	0.425843867280683	0.0883891327259892	0.36694329347849	0.809831513632935	5.38551880741921	0.514251131757872	1.25243789136487
2.37999999999999	121	18	3.08166701747001	0	0.425843867280682	0.0883891327259892	0.36694329347849	0.809831513632935	5.38551880741921	0.514251131757872	1.25243789136487
2.38999999999999	121	18	3.08166701747001	0	0.425843867280682	0.0883891327259892	0.36694329347849	0.806984700307047	5.38551880741921	0.514251131757872	1.25243789136487
2.39999999999999	121	18	3.08166701747001	0	0.425843867280683	0.0883891327259892	0.36694329347849	0.806984700307048	5.38551880741921	0.514251131757872	1.25243789136487
2.40999999999999	121	18	3.08166701747001	0	0.425843867280683	0.0883891327259893	0.36694329347849	0.806984700307047	5.38551880741921	0.514251131757872	1.25243789136487
2.41999999999999	121	18	3.08166701747001	0	0.425843867280683	0.0883891327259892	0.36694329347849	0.806984700307047	5.38551880741921	0.514251131757872	1.25243789136487
2.42999999999999	121	18	3.08166701747001	0	0.425843867280683	0.0883891327259892	0.36694329347849	0.806984700307048	5.38551880741921	0.514251131757872	1.25243789136487
2.43999999999999	121	18	3.08166701747001	0	0.425843867280683	0.0883891327259892	0.36694329347849	0.809831513632935	5.38551880741921	0.514251131757872	1.25243789136487
2.44999999999999	121	18	3.08166701747001	0	0.425843867280682	0.0883891327259892	0.36694329347849	0.806984700307048	5.38551880741921	0.514251131757872	1.25243789136487
2.45999999999999	121	18	3.08166701747001	0	0.425843867280683	0.0883891327259893	0.36694329347849	0.806984700307047	5.38551880741921	0.514251131757872	1.25243789136487
2.46999999999999	121	18	3.08166701747001	0	0.425843867280683	0.0883891327259893	0.36694329347849	0.806984700307048	5.38551880741922	0.514251131757872	1.25243789136487
2.47999999999999	121	18	3.08166701747001	0	0.425843867280682	0.0883891327259892	0.36694329347849	0.806984700307048	5.38551880741921	0.514251131757872	1.25243789136487
2.48999999999999	121	18	3.08166701747001	0	0.425843867280683	0.0883891327259892	0.36694329347849	0.809831513632935	5.38551880741921	0.514251131757872	1.25243789136487
2.49999999999999	121	17	3.08037029244688	0	0.448790049667446	0.112552923433146	0.387980950522135	0.767410029979224	5.4688285980373	0.691296017743629	1.34228257125583
2.50999999999999	121	17	3.08037029244688	0	0.448790049667446	0.112552923433146	0.387980950522135	0.767410029979224	5.4688285980373	0.69129601774363	1.34228257125583
2.51999999999999	121	17	3.08037029244688	0	0.448790049667446	0.112552923433146	0.387980950522135	0.767410029979224	5.4688285980373	0.691296017743629	1.34228257125583
2.52999999999999	121	17	3.08037029244688	0	0.448790049667446	0.112552923433147	0.387980950522135	0.767410029979224	5.4688285980373	0.691296017743629	1.34228257125583
2.53999999999999	121	17	3.08037029244688	0	0.448790049667446	0.112552923433147	0.387980950522135	0.767410029979224	5.4688285980373	0.691296017743629	1.34228257125583
2.54999999999999	121	17	3.08037029244688	0	0.448790049667446	0.112552923433146	0.387980950522135	0.767410029979224	5.4688285980373	0.691296017743629	1.34228257125583
2.55999999999999	121	17	3.08037029244688	0	0.448790049667446	0.112552923433147	0.387980950522135	0.765814465350648	5.4688285980373	0.691296017743629	1.34228257125583
2.56999999999999	121	17	3.08037029244688	0	0.448790049667446	0.112552923433147	0.387980950522135	0.767410029979224	5.4688285980373	0.691296017743629	1.34228257125583
2.57999999999999	121	17	3.08037029244688	0	0.448790049667446	0.112552923433147	0.387980950522136	0.768168074957046	5.4688285980373	0.691296017743629	1.34228257125583
2.58999999999999	121	17	3.08037029244688	0	0.448790049667446	0.112552923433146	0.387980950522135	0.767410029979224	5.4688285980373	0.691296017743629	1.34228257125583
2.59999999999999	121	17	3.08037029244688	0	0.448790049667446	0.112552923433147	0.387980950522135	0.765814465350648	5.4688285980373	0.691296017743629	1.34228257125583
2.60999999999999	121	17	3.08037029244688	0	0.448790049667446	0.112552923433147	0.387980950522135	0.765814465350648	5.4688285980373	0.691296017743629	1.34228257125583
2.61999999999999	121	17	3.08037029244688	0	0.448790049667446	0.112552923433147	0.387980950522135	0.767410029979224	5.4688285980373	0.691296017743629	1.34228257125583
2.62999999999999	121	17	3.08037029244688	0	0.448790049667446	0.112552923433146	0.387980950522135	0.769763639585622	5.4688285980373	0.691296017743629	1.34228257125583
2.63999999999999	121	17	3.08037029244688	0	0.448790049667446	0.112552923433147	0.387980950522135	0.768168074957046	5.4688285980373	0.691296017743629	1.34228257125583
2.64999999999999	121	17	3.08037029244688	0	0.448790049667446	0.112552923433146	0.387980950522135	0.769763639585622	5.4688285980373	0.691296017743629	1.34228257125583
2.65999999999999	121	17	3.08037029244688	0	0.448790049667446	0.112552923433147	0.387980950522135	0.765814465350648	5.4688285980373	0.691296017743629	1.34228257125583
2.66999999999999	121	17	3.08037029244688	0	0.448790049667446	0.112552923433146	0.387980950522135	0.769763639585622	5.4688285980373	0.691296017743629	1.34228257125583
2.67999999999999	121	17	3.08037029244688	0	0.448790049667446	0.112552923433147	0.387980950522135	0.768168074957046	5.4688285980373	0.691296017743629	1.34228257125583
2.68999999999999	121	17	3.08037029244688	0	0.448790049667446	0.112552923433147	0.387980950522136	0.765814465350648	5.4688285980373	0.691296017743629	1.34228257125583
2.69999999999999	121	17	3.08037029244688	0	0.448790049667446	0.112552923433146	0.387980950522135	0.767410029979224	5.4688285980373	0.691296017743629	1.34228257125583
2.70999999999999	121	17	3.08037029244688	0	0.448790049667446	0.112552923433146	0.387980950522136	0.767410029979224	5.4688285980373	0.691296017743629	1.34228257125583
2.71999999999999	121	17	3.08037029244688	0	0.448790049667446	0.112552923433146	0.387980950522135	0.767410029979224	5.4688285980373	0.691296017743629	1.34228257125583
2.72999999999999	121	17	3.08037029244688	0	0.448790049667446	0.112552923433147	0.387980950522135	0.768168074957046	5.4688285980373	0.691296017743629	1.34228257125583
2.73999999999999	121	17	3.08037029244688	0	0.448790049667446	0.112552923433147	0.387980950522135	0.768168074957046	5.4688285980373	0.69129601774363	1.34228257125583
2.74999999999999	121	17	3.08037029244688	0	0.448790049667446	0.112552923433147	0.387980950522135	0.768168074957046	5.4688285980373	0.691296017743629	1.34228257125583
2.75999999999999	121	17	3.08037029244688	0	0.448790049667446	0.112552923433146	0.387980950522135	0.767410029979224	5.4688285980373	0.691296017743629	1.34228257125583
2.76999999999998	121	17	3.08037029244688	0	0.448790049667446	0.112552923433146	0.387980950522135	0.767410029979224	5.4688285980373	0.691296017743629	1.34228257125583
2.77999999999998	121	17	3.08037029244688	0	0.448790049667446	0.112552923433147	0.387980950522135	0.765814465350648	5.4688285980373	0.691296017743629	1.34228257125583
2.78999999999998	121	17	3.08037029244688	0	0.448790049667446	0.112552923433147	0.387980950522135	0.768168074957046	5.4688285980373	0.691296017743629	1.34228257125583
2.79999999999998	121	17	3.08037029244688	0	0.448790049667446	0.112552923433147	0.387980950522135	0.767410029979224	5.4688285980373	0.691296017743629	1.34228257125583
2.80999999999998	121	17	3.08037029244688	0	0.448790049667446	0.112552923433146	0.387980950522136	0.769763639585622	5.4688285980373	0.691296017743629	1.34228257125583
2.81999999999998	121	17	3.08037029244688	0	0.448790049667446	0.112552923433147	0.387980950522135	0.769763639585622	5.4688285980373	0.69129601774363	1.34228257125583
2.82999999999998	121	17	3.08037029244688	0	0.448790049667446	0.112552923433147	0.387980950522135	0.767410029979224	5.4688285980373	0.691296017743629	1.34228257125583
2.83999999999998	121	17	3.08037029244688	0	0.448790049667446	0.112552923433146	0.387980950522135	0.768168074957046	5.4688285980373	0.691296017743629	1.34228257125583
2.84999999999998	121	17	3.08037029244688	0	0.448790049667446	0.112552923433146	0.387980950522135	0.768168074957046	5.4688285980373	0.691296017743629	1.34228257125583
2.85999999999998	121	17	3.08037029244688	0	0.448790049667446	0.112552923433147	0.387980950522135	0.768168074957046	5.4688285980373	0.691296017743629	1.34228257125583
2.86999999999998	121	17	3.08037029244688	0	0.448790049667446	0.112552923433146	0.387980950522135	0.767410029979224	5.4688285980373	0.691296017743629	1.34228257125583
2.87999999999998	121	17	3.08037029244688	0	0.448790049667446	0.112552923433147	0.387980950522136	0.765814465350648	5.4688285980373	0.691296017743629	1.34228257125583
2.88999999999998	121	17	3.08037029244688	0	0.448790049667446	0.112552923433147	0.387980950522135	0.769763639585622	5.4688285980373	0.691296017743629	1.34228257125583
2.89999999999998	121	17	3.08037029244688	0	0.448790049667446	0.112552923433147	0.387980950522135	0.768168074957046	5.4688285980373	0.691296017743629	1.34228257125583
2.90999999999998	121	17	3.08037029244688	0	0.448790049667446	0.112552923433146	0.387980950522135	0.767410029979224	5.4688285980373	0.691296017743629	1.34228257125583
2.91999999999998	121	17	3.08037029244688	0	0.448790049667446	0.112552923433146	0.387980950522135	0.767410029979224	5.4688285980373	0.691296017743629	1.34228257125583
2.92999999999998	121	17	3.08037029244688	0	0.448790049667446	0.112552923433147	0.387980950522135	0.769763639585622	5.4688285980373	0.691296017743629	1.34228257125583
2.93999999999998	121	17	3.08037029244688	0	0.448790049667446	0.112552923433146	0.387980950522135	0.769763639585622	5.4688285980373	0.69129601774363	1.34228257125583
2.94999999999998	121	17	3.08037029244688	0	0.448790049667446	0.112552923433146	0.387980950522135	0.769763639585622	5.4688285980373	0.691296017743629	1.34228257125583
2.95999999999998	121	17	3.08037029244688	0	0.448790049667446	0.112552923433147	0.387980950522135	0.765814465350648	5.4688285980373	0.691296017743629	1.34228257125583
2.96999999999998	121	17	3.08037029244688	0	0.448790049667446	0.112552923433147	0.387980950522135	0.769763639585622	5.4688285980373	0.691296017743629	1.34228257125583
2.97999999999998	121	17	3.08037029244688	0	0.448790049667446	0.112552923433147	0.387980950522135	0.765814465350648	5.4688285980373	0.691296017743629	1.34228257125583
2.98999999999998	121	17	3.08037029244688	0	0.448790049667446	0.112552923433146	0.387980950522135	0.767410029979224	5.4688285980373	0.69129601774363	1.34228257125583
2.99999999999998	121	17	3.08037029244688	0	0.448790049667446	0.112552923433146	0.387980950522136	0.767410029979224	5.4688285980373	0.69129601774363	1.34228257125583
3.00999999999998	121	17	3.08037029244688	0	0.448790049667446	0.112552923433147	0.387980950522135	0.765814465350648	5.4688285980373	0.691296017743629	1.34228257125583
3.01999999999998	121	17	3.08037029244688	0	0.448790049667446	0.112552923433147	0.387980950522135	0.768168074957046	5.4688285980373	0.69129601774363	1.34228257125583
3.02999999999998	121	17	3.08037029244688	0	0.448790049667446	0.112552923433146	0.387980950522135	0.767410029979224	5.4688285980373	0.691296017743629	1.34228257125583
3.03999999999998	121	17	3.08037029244688	0	0.448790049667446	0.112552923433146	0.387980950522135	0.767410029979224	5.4688285980373	0.691296017743629	1.34228257125583
3.04999999999998	121	17	3.08037029244688	0	0.448790049667446	0.112552923433147	0.387980950522135	0.768168074957046	5.4688285980373	0.691296017743629	1.34228257125583
3.05999999999998	121	17	3.08037029244688	0	0.448790049667446	0.112552923433147	0.387980950522135	0.768168074957046	5.4688285980373	0.691296017743629	1.34228257125583
3.06999999999998	121	17	3.08037029244688	0	0.448790049667446	0.112552923433146	0.387980950522135	0.767410029979224	5.4688285980373	0.691296017743629	1.34228257125583
3.07999999999998	121	17	3.08037029244688	0	0.448790049667446	0.112552923433147	0.387980950522135	0.767410029979224	5.4688285980373	0.691296017743629	1.34228257125583
3.08999999999998	121	17	3.08037029244688	0	0.448790049667446	0.112552923433147	0.387980950522135	0.765814465350648	5.4688285980373	0.691296017743629	1.34228257125583
3.09999999999998	121	17	3.0268761629109	0	0.449163338471623	0.112266471069244	0.387835088275574	0.770236473298658	5.46842362421795	0.695071344844171	1.34228257125583
3.10999999999998	121	17	3.0268761629109	0	0.449163338471623	0.112266471069244	0.387835088275574	0.770236473298657	5.46842362421795	0.695071344844171	1.34228257125583
3.11999999999998	121	17	2.97279187817259	0	0.449565355410242	0.111981702228191	0.387719705586587	0.76942279500038	5.46800203527676	0.698529689688978	1.34228257125583
3.12999999999998	121	17	2.97279187817259	0	0.449565355410242	0.111981702228191	0.387719705586587	0.767069185393982	5.46800203527676	0.698529689688978	1.34228257125583
3.13999999999998	121	17	2.97279187817259	0	0.449565355410242	0.111981702228191	0.387719705586587	0.767823338128222	5.46800203527676	0.698529689688978	1.34228257125583
3.14999999999998	121	17	2.97279187817259	0	0.449565355410242	0.111981702228191	0.387719705586587	0.769422795000381	5.46800203527676	0.698529689688978	1.34228257125583
3.15999999999998	121	17	2.97279187817259	0	0.449565355410242	0.111981702228191	0.387719705586587	0.767823338128221	5.46800203527676	0.698529689688978	1.34228257125583
3.16999999999998	121	16	1.90216967649734	0	0.482173333776397	0.113271368536691	0.404269440694562	0.772091364907372	5.51778715275431	0.704586218733594	1.30311758426012
3.17999999999998	121	16	1.90216967649734	0	0.482173333776397	0.113271368536691	0.404269440694562	0.769590654700576	5.51778715275431	0.704586218733594	1.30311758426012
3.18999999999998	121	16	1.90216967649734	0	0.482173333776397	0.113271368536691	0.404269440694562	0.771410529698822	5.51778715275431	0.704586218733595	1.30311758426011
3.19999999999998	121	16	1.90216967649734	0	0.482173333776397	0.113271368536691	0.404269440694562	0.773911239905622	5.51778715275431	0.704586218733595	1.30311758426011
3.20999999999998	121	16	1.90216967649734	0	0.482173333776397	0.113271368536691	0.404269440694562	0.769590654700577	5.51778715275431	0.704586218733594	1.30311758426012
3.21999999999998	121	16	1.90216967649734	0	0.482173333776397	0.113271368536691	0.404269440694562	0.77391123990562	5.51778715275431	0.704586218733594	1.30311758426012
3.22999999999998	121	16	1.90216967649734	0	0.482173333776397	0.113271368536691	0.404269440694562	0.769590654700575	5.51778715275431	0.704586218733595	1.30311758426012
3.23999999999997	121	16	1.90216967649734	0	0.482173333776397	0.113271368536691	0.404269440694562	0.772091364907372	5.51778715275431	0.704586218733595	1.30311758426011
3.24999999999997	121	16	1.90216967649734	0	0.482173333776397	0.113271368536691	0.404269440694562	0.771410529698824	5.51778715275431	0.704586218733595	1.30311758426011
3.25999999999997	121	16	1.90216967649734	0	0.482173333776397	0.113271368536691	0.404269440694562	0.772091364907374	5.51778715275431	0.704586218733594	1.30311758426012
3.26999999999997	121	16	1.90216967649734	0	0.482173333776397	0.113271368536691	0.404269440694562	0.773911239905622	5.51778715275431	0.704586218733594	1.30311758426012
3.27999999999997	121	16	1.90216967649734	0	0.482173333776397	0.113271368536691	0.404269440694562	0.772091364907374	5.51778715275431	0.704586218733595	1.30311758426011
3.28999999999997	121	16	1.90216967649734	0	0.482173333776397	0.113271368536691	0.404269440694562	0.769590654700577	5.51778715275431	0.704586218733595	1.30311758426011
3.29999999999997	121	15	1.86011942574006	0.00692034756674436	0.427122036290354	0.12232364361074	0.411789755076331	0.754241375981446	5.50634936840505	0.75363915687311	1.28748658961113
3.30999999999997	121	15	1.86011942574006	0.00692034756674436	0.427122036290354	0.12232364361074	0.411789755076331	0.754241375981446	5.50634936840505	0.75363915687311	1.28748658961113
3.31999999999997	121	15	1.86011942574006	0.00692034756674436	0.427122036290354	0.12232364361074	0.411789755076331	0.756189495261644	5.50634936840505	0.753639156873111	1.28748658961112
3.32999999999997	121	15	1.86011942574006	0.00692034756674436	0.427122036290354	0.12232364361074	0.411789755076331	0.754241375981448	5.50634936840505	0.75363915687311	1.28748658961113
3.33999999999997	121	14	1.85870255173289	0.0074146581072261	0.45362685833365	0.131061046725793	0.417260245102876	0.726564966388693	5.52742422471054	0.883805150578332	1.28748658961113
3.34999999999997	121	13	1.85823073994162	0.00798501642316657	0.491145464952121	0.1411426657047	0.433254182612941	0.649734220492003	5.57878164905711	1.20945802139205	1.03979761757516
3.35999999999997	121	13	1.85823073994162	0.00798501642316657	0.491145464952121	0.1411426657047	0.433254182612941	0.649734220492001	5.57878164905711	1.20945802139205	1.03979761757516
3.36999999999997	121	13	1.85823073994162	0.00798501642316657	0.491145464952121	0.1411426657047	0.433254182612941	0.649734220492	5.57878164905711	1.20945802139205	1.03979761757516
3.37999999999997	121	13	1.85823073994162	0.00798501642316657	0.491145464952121	0.1411426657047	0.433254182612941	0.649734220492003	5.57878164905711	1.20945802139205	1.03979761757516
3.38999999999997	121	13	1.85823073994162	0.00798501642316657	0.491145464952121	0.1411426657047	0.433254182612941	0.649734220492003	5.57878164905711	1.20945802139205	1.03979761757516
3.39999999999997	121	13	1.85823073994162	0.00798501642316657	0.491145464952121	0.1411426657047	0.433254182612941	0.649734220492	5.57878164905711	1.20945802139205	1.03979761757516
3.40999999999997	121	13	1.85823073994162	0.00798501642316657	0.491145464952121	0.1411426657047	0.433254182612941	0.654881482349886	5.57878164905711	1.20945802139205	1.03979761757516
3.41999999999997	121	13	1.85823073994162	0.00798501642316657	0.491145464952121	0.1411426657047	0.433254182612941	0.654881482349884	5.57878164905711	1.20945802139205	1.03979761757516
3.42999999999997	121	13	1.85823073994162	0.00798501642316657	0.491145464952121	0.1411426657047	0.433254182612941	0.649734220492002	5.57878164905711	1.20945802139205	1.03979761757516
3.43999999999997	121	13	1.85823073994162	0.00798501642316657	0.491145464952121	0.1411426657047	0.433254182612941	0.649734220492	5.57878164905711	1.20945802139205	1.03979761757516
3.44999999999997	121	13	1.85823073994162	0.00798501642316657	0.491145464952121	0.1411426657047	0.433254182612941	0.649734220492	5.57878164905711	1.20945802139205	1.03979761757516
3.45999999999997	121	13	1.85823073994162	0.00798501642316657	0.491145464952121	0.1411426657047	0.433254182612941	0.649734220492	5.57878164905711	1.20945802139205	1.03979761757516
3.46999999999997	121	12	1.85728783458074	0.0972051473272922	0.529988388358954	0.168620318375623	0.461771369553892	0.617851026614054	5.635752406125	1.36832860289694	1.03979761757516
3.47999999999997	121	12	1.85728783458074	0.0972051473272922	0.529988388358954	0.168620318375623	0.461771369553892	0.611875765354645	5.635752406125	1.36832860289694	1.03979761757516
3.48999999999997	121	11	1.8568167406468	0.106041978902501	0.585783233830016	0.183949438227953	0.483567802753751	0.519288827602182	5.54797734840083	1.80935770679667	1.14547770851031
3.49999999999997	121	11	1.8568167406468	0.106041978902501	0.585783233830016	0.183949438227953	0.483567802753751	0.533470913564147	5.54797734840083	1.80935770679666	1.14547770851031
3.50999999999997	121	11	1.8568167406468	0.106041978902501	0.585783233830016	0.183949438227953	0.483567802753751	0.533470913564147	5.54797734840083	1.80935770679667	1.14547770851031
3.51999999999997	121	11	1.8568167406468	0.106041978902501	0.585783233830016	0.183949438227953	0.483567802753751	0.519288827602185	5.54797734840083	1.80935770679667	1.14547770851031
3.52999999999997	121	11	1.8568167406468	0.106041978902501	0.585783233830016	0.183949438227953	0.483567802753751	0.533470913564145	5.54797734840083	1.80935770679667	1.14547770851031
3.53999999999997	121	11	1.8568167406468	0.106041978902501	0.585783233830016	0.183949438227953	0.483567802753751	0.519288827602181	5.54797734840083	1.80935770679667	1.14547770851031
3.54999999999997	121	11	1.8568167406468	0.106041978902501	0.585783233830016	0.183949438227953	0.483567802753751	0.533470913564145	5.54797734840083	1.80935770679666	1.14547770851031
3.55999999999997	121	11	1.8568167406468	0.106041978902501	0.585783233830016	0.183949438227953	0.483567802753751	0.519288827602185	5.54797734840083	1.80935770679667	1.14547770851031
3.56999999999997	121	11	1.8568167406468	0.106041978902501	0.585783233830016	0.183949438227953	0.483567802753751	0.519288827602181	5.54797734840083	1.80935770679666	1.14547770851031
3.57999999999997	121	11	1.8568167406468	0.106041978902501	0.585783233830016	0.183949438227953	0.483567802753751	0.519288827602184	5.54797734840083	1.80935770679667	1.14547770851031
3.58999999999997	121	11	1.8568167406468	0.106041978902501	0.585783233830016	0.183949438227953	0.483567802753751	0.533470913564143	5.54797734840083	1.80935770679666	1.14547770851031
3.59999999999997	121	11	1.8568167406468	0.106041978902501	0.585783233830016	0.183949438227953	0.483567802753751	0.533470913564146	5.54797734840083	1.80935770679666	1.14547770851031
3.60999999999997	121	11	1.8568167406468	0.106041978902501	0.585783233830016	0.183949438227953	0.483567802753751	0.533470913564143	5.54797734840083	1.80935770679666	1.14547770851031
3.61999999999997	121	11	1.8568167406468	0.106041978902501	0.585783233830016	0.183949438227953	0.483567802753751	0.519288827602184	5.54797734840083	1.80935770679667	1.14547770851031
3.62999999999997	121	11	1.8568167406468	0.106041978902501	0.585783233830016	0.183949438227953	0.483567802753751	0.519288827602183	5.54797734840083	1.80935770679667	1.14547770851031
3.63999999999997	121	11	1.8568167406468	0.106041978902501	0.585783233830016	0.183949438227953	0.483567802753751	0.533470913564146	5.54797734840083	1.80935770679666	1.14547770851031
3.64999999999997	121	11	1.8568167406468	0.106041978902501	0.585783233830016	0.183949438227953	0.483567802753751	0.519288827602185	5.54797734840083	1.80935770679667	1.14547770851031
3.65999999999997	121	11	1.8568167406468	0.106041978902501	0.585783233830016	0.183949438227953	0.483567802753751	0.533470913564146	5.54797734840083	1.80935770679667	1.14547770851031
3.66999999999997	121	11	1.8568167406468	0.106041978902501	0.585783233830016	0.183949438227953	0.483567802753751	0.519288827602181	5.54797734840083	1.80935770679667	1.14547770851031
3.67999999999997	121	11	1.8568167406468	0.106041978902501	0.585783233830016	0.183949438227953	0.483567802753751	0.533470913564147	5.54797734840083	1.80935770679666	1.14547770851031
3.68999999999997	121	11	1.8568167406468	0.106041978902501	0.585783233830016	0.183949438227953	0.483567802753751	0.533470913564144	5.54797734840083	1.80935770679667	1.14547770851031
3.69999999999997	121	11	1.8568167406468	0.106041978902501	0.585783233830016	0.183949438227953	0.483567802753751	0.519288827602181	5.54797734840083	1.80935770679667	1.14547770851031
3.70999999999996	121	11	1.8568167406468	0.106041978902501	0.585783233830016	0.183949438227953	0.483567802753751	0.519288827602185	5.54797734840083	1.80935770679667	1.14547770851031
3.71999999999996	121	11	1.8568167406468	0.106041978902501	0.585783233830016	0.183949438227953	0.483567802753751	0.533470913564145	5.54797734840083	1.80935770679666	1.14547770851031
3.72999999999996	121	11	1.8568167406468	0.106041978902501	0.585783233830016	0.183949438227953	0.483567802753751	0.519288827602181	5.54797734840083	1.80935770679667	1.14547770851031
3.73999999999996	121	11	1.8568167406468	0.106041978902501	0.585783233830016	0.183949438227953	0.483567802753751	0.533470913564146	5.54797734840083	1.80935770679666	1.14547770851031
3.74999999999996	121	11	1.8568167406468	0.106041978902501	0.585783233830016	0.183949438227953	0.483567802753751	0.533470913564146	5.54797734840083	1.80935770679667	1.14547770851031
3.75999999999996	121	11	1.8568167406468	0.106041978902501	0.585783233830016	0.183949438227953	0.483567802753751	0.533470913564143	5.54797734840083	1.80935770679666	1.14547770851031
3.76999999999996	121	11	1.8568167406468	0.106041978902501	0.585783233830016	0.183949438227953	0.483567802753751	0.519288827602185	5.54797734840083	1.80935770679667	1.14547770851031
3.77999999999996	121	11	1.8568167406468	0.106041978902501	0.585783233830016	0.183949438227953	0.483567802753751	0.519288827602183	5.54797734840083	1.80935770679667	1.14547770851031
3.78999999999996	121	11	1.8568167406468	0.106041978902501	0.585783233830016	0.183949438227953	0.483567802753751	0.533470913564143	5.54797734840083	1.80935770679667	1.14547770851031
3.79999999999996	121	11	1.85540489164871	0.114637294490565	0.586062831902568	0.181113380088111	0.480958338137408	0.517928800829312	5.55649253946143	1.93631116861485	1.11696275562396
3.80999999999996	121	11	1.85540489164871	0.114637294490565	0.586062831902568	0.181113380088111	0.480958338137408	0.517928800829315	5.55649253946143	1.93631116861485	1.11696275562396
3.81999999999996	121	11	1.85540489164871	0.114637294490565	0.586062831902569	0.181113380088111	0.480958338137408	0.497133088741981	5.55649253946143	1.93631116861485	1.11696275562396
3.82999999999996	121	11	1.85540489164871	0.114637294490565	0.586062831902569	0.181113380088111	0.480958338137408	0.513898018554625	5.55649253946143	1.93631116861485	1.11696275562396
3.83999999999996	121	10	1.85165043632225	0.126101023939621	0.623474269486426	0.228830145041415	0.527557452396065	0.51557395062993	5.5829611269335	1.90084153390967	1.11696275562396
3.84999999999996	121	10	1.85165043632225	0.126101023939621	0.623474269486426	0.228830145041415	0.527557452396065	0.507357740347786	5.5829611269335	1.90084153390967	1.11696275562396
3.85999999999996	121	10	1.85165043632225	0.126101023939621	0.623474269486426	0.228830145041415	0.527557452396065	0.488761566525119	5.5829611269335	1.90084153390967	1.11696275562396
3.86999999999996	121	9	1.84604715672677	0.0814245243410647	0.632707414428819	0.243383513255297	0.554123018282427	0.517880615198122	5.68226016389731	1.84350520057159	1.18158694120744
3.87999999999996	121	9	1.84604715672677	0.0814245243410647	0.632707414428819	0.243383513255297	0.554123018282427	0.497338360767505	5.68226016389731	1.84350520057159	1.18158694120744
3.88999999999996	121	9	1.84604715672677	0.0814245243410647	0.632707414428819	0.243383513255297	0.554123018282427	0.497338360767505	5.68226016389731	1.84350520057159	1.18158694120744
3.89999999999996	121	9	1.84604715672677	0.0814245243410647	0.632707414428819	0.243383513255297	0.554123018282427	0.497338360767506	5.68226016389731	1.84350520057159	1.18158694120744
3.90999999999996	121	9	1.84604715672677	0.0814245243410647	0.632707414428819	0.243383513255297	0.554123018282427	0.517880615198122	5.68226016389731	1.84350520057159	1.18158694120744
3.91999999999996	121	9	1.84604715672677	0.0814245243410647	0.632707414428819	0.243383513255297	0.554123018282427	0.497338360767506	5.68226016389731	1.84350520057158	1.18158694120744
3.92999999999996	121	9	1.84604715672677	0.0814245243410647	0.632707414428819	0.243383513255297	0.554123018282427	0.517050788643196	5.68226016389731	1.84350520057159	1.18158694120744
3.93999999999996	121	9	1.84604715672677	0.0814245243410647	0.632707414428819	0.243383513255297	0.554123018282427	0.514271877845187	5.68226016389731	1.84350520057159	1.18158694120744
3.94999999999996	121	9	1.84604715672677	0.0814245243410647	0.632707414428819	0.243383513255297	0.554123018282427	0.517880615198122	5.6822601638973	1.84350520057159	1.18158694120744
3.95999999999996	121	9	1.84604715672677	0.0814245243410647	0.632707414428819	0.243383513255297	0.554123018282427	0.517050788643198	5.68226016389731	1.84350520057159	1.18158694120744
3.96999999999996	121	9	1.84604715672677	0.0814245243410647	0.632707414428819	0.243383513255297	0.554123018282427	0.514271877845189	5.68226016389731	1.84350520057159	1.18158694120744
3.97999999999996	121	9	1.84604715672677	0.0814245243410647	0.632707414428819	0.243383513255297	0.554123018282427	0.514271877845189	5.68226016389731	1.84350520057159	1.18158694120744
3.98999999999996	121	9	1.84604715672677	0.0814245243410647	0.632707414428819	0.243383513255297	0.554123018282427	0.517050788643196	5.68226016389731	1.84350520057159	1.18158694120744
3.99999999999996	121	9	1.84604715672677	0.0814245243410647	0.632707414428819	0.243383513255297	0.554123018282427	0.514271877845187	5.68226016389731	1.84350520057159	1.18158694120744
4.00999999999996	121	9	1.84604715672677	0.0814245243410647	0.632707414428819	0.243383513255297	0.554123018282427	0.51788061519812	5.68226016389731	1.84350520057159	1.18158694120744
4.01999999999996	121	9	1.84604715672677	0.0814245243410647	0.632707414428819	0.243383513255297	0.554123018282427	0.514271877845187	5.68226016389731	1.84350520057159	1.18158694120744
4.02999999999996	121	9	1.84604715672677	0.0814245243410647	0.632707414428819	0.243383513255297	0.554123018282427	0.517880615198122	5.68226016389731	1.84350520057159	1.18158694120744
4.03999999999996	121	9	1.84604715672677	0.0814245243410647	0.632707414428819	0.243383513255297	0.554123018282427	0.517050788643196	5.68226016389731	1.84350520057159	1.18158694120744
4.04999999999996	121	9	1.84604715672677	0.0814245243410647	0.632707414428819	0.243383513255297	0.554123018282427	0.517880615198122	5.68226016389731	1.84350520057159	1.18158694120744
4.05999999999996	121	9	1.84604715672677	0.0814245243410647	0.632707414428819	0.243383513255297	0.554123018282427	0.514271877845189	5.68226016389731	1.84350520057159	1.18158694120744
4.06999999999996	121	9	1.84604715672677	0.0814245243410647	0.632707414428819	0.243383513255297	0.554123018282427	0.51788061519812	5.68226016389731	1.84350520057159	1.18158694120744
4.07999999999996	121	9	1.84604715672677	0.0814245243410647	0.632707414428819	0.243383513255297	0.554123018282427	0.497338360767504	5.68226016389731	1.84350520057159	1.18158694120744
4.08999999999996	121	9	1.84604715672677	0.0814245243410647	0.632707414428819	0.243383513255297	0.554123018282427	0.514271877845189	5.68226016389731	1.84350520057159	1.18158694120744
4.09999999999996	121	9	1.84604715672677	0.0814245243410647	0.632707414428819	0.243383513255297	0.554123018282427	0.514271877845187	5.68226016389731	1.84350520057159	1.18158694120744
4.10999999999996	121	9	1.84604715672677	0.0814245243410647	0.632707414428819	0.243383513255297	0.554123018282427	0.514271877845189	5.68226016389731	1.84350520057159	1.18158694120744
4.11999999999996	121	8	1.84558174713223	0.0916025898836978	0.729875017288458	0.31410586607417	0.613350927920925	0.376561984713777	5.75109714009875	2.58837551564303	1.1728652084527
4.12999999999996	121	8	1.84558174713223	0.0916025898836978	0.729875017288458	0.31410586607417	0.613350927920925	0.357408930102343	5.75109714009876	2.58837551564303	1.1728652084527
4.13999999999996	121	8	1.84558174713223	0.0916025898836978	0.729875017288458	0.31410586607417	0.613350927920925	0.360535204750103	5.75109714009876	2.58837551564303	1.1728652084527
4.14999999999996	121	8	1.84558174713223	0.0916025898836978	0.729875017288458	0.31410586607417	0.613350927920925	0.361468759624392	5.75109714009876	2.58837551564303	1.1728652084527
4.15999999999996	121	8	1.84558174713223	0.0916025898836978	0.729875017288458	0.31410586607417	0.613350927920925	0.33835872338995	5.75109714009876	2.58837551564303	1.1728652084527
4.16999999999996	121	8	1.84558174713223	0.0916025898836978	0.729875017288458	0.31410586607417	0.613350927920925	0.376561984713777	5.75109714009876	2.58837551564303	1.1728652084527
4.17999999999996	121	8	1.84558174713223	0.0916025898836978	0.729875017288458	0.31410586607417	0.613350927920925	0.375628429839486	5.75109714009876	2.58837551564303	1.1728652084527
4.18999999999996	121	8	1.84558174713223	0.0916025898836978	0.729875017288458	0.31410586607417	0.613350927920925	0.375628429839486	5.75109714009876	2.58837551564304	1.1728652084527
4.19999999999995	121	8	1.84558174713223	0.0916025898836978	0.729875017288458	0.31410586607417	0.613350927920925	0.338358723389949	5.75109714009876	2.58837551564303	1.1728652084527
4.20999999999995	121	8	1.84558174713223	0.0916025898836978	0.729875017288458	0.31410586607417	0.613350927920925	0.376561984713776	5.75109714009875	2.58837551564303	1.1728652084527
4.21999999999995	121	8	1.84558174713223	0.0916025898836978	0.729875017288458	0.31410586607417	0.613350927920925	0.353451948479333	5.75109714009875	2.58837551564303	1.1728652084527
4.22999999999995	121	8	1.84558174713223	0.0916025898836978	0.729875017288458	0.31410586607417	0.613350927920925	0.360535204750102	5.75109714009876	2.58837551564304	1.1728652084527
4.23999999999995	121	8	1.84558174713223	0.0916025898836978	0.729875017288458	0.31410586607417	0.613350927920925	0.353451948479333	5.75109714009876	2.58837551564303	1.1728652084527
4.24999999999995	121	8	1.84558174713223	0.0916025898836978	0.729875017288458	0.31410586607417	0.613350927920925	0.361468759624392	5.75109714009875	2.58837551564303	1.1728652084527
4.25999999999995	121	8	1.84558174713223	0.0916025898836978	0.729875017288458	0.31410586607417	0.613350927920925	0.361468759624394	5.75109714009875	2.58837551564303	1.1728652084527
4.26999999999995	121	8	1.84558174713223	0.0916025898836978	0.729875017288458	0.31410586607417	0.613350927920925	0.353451948479333	5.75109714009875	2.58837551564303	1.1728652084527
4.27999999999995	121	8	1.84558174713223	0.0916025898836978	0.729875017288458	0.31410586607417	0.613350927920925	0.376561984713777	5.75109714009876	2.58837551564303	1.1728652084527
4.28999999999995	121	8	1.84558174713223	0.0916025898836978	0.729875017288458	0.31410586607417	0.613350927920925	0.357408930102342	5.75109714009876	2.58837551564303	1.1728652084527
4.29999999999995	121	8	1.84558174713223	0.0916025898836978	0.729875017288458	0.31410586607417	0.613350927920925	0.33835872338995	5.75109714009876	2.58837551564304	1.1728652084527
4.30999999999995	121	8	1.84558174713223	0.0916025898836978	0.729875017288458	0.31410586607417	0.613350927920925	0.376561984713776	5.75109714009876	2.58837551564303	1.1728652084527
4.31999999999995	121	8	1.84558174713223	0.0916025898836978	0.729875017288458	0.31410586607417	0.613350927920925	0.338358723389948	5.75109714009875	2.58837551564303	1.1728652084527
4.32999999999995	121	8	1.84558174713223	0.0916025898836978	0.729875017288458	0.31410586607417	0.613350927920925	0.360535204750102	5.75109714009876	2.58837551564303	1.1728652084527
4.33999999999995	121	8	1.80864731315627	0.0984423429508715	0.736852354245366	0.31885225718112	0.617787968145274	0.371535738347613	5.75094837515631	2.62391960194804	1.16922811885645
4.34999999999995	121	8	1.80864731315627	0.0984423429508715	0.736852354245366	0.31885225718112	0.617787968145274	0.348471608282655	5.75094837515631	2.62391960194805	1.16922811885645
4.35999999999995	121	8	1.77230359520639	0.106765859259969	0.74385683397111	0.308770037391363	0.60625732827099	0.363587846835136	5.75314045560582	2.59466840433801	1.16785861025435
4.36999999999995	121	8	1.77230359520639	0.106765859259969	0.743856833971111	0.308770037391363	0.606257328270991	0.349546766482922	5.75314045560582	2.59466840433801	1.16785861025435
4.37999999999995	121	8	1.77230359520639	0.106765859259969	0.743856833971111	0.308770037391363	0.606257328270991	0.374152678788053	5.75314045560582	2.59466840433802	1.16785861025435
4.38999999999995	121	8	1.77230359520639	0.106765859259969	0.743856833971111	0.308770037391363	0.606257328270991	0.374152678788053	5.75314045560582	2.59466840433802	1.16785861025435
4.39999999999995	121	8	1.77230359520639	0.106765859259969	0.743856833971111	0.308770037391363	0.60625732827099	0.366560013178971	5.75314045560582	2.59466840433801	1.16785861025435
4.40999999999995	121	7	1.56739107161974	0.0275956340761243	0.702396982997664	0.277719973364316	0.585267200536815	0.341043274133259	5.89542996407738	2.62897212683615	1.20102387149468
4.41999999999995	121	7	1.56739107161974	0.0275956340761243	0.702396982997664	0.277719973364316	0.585267200536815	0.341043274133258	5.89542996407738	2.62897212683615	1.20102387149468
4.42999999999995	121	7	1.56739107161974	0.0275956340761243	0.702396982997664	0.277719973364316	0.585267200536815	0.344134958610122	5.89542996407738	2.62897212683615	1.20102387149467
4.43999999999995	121	7	1.56739107161974	0.0275956340761243	0.702396982997664	0.277719973364316	0.585267200536815	0.331775131578063	5.89542996407738	2.62897212683615	1.20102387149468
4.44999999999995	121	7	1.56739107161974	0.0275956340761243	0.702396982997664	0.277719973364316	0.585267200536815	0.349024531680217	5.89542996407738	2.62897212683615	1.20102387149467
4.45999999999995	121	7	1.56739107161974	0.0275956340761243	0.702396982997664	0.277719973364316	0.585267200536815	0.358292674235413	5.89542996407738	2.62897212683615	1.20102387149468
4.46999999999995	121	7	1.56739107161974	0.0275956340761243	0.702396982997664	0.277719973364316	0.585267200536815	0.341043274133259	5.89542996407738	2.62897212683615	1.20102387149468
4.47999999999995	121	7	1.56739107161974	0.0275956340761243	0.702396982997664	0.277719973364316	0.585267200536815	0.361384358712276	5.89542996407738	2.62897212683615	1.20102387149467
4.48999999999995	121	7	1.56739107161974	0.0275956340761243	0.702396982997664	0.277719973364316	0.585267200536815	0.361384358712275	5.89542996407738	2.62897212683615	1.20102387149468
4.49999999999995	121	7	1.56739107161974	0.0275956340761243	0.702396982997664	0.277719973364316	0.585267200536815	0.358292674235413	5.89542996407738	2.62897212683615	1.20102387149468
4.50999999999995	121	7	1.56739107161974	0.0275956340761243	0.702396982997664	0.277719973364316	0.585267200536815	0.344134958610122	5.89542996407738	2.62897212683615	1.20102387149468
4.51999999999995	121	7	1.5364676251443	0.0410052680379936	0.709139742037916	0.280485785699732	0.590692295797791	0.332062729513173	5.89335544220422	2.70608139412604	1.20154326418995
4.52999999999995	121	7	1.5364676251443	0.0410052680379936	0.709139742037916	0.280485785699732	0.590692295797791	0.353037761532858	5.89335544220422	2.70608139412604	1.20154326418995
4.53999999999995	121	7	1.5364676251443	0.0410052680379936	0.709139742037916	0.280485785699732	0.590692295797791	0.332062729513174	5.89335544220422	2.70608139412604	1.20154326418995
4.54999999999995	121	7	1.5364676251443	0.0410052680379936	0.709139742037916	0.280485785699732	0.590692295797791	0.32466473399267	5.89335544220422	2.70608139412604	1.20154326418995
4.55999999999995	121	7	1.5364676251443	0.0410052680379936	0.709139742037916	0.280485785699732	0.590692295797791	0.331748121091744	5.89335544220422	2.70608139412604	1.20154326418995
4.56999999999995	121	7	1.5364676251443	0.0410052680379936	0.709139742037916	0.280485785699732	0.590692295797791	0.354168574476795	5.89335544220422	2.70608139412604	1.20154326418995
4.57999999999995	121	7	1.5364676251443	0.0410052680379936	0.709139742037916	0.280485785699732	0.590692295797791	0.318329098013579	5.89335544220422	2.70608139412604	1.20154326418995
4.58999999999995	121	6	1.47635373600887	0.0690038353429599	0.663276881461925	0.330934821988962	0.632040561509522	0.272832347079635	5.93847087822222	2.83190544313255	1.20247435031624
4.59999999999995	121	6	1.42187044770321	0.0947019933053197	0.714814164308288	0.349331863864793	0.64968918851041	0.288869491158742	5.90816102163916	2.84652145921452	1.16361225505864
4.60999999999995	121	6	1.42187044770321	0.0947019933053197	0.714814164308288	0.349331863864793	0.64968918851041	0.267232015807096	5.90816102163916	2.84652145921452	1.16361225505864
4.61999999999995	121	6	1.42187044770321	0.0947019933053197	0.714814164308288	0.349331863864793	0.64968918851041	0.288869491158742	5.90816102163916	2.84652145921452	1.16361225505864
4.62999999999995	121	6	1.42187044770321	0.0947019933053197	0.714814164308288	0.349331863864793	0.64968918851041	0.281142651412064	5.90816102163916	2.84652145921452	1.16361225505864
4.63999999999995	121	6	1.42187044770321	0.0947019933053197	0.714814164308288	0.349331863864793	0.64968918851041	0.281142651412064	5.90816102163916	2.84652145921452	1.16361225505864
4.64999999999995	121	6	1.42187044770321	0.0947019933053197	0.714814164308288	0.349331863864793	0.64968918851041	0.281142651412064	5.90816102163916	2.84652145921452	1.16361225505864
4.65999999999995	121	5	1.31841512832058	0.151207604935389	0.631659212300787	0.332786751380627	0.644276306510709	0.195351859491364	6.04672497099048	3.24202777924982	1.24482501374899
4.66999999999994	121	4	1.18406793368378	0.18121695093832	0.722200834970201	0.359126045067822	0.702403929120476	0.133146656215781	6.21356490090841	3.27174533135504	1.24914076239875
4.67999999999994	121	4	1.18406793368378	0.18121695093832	0.722200834970201	0.359126045067822	0.702403929120476	0.133146656215783	6.21356490090841	3.27174533135503	1.24914076239875
4.68999999999994	121	3	1.14302443594348	0.238364352453819	0.885646091735552	0.376485043893964	0.780131730788176	0.0605959948637462	6.50430696374631	3.00977474420151	1.58252263235553
4.69999999999994	121	3	1.14302443594348	0.238364352453819	0.885646091735552	0.376485043893964	0.780131730788176	0.0605959948637464	6.50430696374631	3.00977474420151	1.58252263235553
4.70999999999994	121	3	1.14302443594348	0.238364352453819	0.885646091735552	0.376485043893964	0.780131730788176	0.0605959948637462	6.50430696374631	3.0097747442015	1.58252263235553
4.71999999999994	121	3	1.10539826349566	0.283026550273082	0.971044833538005	0.402079434054218	0.80539263779815	0.0842749754690041	6.54100975744928	2.91807219689245	1.55811109351962
4.72999999999994	121	3	1.10539826349566	0.283026550273082	0.971044833538005	0.402079434054218	0.80539263779815	0.0842749754690026	6.54100975744928	2.91807219689245	1.55811109351962
4.73999999999994	121	3	1.10539826349566	0.283026550273082	0.971044833538005	0.402079434054218	0.80539263779815	0.084274975469004	6.54100975744927	2.91807219689245	1.55811109351962
4.74999999999994	121	3	1.10539826349566	0.283026550273082	0.971044833538005	0.402079434054218	0.80539263779815	0.0842749754690026	6.54100975744928	2.91807219689245	1.55811109351962
4.75999999999994	121	4	1.1848345067573	0.218080848842536	0.828015213854347	0.359268630438122	0.726089698572427	0.14690689725204	6.27397534242493	3.03910779205364	1.55861211589409
4.76999999999994	121	4	1.2055166735282	0.219588491262225	0.828395714139462	0.369649990059285	0.732436946491175	0.160115926703258	6.23905181190606	3.05596268928982	1.50060387634867
4.77999999999994	121	4	1.2055166735282	0.219588491262225	0.828395714139462	0.369649990059285	0.732436946491175	0.160115926703257	6.23905181190606	3.05596268928982	1.50060387634868
4.78999999999994	121	4	1.2055166735282	0.219588491262225	0.828395714139462	0.369649990059285	0.732436946491175	0.160115926703258	6.23905181190606	3.05596268928983	1.50060387634867
4.79999999999994	121	4	1.2055166735282	0.219588491262225	0.828395714139462	0.369649990059285	0.732436946491175	0.160115926703257	6.23905181190606	3.05596268928983	1.50060387634867
4.80999999999994	121	4	1.2055166735282	0.219588491262225	0.828395714139462	0.369649990059285	0.732436946491175	0.160115926703258	6.23905181190606	3.05596268928983	1.50060387634867
4.81999999999994	121	3	1.10539826349566	0.283026550273082	0.971044833538005	0.402079434054218	0.80539263779815	0.0842749754690035	6.54100975744927	2.91807219689245	1.55811109351962
4.82999999999994	121	3	1.10539826349566	0.283026550273082	0.971044833538005	0.402079434054218	0.80539263779815	0.0842749754690035	6.54100975744928	2.91807219689245	1.55811109351962
4.83999999999994	121	3	1.10539826349566	0.283026550273082	0.971044833538005	0.402079434054218	0.80539263779815	0.0842749754690041	6.54100975744927	2.91807219689245	1.55811109351962
4.84999999999994	121	3	1.10539826349566	0.283026550273082	0.971044833538005	0.402079434054218	0.80539263779815	0.0842749754690035	6.54100975744928	2.91807219689245	1.55811109351962
4.85999999999994	121	3	1.10539826349566	0.283026550273082	0.971044833538005	0.402079434054218	0.80539263779815	0.0842749754690026	6.54100975744928	2.91807219689245	1.55811109351962
4.86999999999994	121	3	1.10539826349566	0.283026550273082	0.971044833538005	0.402079434054218	0.80539263779815	0.084274975469003	6.54100975744927	2.91807219689245	1.55811109351962
4.87999999999994	121	3	1.10539826349566	0.283026550273082	0.971044833538005	0.402079434054218	0.80539263779815	0.0842749754690029	6.54100975744928	2.91807219689245	1.55811109351962
4.88999999999994	121	3	1.10539826349566	0.283026550273082	0.971044833538005	0.402079434054218	0.80539263779815	0.0842749754690035	6.54100975744928	2.91807219689245	1.55811109351962
4.89999999999994	121	3	1.10539826349566	0.283026550273082	0.971044833538005	0.402079434054218	0.80539263779815	0.0842749754690026	6.54100975744927	2.91807219689245	1.55811109351962
4.90999999999994	121	3	1.10539826349566	0.283026550273082	0.971044833538005	0.402079434054218	0.80539263779815	0.0842749754690041	6.54100975744927	2.91807219689245	1.55811109351962
4.91999999999994	121	3	1.10539826349566	0.283026550273082	0.971044833538005	0.402079434054218	0.80539263779815	0.0842749754690035	6.54100975744927	2.91807219689245	1.55811109351962
4.92999999999994	121	3	1.10539826349566	0.283026550273082	0.971044833538005	0.402079434054218	0.80539263779815	0.0842749754690036	6.54100975744928	2.91807219689245	1.55811109351961
4.93999999999994	121	3	1.10539826349566	0.283026550273082	0.971044833538005	0.402079434054218	0.80539263779815	0.0842749754690041	6.54100975744927	2.91807219689245	1.55811109351962
4.94999999999994	121	3	1.10539826349566	0.283026550273082	0.971044833538005	0.402079434054218	0.80539263779815	0.0842749754690026	6.54100975744928	2.91807219689245	1.55811109351962
4.95999999999994	121	3	1.10539826349566	0.283026550273082	0.971044833538005	0.402079434054218	0.80539263779815	0.0842749754690035	6.54100975744927	2.91807219689245	1.55811109351962
4.96999999999994	121	3	1.08701462617863	0.299007348693937	1.00717793877062	0.319864893814446	0.757768297800378	0.140782893908792	6.62793994875479	2.64536878851291	1.57695825917614
4.97999999999994	121	3	1.08701462617863	0.299007348693937	1.00717793877062	0.319864893814446	0.757768297800378	0.140782893908792	6.62793994875479	2.64536878851291	1.57695825917615
4.98999999999994	121	3	1.08701462617863	0.299007348693937	1.00717793877062	0.319864893814446	0.757768297800378	0.140782893908792	6.62793994875479	2.64536878851291	1.57695825917614
4.99999999999994	121	3	1.08701462617863	0.299007348693937	1.00717793877062	0.319864893814446	0.757768297800378	0.140782893908793	6.62793994875479	2.64536878851291	1.57695825917614
5.00999999999994	121	3	1.08701462617863	0.299007348693937	1.00717793877062	0.319864893814446	0.757768297800378	0.140782893908792	6.62793994875479	2.64536878851291	1.57695825917614
5.01999999999994	121	3	1.08701462617863	0.299007348693937	1.00717793877062	0.319864893814446	0.757768297800378	0.140782893908792	6.62793994875479	2.64536878851291	1.57695825917614
5.02999999999994	121	3	1.08701462617863	0.299007348693937	1.00717793877062	0.319864893814446	0.757768297800378	0.140782893908792	6.62793994875479	2.64536878851292	1.57695825917613
5.03999999999994	121	3	1.08701462617863	0.299007348693937	1.00717793877062	0.319864893814446	0.757768297800378	0.140782893908792	6.62793994875479	2.64536878851291	1.57695825917614
5.04999999999994	121	3	1.08701462617863	0.299007348693937	1.00717793877062	0.319864893814446	0.757768297800378	0.140782893908792	6.62793994875479	2.64536878851291	1.57695825917614
5.05999999999994	121	3	1.08701462617863	0.299007348693937	1.00717793877062	0.319864893814446	0.757768297800378	0.140782893908792	6.62793994875479	2.64536878851292	1.57695825917613
5.06999999999994	121	2	1.03360395340628	0.50626013949607	1	0.488491877722269	1	-0.273315645321034	6.38977393605042	3.61668828008119	1.7037647872681
5.07999999999994	121	2	1.03360395340628	0.50626013949607	1	0.488491877722269	1	-0.273315645321034	6.38977393605042	3.61668828008118	1.7037647872681
5.08999999999994	121	2	1.03360395340628	0.50626013949607	1	0.488491877722268	1	-0.273315645321034	6.38977393605042	3.61668828008119	1.7037647872681
5.09999999999994	121	2	1.03360395340628	0.50626013949607	1	0.488491877722269	1	-0.273315645321034	6.38977393605042	3.61668828008119	1.7037647872681
5.10999999999994	121	2	1.03360395340628	0.50626013949607	1	0.488491877722269	1	-0.273315645321034	6.38977393605042	3.61668828008119	1.7037647872681
5.11999999999994	121	2	1.03360395340628	0.50626013949607	1	0.488491877722269	1	-0.273315645321035	6.38977393605042	3.61668828008118	1.70376478726811
5.12999999999994	121	2	1.03360395340628	0.50626013949607	1	0.488491877722269	1	-0.273315645321035	6.38977393605042	3.61668828008118	1.70376478726811
5.13999999999993	121	2	1.03360395340628	0.50626013949607	1	0.488491877722269	1	-0.273315645321034	6.38977393605042	3.61668828008119	1.70376478726809
5.14999999999993	121	2	1.03360395340628	0.50626013949607	1	0.488491877722269	1	-0.273315645321035	6.38977393605042	3.61668828008119	1.7037647872681
5.15999999999993	121	2	1.03360395340628	0.50626013949607	1	0.488491877722269	1	-0.273315645321035	6.38977393605042	3.61668828008118	1.70376478726811
5.16999999999993	121	2	1.03360395340628	0.50626013949607	1	0.488491877722269	1	-0.273315645321034	6.38977393605042	3.6166882800812	1.70376478726809
5.17999999999993	121	2	1.03360395340628	0.50626013949607	1	0.488491877722269	1	-0.273315645321034	6.38977393605042	3.61668828008119	1.7037647872681
5.18999999999993	121	2	1.03360395340628	0.50626013949607	1	0.488491877722269	1	-0.273315645321035	6.38977393605042	3.61668828008118	1.70376478726811
5.19999999999993	121	2	1.03360395340628	0.50626013949607	1	0.488491877722268	1	-0.273315645321035	6.38977393605042	3.61668828008119	1.7037647872681
5.20999999999993	121	2	1.03360395340628	0.50626013949607	1	0.488491877722269	1	-0.273315645321034	6.38977393605042	3.61668828008118	1.70376478726811
5.21999999999993	121	2	1.03360395340628	0.50626013949607	1	0.488491877722269	1	-0.273315645321035	6.38977393605042	3.61668828008119	1.7037647872681
5.22999999999993	121	2	1.03360395340628	0.50626013949607	1	0.488491877722269	1	-0.273315645321033	6.38977393605042	3.61668828008118	1.7037647872681
5.23999999999993	121	2	1.03360395340628	0.50626013949607	1	0.488491877722269	1	-0.273315645321035	6.38977393605042	3.61668828008118	1.7037647872681
5.24999999999993	121	2	1.03360395340628	0.50626013949607	1	0.488491877722268	1	-0.273315645321034	6.38977393605042	3.61668828008118	1.70376478726811
5.25999999999993	121	2	1.03360395340628	0.50626013949607	1	0.488491877722269	1	-0.273315645321035	6.38977393605042	3.61668828008118	1.70376478726811
5.26999999999993	121	2	1.03360395340628	0.50626013949607	1	0.488491877722269	1	-0.273315645321034	6.38977393605042	3.61668828008118	1.70376478726811
5.27999999999993	121	2	1.03360395340628	0.50626013949607	1	0.488491877722269	1	-0.273315645321035	6.38977393605042	3.61668828008118	1.70376478726811
5.28999999999993	121	2	1.03360395340628	0.50626013949607	1	0.488491877722269	1	-0.273315645321035	6.38977393605042	3.61668828008118	1.7037647872681
5.29999999999993	121	2	1.03360395340628	0.50626013949607	1	0.488491877722269	1	-0.273315645321034	6.38977393605042	3.61668828008119	1.7037647872681
5.30999999999993	121	2	1.03360395340628	0.50626013949607	1	0.488491877722268	1	-0.273315645321034	6.38977393605042	3.61668828008118	1.7037647872681
5.31999999999993	121	2	1.03360395340628	0.50626013949607	1	0.488491877722269	1	-0.273315645321034	6.38977393605042	3.61668828008118	1.70376478726811
5.32999999999993	121	2	1.03360395340628	0.50626013949607	1	0.488491877722268	1	-0.273315645321034	6.38977393605042	3.61668828008118	1.70376478726811
5.33999999999993	121	2	1.03360395340628	0.50626013949607	1	0.488491877722269	1	-0.273315645321034	6.38977393605042	3.61668828008118	1.70376478726811
5.34999999999993	121	2	1.03360395340628	0.50626013949607	1	0.488491877722268	1	-0.273315645321035	6.38977393605042	3.61668828008119	1.7037647872681
5.35999999999993	121	2	1.03360395340628	0.50626013949607	1	0.488491877722268	1	-0.273315645321035	6.38977393605042	3.61668828008118	1.7037647872681
5.36999999999993	121	2	1.03360395340628	0.50626013949607	1	0.488491877722269	1	-0.273315645321035	6.38977393605042	3.61668828008119	1.7037647872681
5.37999999999993	121	2	1.03360395340628	0.50626013949607	1	0.488491877722269	1	-0.273315645321034	6.38977393605042	3.61668828008118	1.7037647872681
5.38999999999993	121	2	1.03360395340628	0.50626013949607	1	0.488491877722269	1	-0.273315645321035	6.38977393605042	3.61668828008118	1.7037647872681
5.39999999999993	121	2	1.03360395340628	0.50626013949607	1	0.488491877722269	1	-0.273315645321034	6.38977393605042	3.61668828008119	1.7037647872681
5.40999999999993	121	2	1.03360395340628	0.50626013949607	1	0.488491877722269	1	-0.273315645321034	6.38977393605042	3.61668828008118	1.70376478726811
5.41999999999993	121	2	1.03360395340628	0.50626013949607	1	0.488491877722268	1	-0.273315645321035	6.38977393605042	3.61668828008118	1.70376478726811
5.42999999999993	121	2	1.03360395340628	0.50626013949607	1	0.488491877722268	1	-0.273315645321035	6.38977393605042	3.61668828008119	1.7037647872681
5.43999999999993	121	2	1.03360395340628	0.50626013949607	1	0.488491877722269	1	-0.273315645321034	6.38977393605042	3.61668828008118	1.70376478726811
5.44999999999993	121	2	1.03360395340628	0.50626013949607	1	0.488491877722269	1	-0.273315645321034	6.38977393605042	3.61668828008118	1.70376478726811
5.45999999999993	121	2	1.03360395340628	0.50626013949607	1	0.488491877722268	1	-0.273315645321034	6.38977393605042	3.61668828008118	1.70376478726811
5.46999999999993	121	2	1.03360395340628	0.50626013949607	1	0.488491877722269	1	-0.273315645321035	6.38977393605042	3.61668828008119	1.7037647872681
5.47999999999993	121	2	1.03360395340628	0.50626013949607	1	0.488491877722269	1	-0.273315645321035	6.38977393605042	3.61668828008119	1.7037647872681
5.48999999999993	121	2	1.03360395340628	0.50626013949607	1	0.488491877722269	1	-0.273315645321035	6.38977393605042	3.61668828008118	1.70376478726811
5.49999999999993	121	2	1.03360395340628	0.50626013949607	1	0.488491877722269	1	-0.273315645321034	6.38977393605042	3.61668828008119	1.7037647872681
5.50999999999993	121	2	1.03360395340628	0.50626013949607	1	0.488491877722269	1	-0.273315645321034	6.38977393605042	3.61668828008119	1.70376478726809
5.51999999999993	121	2	1.03360395340628	0.50626013949607	1	0.488491877722269	1	-0.273315645321034	6.38977393605042	3.61668828008118	1.7037647872681
5.52999999999993	121	2	1.03360395340628	0.50626013949607	1	0.488491877722268	1	-0.273315645321035	6.38977393605042	3.61668828008118	1.70376478726811
5.53999999999993	121	2	1.03360395340628	0.50626013949607	1	0.488491877722269	1	-0.273315645321034	6.38977393605042	3.61668828008118	1.7037647872681
5.54999999999993	121	2	1.03360395340628	0.50626013949607	1	0.488491877722268	1	-0.273315645321035	6.38977393605042	3.61668828008119	1.7037647872681
5.55999999999993	121	2	1.03360395340628	0.50626013949607	1	0.488491877722268	1	-0.273315645321033	6.38977393605042	3.61668828008119	1.7037647872681
5.56999999999993	121	2	1.03360395340628	0.50626013949607	1	0.488491877722269	1	-0.273315645321035	6.38977393605042	3.61668828008118	1.70376478726811
5.57999999999993	121	2	1.03360395340628	0.50626013949607	1	0.488491877722269	1	-0.273315645321035	6.38977393605042	3.61668828008118	1.7037647872681
5.58999999999993	121	2	1.03360395340628	0.50626013949607	1	0.488491877722269	1	-0.273315645321035	6.38977393605042	3.61668828008118	1.7037647872681
5.59999999999993	121	2	1.03360395340628	0.50626013949607	1	0.488491877722269	1	-0.273315645321034	6.38977393605042	3.61668828008119	1.7037647872681
5.60999999999992	121	2	1.03360395340628	0.50626013949607	1	0.488491877722269	1	-0.273315645321034	6.38977393605042	3.61668828008118	1.70376478726811
5.61999999999992	121	2	1.03360395340628	0.50626013949607	1	0.488491877722269	1	-0.273315645321035	6.38977393605042	3.61668828008118	1.70376478726811
5.62999999999992	121	2	1.03360395340628	0.50626013949607	1	0.488491877722269	1	-0.273315645321035	6.38977393605042	3.61668828008118	1.7037647872681
5.63999999999992	121	2	1.03360395340628	0.50626013949607	1	0.488491877722269	1	-0.273315645321035	6.38977393605042	3.61668828008119	1.7037647872681
5.64999999999992	121	2	1.03360395340628	0.50626013949607	1	0.488491877722269	1	-0.273315645321034	6.38977393605042	3.61668828008119	1.7037647872681
5.65999999999992	121	2	1.03360395340628	0.50626013949607	1	0.488491877722269	1	-0.273315645321035	6.38977393605042	3.61668828008118	1.7037647872681
5.66999999999992	121	1	1	1	0	1	0	-0.999999999999998	0	3.83687361086503	0.260628861260444
