#dist_cut	num_seqs	num_clusters	num_clusters(recip_simpson_index)	avg_intra_clust_phylo_dist_phylum(norm_shannon_index)	avg_inter_clust_phylo_dist_phylum(norm_shannon_index)	avg_intra_clust_phylo_dist_order(norm_shannon_index)	avg_inter_clust_phylo_dist_order(norm_shannon_index)	avg_silhouette_width	avg_inter_clust_dist	avg_intra_clust_dist	dunn_index
0	160	160	160	0	0.300540327115228	0	0.244264086511284	1	2.37883249044812	0	0.028145
0.01	160	160	160	0	0.300540327115228	0	0.244264086511284	1	2.37883249044812	0	0.028145
0.02	160	160	160	0	0.300540327115228	0	0.244264086511284	1	2.37883249044812	0	0.028145
0.03	160	159	158.024691358025	0	0.301977807934129	0	0.243970987864367	0.987421383647799	2.3769943372566	0.000177012578616352	1.76106022384082
0.04	160	159	158.024691358025	0	0.301977807934129	0	0.243970987864367	0.987421383647799	2.37699433725659	0.000177012578616352	1.76106022384082
0.05	160	158	156.09756097561	0	0.303427681207409	0	0.244376769596129	0.98722508103094	2.38133989909055	0.000491835696202532	1.03080033830297
0.06	160	155	148.837209302326	0	0.307794609346091	0	0.244787922110055	0.986617119861848	2.38574440916463	0.0013303967311828	1.04508877018928
0.07	160	154	147.126436781609	0	0.309294537569008	0	0.244474835882139	0.986283789057906	2.38185235400163	0.00173453865800866	1.19271366758686
0.08	160	147	133.333333333333	0	0.320035364524796	0	0.2426709486564	0.982861609328805	2.38352418072189	0.0044073446031746	1.0710953412673
0.09	160	143	121.904761904762	0	0.326432052962974	0	0.243483885613806	0.982143371915805	2.39767747407169	0.00550638132867133	1.04954862462673
0.1	160	138	112.280701754386	0	0.334710089305472	0	0.242684702911971	0.981114822666675	2.41596379357514	0.00755938641304348	0.900011408877788
0.11	160	135	102.4	0	0.339971342074313	0	0.2438936699282	0.981245180733594	2.42894353339524	0.00816285782716049	0.988905259664693
0.12	160	133	100.787401574803	0	0.343538546157661	0	0.244678389813351	0.979978590356525	2.4339885592914	0.010066245764411	1.05085257162955
0.13	160	130	98.4615384615385	0	0.34900324529954	0	0.243776167536623	0.975080795508125	2.44808935654861	0.0132178688974359	1.01781431775621
0.14	160	126	94.1176470588235	0	0.346457591721936	0	0.242625761024501	0.973522054286596	2.46389581194138	0.0162358062433862	1.09896219671468
0.15	160	123	90.7801418439716	0	0.352004317014592	0	0.242889077602243	0.967817188078006	2.47487976557999	0.0189447665853659	1.12021574510846
0.16	160	122	88.8888888888889	0	0.353906766890818	0	0.243170176830749	0.969437402638973	2.48061795506537	0.0192989646311475	1.10796905506055
0.17	160	119	84.7682119205298	0	0.359747987241337	0	0.242294013575179	0.966192324870933	2.48981199899278	0.0218047075490196	1.01577288578178
0.18	160	115	80.503144654088	0	0.348050015159804	0	0.241866582148391	0.962914291646547	2.47757514873074	0.0260954530202899	0.964119572500283
0.19	160	113	73.5632183908046	0	0.352370215046374	0	0.24187302928007	0.961344166903288	2.4787778644162	0.0272831881601349	0.933395336201295
0.2	160	108	66.6666666666667	0	0.353323027985103	0	0.241109723570158	0.960570584889173	2.49565418524605	0.0322570659292328	1.00012165086183
0.21	160	108	66.6666666666667	0	0.353323027985103	0	0.241109723570158	0.965182853007074	2.49565418524605	0.0322570659292328	1.00012165086183
0.22	160	107	64.321608040201	0	0.355636430943181	0	0.240831575196095	0.964090991198736	2.48924082715767	0.0327484927570093	1.00012165086183
0.23	160	105	63.0541871921182	0	0.359832509959238	0	0.240173466073748	0.959832642760338	2.49618579199093	0.0344329890952381	1.03226991360934
0.24	160	100	51.4056224899598	0	0.338812511623267	0	0.238929963237915	0.962503439557423	2.4619704903694	0.0360187927446537	0.903100553462774
0.25	160	99	51.2	0	0.341151729782434	0	0.239265356120831	0.958327887443264	2.47124027469088	0.0388434225703572	0.940760344571777
0.26	160	98	50.1960784313726	0	0.343534484718774	0	0.238940031096717	0.955349455100895	2.47213337924015	0.0412645705965854	0.899261905801986
0.27	160	94	47.940074906367	0	0.352836600198762	0	0.238799000811826	0.951441073174795	2.48507313201481	0.0465160502035323	0.870085234505301
0.28	160	92	46.3768115942029	0	0.344423815148778	0.00223515536688578	0.240928966743896	0.951871212272579	2.48211386669607	0.0484773950014352	0.870085234505302
0.29	160	92	46.3768115942029	0	0.344423815148778	0.00223515536688578	0.240928966743896	0.950901142799086	2.48211386669608	0.0484773950014352	0.870085234505301
0.3	160	91	46.2093862815885	0	0.346903145342829	0.00225971751377464	0.240717140197401	0.948787125015603	2.48601206494811	0.052286200111341	0.813702203718206
0.31	160	89	45.7142857142857	0	0.341048374927379	0.00231049768262351	0.240705768519295	0.946507004427721	2.47419412689769	0.0584996749827569	0.792957998084158
0.32	160	88	45.0704225352113	0	0.343572448106914	0.00233675333810786	0.240827963334032	0.946031180066898	2.481980234516	0.0599313730658943	0.792957998084158
0.33	160	86	45.0704225352113	0	0.337561642215402	0.00570319421705212	0.243942488833048	0.936726098649693	2.45767833020554	0.0689567572495973	0.741354666274185
0.34	160	85	43.2432432432432	0	0.340404571453644	0.00577029061960567	0.244302155325524	0.933122414355449	2.45852257808023	0.0718752866165266	0.741354666274185
0.35	160	82	40.7643312101911	0	0.335537767424808	0.00598139881300588	0.243149079457022	0.925345043619057	2.45327260364373	0.0729814164524033	0.695930864333156
0.36	160	81	40	0	0.338370039632628	0.00605524324279607	0.24327841768004	0.926838034214924	2.46716928350334	0.0739386511034912	1.02926335933246
0.37	160	81	39.0243902439024	0	0.338555414254719	0.00605524324279607	0.243472806213782	0.928790420671926	2.46759245417611	0.0736096546050513	1.02926335933246
0.38	160	80	38.7878787878788	0	0.341237596771629	0.00584002568285835	0.243037578870035	0.926258575564201	2.46449897457722	0.0748414739542812	1.05283595985934
0.39	160	78	37.6470588235294	0	0.34697459444905	0.00598976993113677	0.242845943041163	0.926026343244629	2.46717894347868	0.080894293047126	0.957918323384997
0.4	160	77	37.3177842565598	0	0.349781993197244	0.00567167644761812	0.241913205606581	0.92930124860719	2.46678108946794	0.0827181436061795	0.904256575029229
0.41	160	77	37.3177842565598	0	0.349781993197244	0.00567167644761812	0.241913205606581	0.923550689074473	2.46678108946793	0.0827181436061795	0.904256575029229
0.42	160	76	36.056338028169	0	0.339525812599423	0.0057463037692973	0.241684458670371	0.92919681354576	2.44083305218034	0.086894662700188	0.863736332859859
0.43	160	73	34.2245989304813	0	0.348707544817419	0.00598245323926842	0.240790118077057	0.936950966780768	2.45876109852666	0.0904495305395906	0.910380565633866
0.44	160	72	28.8288288288288	0	0.353233760323711	0.0060655428675916	0.241973059149206	0.926835334835505	2.46635158711531	0.088361871605443	1.03229885258514
0.45	160	71	28.4444444444444	0	0.342702444377734	0.00615097304882528	0.242027578593273	0.920090037824953	2.4717301627719	0.0968763450642275	1.06828167544367
0.46	160	71	28.4444444444444	0	0.342702444377734	0.00615097304882528	0.242027578593273	0.915515695029076	2.47173016277191	0.0968763450642275	1.06828167544368
0.47	160	69	26.3917525773196	0	0.34934715120543	0.00632926212270427	0.24169757269309	0.915214280378685	2.47615963776121	0.0943293792318043	1.13550448765294
0.48	160	68	26.0692464358452	0	0.35273856147376	0.00642233950686169	0.241350781931433	0.930348457691264	2.48507609368093	0.0966428977121039	1.13550448765294
0.49	160	68	26.0692464358452	0	0.35273856147376	0.00642233950686169	0.241350781931433	0.917817934978364	2.48507609368092	0.0966428977121039	1.13550448765294
0.5	160	67	25.9634888438134	0	0.355997399848392	0.00651819532039694	0.240862371367848	0.916413218516503	2.47926254361919	0.101032027279946	1.11545248399583
0.51	160	65	25.4473161033797	0	0.347035314626381	0.00671875517640915	0.239645433232019	0.915263731955703	2.46226734965617	0.107317883309073	1.09065211474851
0.52	160	65	25.4473161033797	0	0.347035314626381	0.00671875517640915	0.239645433232019	0.9184532496614	2.46226734965617	0.107317883309073	1.09065211474851
0.53	160	64	25.147347740668	0	0.350131443401052	0.00682373572604055	0.238656339485714	0.9090401163312	2.46434202094951	0.107798560964944	1.10563625983789
0.54	160	62	23.8361266294227	0	0.357620169211034	0.00704385623333218	0.237711221554156	0.910386396736574	2.46562492702994	0.114631929790827	1.19341799986143
0.55	160	61	23.572744014733	0	0.345570878128062	0.00715932928633762	0.237155699483182	0.91548627607047	2.44422232263357	0.118183702266711	1.0403889437631
0.56	160	62	24.015009380863	0	0.358736787565898	0.00704385623333218	0.238055637950451	0.909614100403344	2.46948024159895	0.122792124392978	1.10629082484161
0.57	160	62	24.015009380863	0	0.358736787565898	0.00704385623333218	0.238055637950451	0.915196371853944	2.46948024159895	0.122792124392978	1.10629082484161
0.58	160	62	24.015009380863	0	0.358736787565898	0.00704385623333218	0.238055637950451	0.908957480410597	2.46948024159896	0.122792124392978	1.10629082484161
0.59	160	59	17.7777777777778	0	0.373335625109694	0.00850535567529718	0.241117493705284	0.914995487386002	2.49838340042078	0.122718744448905	1.11878970546973
0.6	160	58	17.7285318559557	0	0.377102249732607	0.00865199973866437	0.240148828966431	0.905364851167506	2.50225908810086	0.126881281709518	1.16353144851583
0.61	160	57	17.5824175824176	0	0.38112644102051	0.00880378920776375	0.240167093527382	0.918861788864873	2.50336013109324	0.131140688173929	1.16353144851583
0.62	160	56	15.7635467980296	0	0.387411627157936	0.00896099972933096	0.241715405785296	0.902170719496736	2.50557899743065	0.128464050065761	1.05415357609755
0.63	160	56	15.7635467980296	0	0.387411627157936	0.00896099972933096	0.241715405785296	0.907105551892342	2.50557899743065	0.128464050065761	1.05415357609755
0.64	160	54	15.2199762187872	0.0146056579633322	0.399683665324064	0.0141037509149896	0.246877415104301	0.906142897265741	2.53416340471658	0.135350701618416	1.0662361871727
0.65	160	52	14.9882903981265	0.0165169147853773	0.377392950327033	0.0150937537970625	0.246576893744523	0.906168891121907	2.51976077127614	0.134730661890369	0.985728341807557
0.66	160	50	14.2064372918979	0.0171775913767924	0.387641402362096	0.0156639617221304	0.246395644825637	0.90397740539749	2.55325736655772	0.141056866742105	0.985728341807557
0.67	160	49	13.7634408602151	0.0175281544661147	0.392956389441079	0.0171673443562144	0.248365509931931	0.892737401303735	2.54854022071549	0.14474918459365	0.985728341807557
0.68	160	47	12.3076923076923	0.0182740333795664	0.40455630876148	0.0213437661060302	0.25432087745388	0.896312537949998	2.55787493642764	0.150736514176888	0.978795554994657
0.69	160	44	12.0300751879699	0.0195199902009004	0.420937991968117	0.0227990228859868	0.253517041772479	0.875180046598053	2.59714061159786	0.182612778727397	1.09678500976883
0.7	160	44	12.0300751879699	0.0195199902009004	0.420937991968117	0.0227990228859868	0.253517041772479	0.875676728233734	2.59714061159786	0.182612778727397	1.09678500976883
0.71	160	42	11.8848653667595	0.0187787030957128	0.393395104261325	0.0233305799748953	0.25223026977281	0.870420676830381	2.56459132216039	0.18640430786521	1.03828559312426
0.72	160	41	11.7539026629936	0.0192367202443887	0.399398379305829	0.0238996185108684	0.25186663379981	0.879584299710578	2.58456397018963	0.192372846369057	1.03828559312426
0.73	160	42	15.6862745098039	0.0187787030957128	0.388891545350789	0.0285940623706884	0.256095072636286	0.859170877396694	2.57216182971104	0.199326425488357	1.03828559312426
0.74	160	41	15.4402895054282	0.0192367202443887	0.394693623990212	0.0295215416333551	0.257248358211257	0.860954733669966	2.59324971170501	0.205132407117797	1.03037338727019
0.75	160	40	11.6681859617138	0.0197176382504985	0.405364274757478	0.0287047141372421	0.258752639403416	0.870329124120248	2.60140805625754	0.202530063905836	1.03828559312426
0.76	160	39	12.3432979749277	0.02022321871846	0.409935114306424	0.034610164229826	0.265834729826957	0.86434441323694	2.60753020267897	0.213848666162716	1.03828559312426
0.77	160	39	12.3432979749277	0.02022321871846	0.409935114306424	0.034610164229826	0.265834729826957	0.861832529455421	2.60753020267897	0.213848666162716	1.03828559312426
0.78	160	39	12.3432979749277	0.02022321871846	0.409935114306424	0.034610164229826	0.265834729826957	0.867491516328058	2.60753020267897	0.213848666162716	1.03828559312426
0.79	160	39	12.6232741617357	0.02022321871846	0.409503347146605	0.0344823496375353	0.265718900875017	0.854455132228346	2.6062249256274	0.216648575304456	1.03828559312426
0.8	160	38	12.3314065510597	0.0207554086847352	0.395868153320447	0.0364461280442718	0.268456680556531	0.848594837395206	2.60164016370933	0.243789627560077	1.13378670413691
0.81	160	38	12.6108374384236	0.0207554086847352	0.395456833679056	0.0360716742710057	0.267976347301422	0.845881532446563	2.60050658274105	0.245500265900404	1.14081413765821
0.820000000000001	160	38	12.6108374384236	0.0207554086847352	0.395456833679056	0.0360716742710057	0.267976347301422	0.845881532446564	2.60050658274105	0.245500265900404	1.14081413765821
0.830000000000001	160	38	12.6108374384236	0.0207554086847352	0.395456833679056	0.0360716742710057	0.267976347301421	0.8465857463051	2.60050658274105	0.245500265900404	1.14081413765821
0.840000000000001	160	38	12.6108374384236	0.0207554086847352	0.395456833679056	0.0360716742710057	0.267976347301421	0.849453095910211	2.60050658274105	0.245500265900404	1.14081413765821
0.850000000000001	160	37	12.5244618395303	0.0213163656762145	0.380395621702118	0.0370465843864383	0.268133196732388	0.841125660365287	2.57806472447572	0.256424092958201	1.14081413765821
0.860000000000001	160	36	12.4271844660194	0.0219084869449983	0.38714927601241	0.0380756561749505	0.26884351310544	0.830959872299975	2.60165420937676	0.267108901027587	1.14081413765821
0.870000000000001	160	36	12.4271844660194	0.0219084869449983	0.38714927601241	0.0380756561749505	0.26884351310544	0.829337778976219	2.60165420937676	0.267108901027587	1.14081413765821
0.880000000000001	160	35	12.3432979749277	0.0211804749082033	0.368263388858599	0.0387144993461364	0.268494924161493	0.832388914289082	2.62513757304936	0.281583221886878	1.04065329591993
0.890000000000001	160	34	10.2481985588471	0.0218034300525622	0.377768395877649	0.0319577340757155	0.26064559986663	0.830574915080833	2.63049900195432	0.272156309120435	1.04065329591993
0.900000000000001	160	34	10.2564102564103	0.0218034300525622	0.377651365733311	0.0319577340757155	0.260594566068112	0.829053809406278	2.62917424479273	0.278985718403348	1.04065329591993
0.910000000000001	160	33	8.09614168247944	0.022464140054155	0.388602883898067	0.0343633766711261	0.267079096248917	0.809687346608688	2.65005575609608	0.276271199160968	0.951906619656829
0.920000000000001	160	31	8.05031446540881	0.0264433504812279	0.406595953536816	0.0374193931009367	0.26893994899125	0.800165312655281	2.67139106855797	0.312264201134487	0.951906619656828
0.930000000000001	160	31	8.05031446540881	0.0264433504812279	0.406595953536816	0.0374193931009367	0.26893994899125	0.802833345835218	2.67139106855797	0.312264201134487	0.951906619656829
0.940000000000001	160	31	8.05031446540881	0.0264433504812279	0.406595953536816	0.0374193931009367	0.26893994899125	0.802833345835217	2.67139106855797	0.312264201134487	0.951906619656829
0.950000000000001	160	30	9.32265112891479	0.0250214821929874	0.406767124541189	0.0456882300026072	0.279168322660277	0.804323023907794	2.70507001174532	0.315566674375692	0.965957523486584
0.960000000000001	160	30	9.32265112891479	0.0250214821929874	0.406767124541189	0.0456882300026072	0.279168322660277	0.81175133199817	2.70507001174532	0.315566674375692	0.965957523486584
0.970000000000001	160	30	9.45347119645495	0.0244037797438374	0.405658965490891	0.0448945418805249	0.277770552427209	0.786390753625401	2.70537068191323	0.31561229694633	0.950076102535036
0.980000000000001	160	29	9.31586608442504	0.0258842919237801	0.41618419699624	0.0472636862095937	0.281699415738442	0.793493182941141	2.71700861729418	0.359966732457612	0.913598739617413
0.990000000000001	160	29	9.31586608442504	0.0258842919237801	0.41618419699624	0.0472636862095937	0.281699415738442	0.793493182941141	2.71700861729418	0.359966732457612	0.913598739617413
1	160	29	9.31586608442504	0.0258842919237801	0.41618419699624	0.0472636862095937	0.281699415738442	0.792425328785574	2.71700861729418	0.359966732457612	0.913598739617413
1.01	160	29	9.31586608442504	0.0258842919237801	0.41618419699624	0.0472636862095937	0.281699415738442	0.781245493944362	2.71700861729418	0.359966732457612	0.913598739617413
1.02	160	29	9.31586608442504	0.0258842919237801	0.41618419699624	0.0472636862095937	0.281699415738442	0.791946040969175	2.71700861729418	0.359966732457612	0.913598739617413
1.03	160	29	9.37042459736457	0.0258842919237801	0.41579744696211	0.0472636862095937	0.281395177519178	0.769519759832961	2.7205674221654	0.372737068669075	0.913598739617413
1.04	160	27	8.94479385045423	0.027115310826486	0.432030118265442	0.0569740689631519	0.29493874328637	0.759672683857796	2.7757401232144	0.400486027650875	0.913598739617413
1.05	160	25	8.29552819183409	0.0292845356926049	0.448857848126992	0.0668119375056454	0.305625334410256	0.758692003831081	2.8302992355064	0.406450728449725	1.02400356158825
1.06	160	25	8.29552819183409	0.0292845356926049	0.448857848126992	0.0668119375056454	0.305625334410256	0.75559362659261	2.8302992355064	0.406450728449725	1.02400356158825
1.07	160	24	5.91224018475751	0.0159273796887288	0.445127000565561	0.0620369710575055	0.303993335596191	0.772258414704776	2.85268976649899	0.398016153505872	0.967470058450389
1.08	160	24	5.91224018475751	0.0159273796887288	0.445127000565561	0.0620369710575055	0.303993335596191	0.762828210918202	2.85268976649899	0.398016153505872	0.967470058450391
1.09	160	23	5.88776448942042	0.0166198744578039	0.45383523754786	0.070542443566804	0.314389482264453	0.732829455514694	2.88869496440898	0.419294934687287	0.967470058450387
1.1	160	22	5.88235294117647	0.017375323296795	0.461936963447305	0.0856383619505304	0.329060528069428	0.747150140731558	2.91129339160054	0.44546162914277	0.908851487544058
1.11	160	18	4.90233626962849	0.0689971270523901	0.464690953930413	0.12446479656018	0.370315543934722	0.698171015988178	2.86855586775422	0.488386566562847	1.08572249595192
1.12	160	18	4.90233626962849	0.0689971270523901	0.464690953930414	0.12446479656018	0.370315543934722	0.73999808922935	2.86855586775423	0.488386566562847	1.08572249595192
1.13	160	18	4.90233626962849	0.0689971270523901	0.464690953930414	0.12446479656018	0.370315543934722	0.73999808922935	2.86855586775423	0.488386566562847	1.08572249595192
1.14	160	18	4.90233626962849	0.0689971270523901	0.464690953930413	0.12446479656018	0.370315543934722	0.721622535495661	2.86855586775423	0.488386566562847	1.08572249595192
1.15	160	18	6.31163708086785	0.0790052395684581	0.474480046404206	0.140363875171639	0.392462475059809	0.706825794761233	2.82465539331177	0.509949708051223	1.00966150241124
1.16	160	18	6.34605850272682	0.0879633587422917	0.489037956984724	0.143580669101155	0.397699138864838	0.675935832309347	2.82405158674502	0.510590576883121	0.992706674677944
1.17	160	18	6.34605850272682	0.0879633587422918	0.489037956984724	0.143580669101155	0.397699138864838	0.694140119966088	2.82405158674502	0.510590576883121	0.992706674677943
1.18	160	18	6.34605850272682	0.0879633587422918	0.489037956984724	0.143580669101155	0.397699138864838	0.694140119966086	2.82405158674502	0.510590576883122	0.992706674677942
1.19	160	18	6.37450199203187	0.0876802525178118	0.488561310690892	0.143135584077475	0.396952037428369	0.68981554447866	2.82354496768007	0.510678185836882	0.987947029167378
1.2	160	18	6.37450199203187	0.0876802525178118	0.488561310690892	0.143135584077475	0.396952037428369	0.673316379774241	2.82354496768007	0.510678185836882	0.987947029167379
1.21	160	18	6.17462614568259	0.0825624966556351	0.480872045364002	0.138634943533138	0.389875254348087	0.724336048119517	2.82616106054635	0.507813494332074	1.02841106643029
1.22	160	17	6.18058908739739	0.0877677727332851	0.49483786151462	0.152626815210884	0.406541581273791	0.688758017150461	2.91311679839201	0.542003888862081	1.02947810859932
1.23	160	17	6.18058908739739	0.0877677727332851	0.49483786151462	0.152626815210884	0.406541581273791	0.688758017150461	2.91311679839201	0.542003888862081	1.02947810859932
1.24	160	17	6.18058908739739	0.0877677727332851	0.49483786151462	0.152626815210884	0.406541581273791	0.690744782004983	2.91311679839201	0.542003888862081	1.02947810859933
1.25	160	17	6.18058908739739	0.0877677727332851	0.49483786151462	0.152626815210884	0.406541581273791	0.709576017822806	2.91311679839201	0.542003888862081	1.02947810859933
1.26	160	17	6.32723677706377	0.0840268157791359	0.488129294133784	0.149048908726555	0.400440204549222	0.695404454017366	2.91151586528853	0.534144523613072	1.05204306662612
1.27	160	17	6.30231413096997	0.0925830658013915	0.502095292311211	0.153635614638627	0.407988869167598	0.661997809318157	2.91119980319399	0.543889236534563	0.93997059821363
1.28	160	17	6.30231413096997	0.0925830658013915	0.502095292311211	0.153635614638627	0.407988869167598	0.663803233620614	2.91119980319399	0.543889236534563	0.93997059821363
1.29	160	17	6.31786771964462	0.0923716426982085	0.501749741046998	0.153410208383424	0.407604462430884	0.660050864680901	2.91097991352077	0.543497198315634	0.930675672689559
1.3	160	17	6.31786771964462	0.0923716426982085	0.501749741046998	0.153410208383424	0.407604462430884	0.660050864680901	2.91097991352077	0.543497198315634	0.930675672689559
1.31	160	17	6.31786771964462	0.0923716426982085	0.501749741046998	0.153410208383424	0.407604462430884	0.643025053165535	2.91097991352077	0.543497198315634	0.930675672689558
1.32	160	17	6.23477837311252	0.0922024627599933	0.500624507165438	0.155268150885119	0.409248916187823	0.657329373860474	2.90508076864918	0.505992571852754	0.923325029247544
1.33	160	17	6.23477837311252	0.0922024627599934	0.500624507165439	0.155268150885119	0.409248916187823	0.673199829323557	2.90508076864918	0.505992571852754	0.923325029247543
1.34	160	17	6.09233698238934	0.0910561972519037	0.499190570221528	0.155091038762207	0.409137074260424	0.711584594754918	2.90706336676235	0.507398267307635	0.970618303579476
1.35	160	17	6.23477837311252	0.0922024627599934	0.500624507165439	0.155268150885119	0.409248916187823	0.672246389440037	2.90508076864918	0.505992571852754	0.923325029247542
1.36	160	17	6.23477837311252	0.0922024627599934	0.500624507165438	0.155268150885119	0.409248916187823	0.657347502127468	2.90508076864917	0.505992571852754	0.923325029247543
1.37	160	17	6.23477837311252	0.0922024627599934	0.500624507165439	0.155268150885119	0.409248916187823	0.672246389440039	2.90508076864918	0.505992571852754	0.923325029247543
1.38	160	16	6.21057738961669	0.0979651166824929	0.512992308981263	0.172856477471868	0.427889442108252	0.644255922241773	2.9730410096489	0.549956566370833	0.923325029247544
1.39	160	16	5.28707145807518	0.105596542657874	0.526454748140112	0.162276963884825	0.411791845441639	0.686184157485454	2.96862925456687	0.540298972830174	1.0462659638533
1.4	160	16	6.2015503875969	0.0981448703668465	0.513276649779557	0.17143015796736	0.425739718535122	0.630916980205323	2.97319488223397	0.549947728861673	0.937510498411454
1.41	160	15	6.27143557079863	0.104687861724636	0.525433978570231	0.195958963192202	0.446821445280036	0.596369705449732	3.04669645861517	0.652810318066749	0.937510498411454
1.42	160	15	6.28066732090285	0.104617103443536	0.525309968888799	0.195985697744391	0.446839194024951	0.574143293948055	3.04645476955313	0.652179646716524	0.928822218211438
1.43	160	15	6.93391115926327	0.104617103443536	0.511787334457744	0.212345250432596	0.466863480756282	0.55451574341296	3.02468683315467	0.66241151583231	0.880010495815365
1.44	160	15	6.28066732090285	0.104617103443536	0.525309968888799	0.18552911567364	0.44192003730184	0.589074298283823	3.06307862543024	0.60441724680828	0.878514096967657
1.45	160	15	6.29611411706837	0.104617103443536	0.524740785028887	0.185143729041737	0.441482910989821	0.568775029715576	3.06599005454068	0.620034150195134	0.878514096967657
1.46	160	15	6.29611411706837	0.104617103443536	0.524740785028887	0.185143729041737	0.441482910989821	0.573777285088428	3.06599005454068	0.620034150195134	0.878514096967657
1.47	160	15	5.3489343919766	0.0851078155220303	0.499744238257896	0.170095344547017	0.420883732778561	0.624868748306279	3.08931121438468	0.603228692625776	0.993793471752971
1.48	160	13	3.7155297532656	0.0915883550839034	0.542805311932893	0.160862470290533	0.413664584160736	0.608997441720901	3.17467413011817	0.584754851129047	0.966222328692472
1.49	160	13	3.7155297532656	0.0915883550839034	0.542805311932893	0.160862470290533	0.413664584160736	0.611497843153051	3.17467413011817	0.584754851129048	0.966222328692471
1.5	160	13	3.7155297532656	0.0915883550839034	0.542805311932893	0.160862470290533	0.413664584160736	0.607116437189551	3.17467413011817	0.584754851129047	0.966222328692473
1.51	160	13	3.7155297532656	0.0915883550839034	0.542805311932893	0.160862470290533	0.413664584160736	0.589171581988782	3.17467413011817	0.584754851129047	0.966222328692474
1.52	160	13	3.7155297532656	0.0915883550839034	0.542805311932893	0.160862470290533	0.413664584160736	0.608997441720898	3.17467413011817	0.584754851129047	0.966222328692474
1.53	160	13	3.7155297532656	0.0915883550839034	0.542805311932893	0.160862470290533	0.413664584160736	0.608997441720898	3.17467413011817	0.584754851129047	0.966222328692473
1.54	160	13	3.85542168674699	0.0915883550839034	0.530823004115985	0.198284099148422	0.44613346898682	0.618622953943221	3.11239141809799	0.671429506007349	0.970310198288282
1.55	160	13	3.85542168674699	0.0915883550839034	0.530823004115985	0.198284099148422	0.44613346898682	0.618622953943219	3.11239141809799	0.671429506007349	0.970310198288282
1.56	160	12	3.83808095952024	0.126454293728862	0.550936048567967	0.217413495824879	0.468586135262589	0.584598153140619	3.16414406434306	0.708845008307565	0.970310198288283
1.57	160	11	3.60056258790436	0.137950138613304	0.578563126929297	0.223685340509142	0.489951865543276	0.572748079708213	3.27435455219242	0.694902390930414	1.2537071045783
1.58	160	11	3.60056258790436	0.137950138613304	0.578563126929298	0.223685340509142	0.489951865543276	0.572748079708213	3.27435455219242	0.694902390930414	1.2537071045783
1.59	160	10	3.53688864327162	0.151745152474635	0.582615351346148	0.22348892710795	0.499100613005202	0.587741983838953	3.43840648300063	0.647304645885837	1.28813430479461
1.6	160	10	3.53688864327162	0.151745152474635	0.582615351346148	0.22348892710795	0.499100613005202	0.587741983838953	3.43840648300063	0.647304645885837	1.28813430479461
1.61	160	10	3.53688864327162	0.151745152474635	0.582615351346148	0.22348892710795	0.499100613005202	0.58774198383895	3.43840648300063	0.647304645885837	1.28813430479461
1.62	160	10	3.54472445306009	0.151745152474635	0.582320446360654	0.224381550311004	0.500141336062075	0.586396976380844	3.43764690022522	0.648312685076208	1.26989317157482
1.63	160	10	3.55654348430119	0.151745152474635	0.581882264217754	0.216524198429756	0.488341200829018	0.589257418256341	3.43900375566521	0.637724686113633	1.2436870114915
1.64	160	10	3.55654348430119	0.151745152474635	0.581882264217754	0.216524198429756	0.488341200829018	0.589257418256342	3.43900375566521	0.637724686113633	1.2436870114915
1.65	160	10	3.55654348430119	0.151745152474635	0.581882264217754	0.216524198429756	0.488341200829018	0.589257418256342	3.43900375566521	0.637724686113633	1.2436870114915
1.66	160	10	3.53006067291782	0.151745152474635	0.586178910593237	0.220977428175009	0.49575003742492	0.579720301825757	3.43917374335767	0.669083480395406	1.24822414142477
1.67	160	10	3.53006067291782	0.151745152474635	0.586178910593237	0.220977428175009	0.49575003742492	0.575489985197305	3.43917374335767	0.669083480395406	1.24822414142477
1.68	160	9	3.47259902333152	0.168605724971816	0.576920815836114	0.252775837504493	0.528932079844498	0.564224293304027	3.5361135791678	0.649441120278925	1.20872490762547
1.69	160	9	3.47259902333152	0.168605724971816	0.576920815836114	0.252775837504493	0.528932079844498	0.564224293304024	3.5361135791678	0.649441120278925	1.20872490762546
1.7	160	9	3.47259902333152	0.168605724971816	0.576920815836114	0.252775837504493	0.528932079844498	0.564224293304027	3.5361135791678	0.649441120278925	1.20872490762546
1.71	160	9	3.4697750067769	0.168605724971816	0.577045181451329	0.255537467666525	0.532162867206721	0.550110634360818	3.53349114579169	0.66392845018997	1.1618731017591
1.72	160	9	3.4697750067769	0.168605724971816	0.577045181451329	0.255537467666525	0.532162867206721	0.550110634360818	3.53349114579169	0.66392845018997	1.1618731017591
1.73	160	9	3.4697750067769	0.168605724971816	0.577045181451329	0.255537467666525	0.53216286720672	0.550110634360818	3.53349114579169	0.66392845018997	1.1618731017591
1.74	160	9	3.4697750067769	0.168605724971816	0.577045181451329	0.255537467666525	0.532162867206721	0.550110634360818	3.53349114579169	0.66392845018997	1.1618731017591
1.75	160	9	3.4697750067769	0.168605724971816	0.577045181451329	0.255537467666525	0.532162867206721	0.550110634360818	3.53349114579169	0.66392845018997	1.1618731017591
1.76	160	9	3.4697750067769	0.168605724971816	0.577045181451329	0.255537467666525	0.532162867206721	0.550110634360818	3.53349114579169	0.66392845018997	1.1618731017591
1.77	160	9	3.4697750067769	0.168605724971816	0.577045181451329	0.255537467666525	0.53216286720672	0.550110634360817	3.53349114579169	0.66392845018997	1.1618731017591
1.78	160	9	3.4697750067769	0.168605724971816	0.577045181451329	0.255537467666525	0.532162867206721	0.550110634360818	3.53349114579169	0.66392845018997	1.1618731017591
1.79	160	9	3.47259902333152	0.168605724971816	0.576920815836114	0.257677826668913	0.535303909656928	0.550196782915075	3.5334587398987	0.666261572256178	1.13686540866063
1.8	160	9	3.47259902333152	0.168605724971816	0.576920815836114	0.257677826668913	0.535303909656928	0.550196782915075	3.5334587398987	0.666261572256178	1.13686540866063
1.81	160	9	3.47259902333152	0.168605724971816	0.576920815836114	0.257677826668913	0.535303909656928	0.550196782915075	3.5334587398987	0.666261572256179	1.13686540866063
1.82	160	9	3.47354138398914	0.168605724971816	0.576879432507522	0.255670599370571	0.532672022538067	0.560981240066421	3.53444689455256	0.663322876894908	1.16014547583605
1.83	160	9	3.47354138398914	0.168605724971816	0.576879432507522	0.255670599370571	0.532672022538067	0.55416374531613	3.53444689455256	0.663322876894908	1.16014547583605
1.84	160	9	3.47354138398914	0.168605724971816	0.576879432507522	0.255670599370571	0.532672022538067	0.55416374531613	3.53444689455256	0.663322876894908	1.16014547583605
1.85	160	9	3.47354138398914	0.168605724971816	0.576879432507522	0.255670599370571	0.532672022538067	0.55416374531613	3.53444689455256	0.663322876894908	1.16014547583605
1.86	160	9	3.47354138398914	0.168605724971816	0.576879432507522	0.255670599370571	0.532672022538067	0.560981240066421	3.53444689455256	0.663322876894908	1.16014547583605
1.87	160	9	3.22093608454957	0.168605724971816	0.590619525636006	0.254200622026037	0.534131507505417	0.546479918841163	3.54203837660769	0.645392236431121	1.0290180393802
1.88	160	8	3.18249627051218	0.205111874451857	0.598164730514305	0.289271112661045	0.568888598938227	0.521683438358202	3.56631850816078	0.730756006422688	1.01770641511902
1.89	160	8	3.18249627051218	0.205111874451857	0.598164730514305	0.289271112661045	0.568888598938227	0.521683438358202	3.56631850816078	0.730756006422688	1.01770641511902
1.9	160	8	3.20962888665998	0.205366111412435	0.596589327775273	0.287699089550847	0.566861438452432	0.493147643848445	3.56525310714633	0.727726841976945	1.0182776339631
1.91	160	7	3.32208668569946	0.294471662661238	0.6518087730324	0.350604099591357	0.631592126531321	0.396219204843537	3.70906646707902	0.896596859222505	0.975137437033661
1.92	160	7	3.32208668569946	0.294471662661238	0.6518087730324	0.350604099591357	0.631592126531321	0.396219204843537	3.70906646707902	0.896596859222503	0.97513743703367
1.93	160	7	2.79414974896311	0.298799359561748	0.667153578097794	0.345593378620917	0.627086800808387	0.566764254207267	3.72798635470658	0.925189318661528	1.01310614873311
1.94	160	7	2.79414974896311	0.298799359561748	0.667153578097794	0.345593378620917	0.627086800808387	0.566764254207267	3.72798635470658	0.925189318661528	1.01310614873311
1.95	160	7	3.93482938825699	0.318585888295822	0.653069287213229	0.396519552445297	0.684051729717422	0.338991065097155	3.71764411968119	0.955675142292224	0.967109794591455
1.96	160	7	3.93482938825699	0.318585888295822	0.653069287213229	0.396519552445297	0.684051729717422	0.338991065097155	3.71764411968119	0.955675142292224	0.967109794591454
1.97	160	7	3.93482938825699	0.318585888295822	0.653069287213229	0.396519552445297	0.684051729717422	0.338991065097155	3.71764411968119	0.955675142292224	0.967109794591453
1.98	160	7	3.93482938825699	0.318585888295822	0.653069287213229	0.396519552445297	0.684051729717422	0.338991065097155	3.71764411968119	0.955675142292224	0.967109794591454
1.99	160	7	3.93482938825699	0.318585888295822	0.653069287213229	0.396519552445297	0.684051729717422	0.338991065097155	3.71764411968119	0.955675142292224	0.967109794591454
2	160	7	3.93482938825699	0.318585888295822	0.653069287213229	0.396519552445297	0.684051729717422	0.338991065097155	3.71764411968119	0.955675142292224	0.967109794591451
2.01	160	7	3.93482938825699	0.318585888295822	0.653069287213229	0.396519552445297	0.684051729717422	0.338991065097155	3.71764411968119	0.955675142292224	0.967109794591454
2.02	160	7	3.93482938825699	0.318585888295822	0.653069287213229	0.396519552445297	0.684051729717422	0.338991065097155	3.71764411968119	0.955675142292224	0.967109794591455
2.03	160	7	3.93482938825699	0.318585888295822	0.653069287213229	0.396519552445297	0.684051729717422	0.338991065097155	3.71764411968119	0.955675142292225	0.967109794591452
2.04	160	7	3.93482938825699	0.318585888295822	0.653069287213229	0.396519552445297	0.684051729717422	0.338991065097155	3.71764411968119	0.955675142292225	0.967109794591451
2.05	160	7	3.42612419700214	0.305070865311852	0.649227694721952	0.391864084172748	0.679252012703775	0.550498824775902	3.71130274806821	0.993104945340754	0.987436456663921
2.06	160	6	2.63808738664468	0.329506365897354	0.658857918342699	0.361364905608692	0.662666551894624	0.476167873253178	3.90566254076251	1.00577792365298	0.96848550877665
2.07	160	6	2.63808738664468	0.329506365897354	0.658857918342699	0.361364905608692	0.662666551894623	0.47616787325318	3.90566254076251	1.00577792365298	0.968485508776645
2.08	160	6	2.63808738664468	0.329506365897354	0.658857918342699	0.361364905608692	0.662666551894624	0.476167873253178	3.90566254076251	1.00577792365299	0.96848550877664
2.09	160	6	2.63808738664468	0.329506365897354	0.658857918342699	0.361364905608692	0.662666551894624	0.47616787325318	3.90566254076251	1.00577792365298	0.968485508776644
2.1	160	6	2.66333749479817	0.334529096986926	0.665157419536498	0.365273316967478	0.668238738861459	0.473483173287147	3.90633549666515	1.00629054705439	0.974712519537134
2.11	160	6	2.66333749479817	0.334529096986926	0.665157419536498	0.365273316967478	0.668238738861459	0.473483173287147	3.90633549666515	1.00629054705439	0.974712519537134
2.12	160	6	2.66333749479817	0.334529096986926	0.665157419536499	0.365273316967478	0.66823873886146	0.473483173287147	3.90633549666514	1.00629054705439	0.974712519537135
2.13	160	6	2.64681555004136	0.364465708983803	0.693521727974394	0.371831541715477	0.67311601800788	0.468005209157919	3.90575350431072	1.02747886168633	0.984177946974199
2.14	160	5	2.63917525773196	0.437358850780564	0.776671331006716	0.466328053554717	0.754102550790115	0.340476101438437	4.16518088622692	1.2813356091181	0.984177946974202
2.15	160	5	2.67502612330199	0.43726773849912	0.775664867871366	0.47636218872497	0.767665214577128	0.341806670831931	4.16286243653186	1.29452876086594	0.982928402679225
2.16	160	5	2.67502612330199	0.43726773849912	0.775664867871366	0.47636218872497	0.767665214577128	0.341806670831931	4.16286243653186	1.29452876086594	0.982928402679228
2.17	160	5	2.67502612330199	0.43726773849912	0.775664867871366	0.47636218872497	0.767665214577128	0.341806670831931	4.16286243653186	1.29452876086594	0.98292840267923
2.18	160	5	2.5147347740668	0.213236459842737	0.648276155458723	0.369667580617348	0.706062715972887	0.402305859156595	4.15550744191441	1.08254308795239	1.00474178331091
2.19	160	5	2.5147347740668	0.213236459842737	0.648276155458723	0.369667580617348	0.706062715972887	0.402305859156595	4.15550744191441	1.08254308795239	1.00474178331091
2.2	160	5	2.5147347740668	0.213236459842737	0.648276155458723	0.369667580617348	0.706062715972887	0.402305859156595	4.15550744191441	1.08254308795239	1.00474178331093
2.21	160	5	2.5147347740668	0.213236459842737	0.648276155458723	0.369667580617348	0.706062715972887	0.402305859156595	4.15550744191441	1.08254308795239	1.00474178331091
2.22	160	5	2.5147347740668	0.213236459842737	0.648276155458723	0.369667580617348	0.706062715972886	0.402305859156596	4.15550744191441	1.08254308795239	1.00474178331091
2.23	160	5	2.5147347740668	0.213236459842737	0.648276155458723	0.369667580617348	0.706062715972887	0.402305859156595	4.15550744191441	1.08254308795239	1.00474178331092
2.24	160	5	2.5147347740668	0.213236459842737	0.648276155458723	0.369667580617348	0.706062715972887	0.402305859156595	4.15550744191441	1.08254308795239	1.00474178331092
2.25	160	5	2.5147347740668	0.213236459842737	0.648276155458723	0.369667580617348	0.706062715972887	0.402305859156596	4.15550744191441	1.08254308795239	1.00474178331092
2.26	160	5	2.51572327044025	0.211808362754269	0.646539162176713	0.369822198777045	0.706362537768629	0.403400283000227	4.1553383053945	1.08415724111637	1.003181009759
2.27	160	5	2.51572327044025	0.211808362754269	0.646539162176713	0.369822198777045	0.706362537768629	0.403400283000227	4.1553383053945	1.08415724111637	1.00318100975899
2.28	160	5	2.51572327044025	0.211808362754269	0.646539162176713	0.369822198777045	0.706362537768629	0.403400283000227	4.1553383053945	1.08415724111637	1.003181009759
2.29	160	4	2.4160060400151	0.294927663501498	0.687275397460363	0.466545252224575	0.80115961120177	0.250095599586753	4.53513769094399	1.320695603151	1.01454108060875
2.29999999999999	160	4	2.4160060400151	0.294927663501498	0.687275397460363	0.466545252224575	0.80115961120177	0.250095599586753	4.53513769094398	1.320695603151	1.01454108060875
2.30999999999999	160	4	2.4160060400151	0.294927663501498	0.687275397460363	0.466545252224575	0.80115961120177	0.250095599586753	4.53513769094398	1.320695603151	1.01454108060874
2.31999999999999	160	4	2.4160060400151	0.294927663501498	0.687275397460363	0.466545252224575	0.80115961120177	0.250095599586753	4.53513769094398	1.320695603151	1.01454108060875
2.32999999999999	160	4	2.4160060400151	0.294927663501498	0.687275397460363	0.466545252224575	0.80115961120177	0.250095599586753	4.53513769094398	1.320695603151	1.01454108060874
2.33999999999999	160	4	2.4160060400151	0.294927663501498	0.687275397460363	0.466545252224575	0.80115961120177	0.250095599586753	4.53513769094398	1.320695603151	1.01454108060874
2.34999999999999	160	4	2.38761425107256	0.283307598949144	0.675415622808906	0.462828694156442	0.79706147373046	0.266371853579932	4.53661691637109	1.32146106471792	1.00818837926667
2.35999999999999	160	4	2.38761425107256	0.283307598949144	0.675415622808906	0.462828694156442	0.79706147373046	0.266371853579932	4.53661691637109	1.32146106471792	1.00818837926667
2.36999999999999	160	4	2.38761425107256	0.283307598949144	0.675415622808906	0.462828694156442	0.797061473730459	0.266371853579932	4.53661691637109	1.32146106471792	1.00818837926668
2.37999999999999	160	4	2.38761425107256	0.283307598949144	0.675415622808906	0.462828694156442	0.79706147373046	0.266371853579932	4.53661691637109	1.32146106471792	1.00818837926668
2.38999999999999	160	4	2.38761425107256	0.283307598949144	0.675415622808906	0.462828694156442	0.79706147373046	0.266371853579932	4.53661691637109	1.32146106471792	1.00818837926668
2.39999999999999	160	4	2.38761425107256	0.283307598949144	0.675415622808906	0.462828694156442	0.79706147373046	0.266371853579932	4.53661691637109	1.32146106471792	1.00818837926667
2.40999999999999	160	4	2.38761425107256	0.283307598949144	0.675415622808906	0.462828694156442	0.797061473730459	0.266371853579932	4.53661691637109	1.32146106471792	1.00818837926668
2.41999999999999	160	4	2.38761425107256	0.283307598949144	0.675415622808906	0.462828694156442	0.79706147373046	0.266371853579932	4.53661691637109	1.32146106471792	1.00818837926667
2.42999999999999	160	4	2.38761425107256	0.283307598949144	0.675415622808906	0.462828694156442	0.79706147373046	0.266371853579932	4.53661691637109	1.32146106471792	1.00818837926668
2.43999999999999	160	4	2.38761425107256	0.283307598949144	0.675415622808906	0.462828694156442	0.79706147373046	0.266371853579932	4.53661691637109	1.32146106471792	1.00818837926667
2.44999999999999	160	4	2.38761425107256	0.283307598949144	0.675415622808906	0.462828694156442	0.79706147373046	0.266371853579932	4.53661691637109	1.32146106471792	1.00818837926667
2.45999999999999	160	4	2.38006693938267	0.281899559881866	0.674066871054954	0.461771250042002	0.795892048448085	0.281745880336956	4.5368986277979	1.3200762047757	1.002151699943
2.46999999999999	160	4	2.38006693938267	0.281899559881866	0.674066871054954	0.461771250042002	0.795892048448085	0.281745880336956	4.5368986277979	1.3200762047757	1.00215169994299
2.47999999999999	160	4	2.38006693938267	0.281899559881866	0.674066871054954	0.461771250042002	0.795892048448085	0.281745880336956	4.5368986277979	1.3200762047757	1.00215169994299
2.48999999999999	160	4	2.38006693938267	0.281899559881866	0.674066871054954	0.461771250042002	0.795892048448085	0.281745880336956	4.5368986277979	1.3200762047757	1.00215169994299
2.49999999999999	160	4	2.38006693938267	0.281899559881866	0.674066871054954	0.461771250042002	0.795892048448085	0.281745880336956	4.5368986277979	1.3200762047757	1.00215169994299
2.50999999999999	160	4	2.38006693938267	0.281899559881866	0.674066871054954	0.461771250042002	0.795892048448085	0.281745880336956	4.5368986277979	1.3200762047757	1.00215169994299
2.51999999999999	160	4	2.38006693938267	0.281899559881866	0.674066871054954	0.461771250042002	0.795892048448085	0.281745880336956	4.5368986277979	1.3200762047757	1.00215169994299
2.52999999999999	160	4	2.38006693938267	0.281899559881866	0.674066871054954	0.461771250042002	0.795892048448085	0.281745880336956	4.5368986277979	1.3200762047757	1.00215169994299
2.53999999999999	160	4	2.38006693938267	0.281899559881866	0.674066871054954	0.461771250042002	0.795892048448086	0.281745880336956	4.5368986277979	1.3200762047757	1.002151699943
2.54999999999999	160	4	2.38006693938267	0.281899559881866	0.674066871054954	0.461771250042002	0.795892048448085	0.281745880336956	4.5368986277979	1.3200762047757	1.00215169994299
2.55999999999999	160	4	2.38006693938267	0.281899559881866	0.674066871054954	0.461771250042002	0.795892048448085	0.281745880336956	4.5368986277979	1.3200762047757	1.00215169994299
2.56999999999999	160	4	2.38006693938267	0.281899559881866	0.674066871054954	0.461771250042002	0.795892048448085	0.281745880336956	4.5368986277979	1.3200762047757	1.00215169994299
2.57999999999999	160	4	2.38006693938267	0.281899559881866	0.674066871054954	0.461771250042002	0.795892048448085	0.281745880336956	4.5368986277979	1.3200762047757	1.00215169994299
2.58999999999999	160	4	2.38006693938267	0.281899559881866	0.674066871054954	0.461771250042002	0.795892048448085	0.281745880336956	4.5368986277979	1.3200762047757	1.002151699943
2.59999999999999	160	4	2.38006693938267	0.281899559881866	0.674066871054954	0.461771250042002	0.795892048448085	0.281745880336956	4.5368986277979	1.3200762047757	1.00215169994299
2.60999999999999	160	4	2.38006693938267	0.281899559881866	0.674066871054954	0.461771250042002	0.795892048448085	0.281745880336956	4.5368986277979	1.3200762047757	1.002151699943
2.61999999999999	160	4	2.38006693938267	0.281899559881866	0.674066871054954	0.461771250042002	0.795892048448085	0.281745880336956	4.5368986277979	1.3200762047757	1.00215169994299
2.62999999999999	160	4	2.38006693938267	0.281899559881866	0.674066871054954	0.461771250042002	0.795892048448085	0.281745880336956	4.5368986277979	1.3200762047757	1.00215169994299
2.63999999999999	160	4	2.38006693938267	0.281899559881866	0.674066871054954	0.461771250042002	0.795892048448086	0.281745880336956	4.5368986277979	1.3200762047757	1.00215169994299
2.64999999999999	160	4	2.38006693938267	0.281899559881866	0.674066871054954	0.461771250042002	0.795892048448085	0.281745880336956	4.53689862779789	1.3200762047757	1.00215169994299
2.65999999999999	160	4	2.38006693938267	0.281899559881866	0.674066871054954	0.461771250042002	0.795892048448086	0.281745880336956	4.5368986277979	1.3200762047757	1.00215169994299
2.66999999999999	160	4	2.38006693938267	0.281899559881866	0.674066871054954	0.461771250042002	0.795892048448085	0.281745880336956	4.5368986277979	1.3200762047757	1.00215169994299
2.67999999999999	160	4	2.38006693938267	0.281899559881866	0.674066871054954	0.461771250042002	0.795892048448085	0.281745880336956	4.5368986277979	1.3200762047757	1.00215169994299
2.68999999999999	160	4	2.38006693938267	0.281899559881866	0.674066871054954	0.461771250042002	0.795892048448085	0.281745880336956	4.5368986277979	1.3200762047757	1.00215169994299
2.69999999999999	160	4	2.38006693938267	0.281899559881866	0.674066871054954	0.461771250042002	0.795892048448085	0.281745880336956	4.5368986277979	1.3200762047757	1.002151699943
2.70999999999999	160	4	2.38006693938267	0.281899559881866	0.674066871054954	0.461771250042002	0.795892048448086	0.281745880336956	4.53689862779789	1.3200762047757	1.00215169994299
2.71999999999999	160	4	2.38006693938267	0.281899559881866	0.674066871054954	0.461771250042002	0.795892048448085	0.281745880336956	4.5368986277979	1.3200762047757	1.002151699943
2.72999999999999	160	4	2.38006693938267	0.281899559881866	0.674066871054954	0.461771250042002	0.795892048448085	0.281745880336956	4.5368986277979	1.3200762047757	1.00215169994299
2.73999999999999	160	4	2.38006693938267	0.281899559881866	0.674066871054954	0.461771250042002	0.795892048448085	0.281745880336956	4.5368986277979	1.3200762047757	1.00215169994299
2.74999999999999	160	4	2.38006693938267	0.281899559881866	0.674066871054954	0.461771250042002	0.795892048448085	0.281745880336956	4.5368986277979	1.3200762047757	1.00215169994299
2.75999999999999	160	4	2.38006693938267	0.281899559881866	0.674066871054954	0.461771250042002	0.795892048448085	0.281745880336956	4.5368986277979	1.3200762047757	1.00215169994299
2.76999999999998	160	4	2.38006693938267	0.281899559881866	0.674066871054954	0.461771250042002	0.795892048448085	0.281745880336956	4.53689862779789	1.3200762047757	1.00215169994299
2.77999999999998	160	4	2.38006693938267	0.281899559881866	0.674066871054954	0.461771250042002	0.795892048448085	0.281745880336956	4.5368986277979	1.3200762047757	1.00215169994299
2.78999999999998	160	4	2.38006693938267	0.281899559881866	0.674066871054954	0.461771250042002	0.795892048448085	0.281745880336956	4.5368986277979	1.3200762047757	1.00215169994299
2.79999999999998	160	4	2.38006693938267	0.281899559881866	0.674066871054954	0.461771250042002	0.795892048448085	0.281745880336956	4.5368986277979	1.3200762047757	1.002151699943
2.80999999999998	160	4	2.38006693938267	0.281899559881866	0.674066871054954	0.461771250042002	0.795892048448085	0.281745880336956	4.5368986277979	1.3200762047757	1.00215169994299
2.81999999999998	160	4	2.38006693938267	0.281899559881866	0.674066871054954	0.461771250042002	0.795892048448085	0.281745880336956	4.5368986277979	1.3200762047757	1.00215169994299
2.82999999999998	160	4	2.38006693938267	0.281899559881866	0.674066871054954	0.461771250042002	0.795892048448085	0.281745880336956	4.5368986277979	1.3200762047757	1.00215169994299
2.83999999999998	160	4	2.38006693938267	0.281899559881866	0.674066871054954	0.461771250042002	0.795892048448085	0.281745880336956	4.5368986277979	1.3200762047757	1.00215169994299
2.84999999999998	160	4	2.38006693938267	0.281899559881866	0.674066871054954	0.461771250042002	0.795892048448085	0.281745880336956	4.5368986277979	1.3200762047757	1.00215169994299
2.85999999999998	160	4	2.38006693938267	0.281899559881866	0.674066871054954	0.461771250042002	0.795892048448085	0.281745880336956	4.5368986277979	1.3200762047757	1.00215169994299
2.86999999999998	160	4	2.38006693938267	0.281899559881866	0.674066871054954	0.461771250042002	0.795892048448085	0.281745880336956	4.5368986277979	1.3200762047757	1.00215169994299
2.87999999999998	160	4	2.38006693938267	0.281899559881866	0.674066871054954	0.461771250042002	0.795892048448085	0.281745880336956	4.5368986277979	1.3200762047757	1.00215169994299
2.88999999999998	160	4	2.38006693938267	0.281899559881866	0.674066871054954	0.461771250042002	0.795892048448085	0.281745880336956	4.5368986277979	1.3200762047757	1.00215169994299
2.89999999999998	160	4	2.38006693938267	0.281899559881866	0.674066871054954	0.461771250042002	0.795892048448085	0.281745880336956	4.5368986277979	1.3200762047757	1.00215169994299
2.90999999999998	160	4	2.37168797480082	0.280552202371226	0.672802851996005	0.462357132069358	0.796633570495931	0.286469043388415	4.5353951081664	1.32017147267628	0.995595300309323
2.91999999999998	160	4	2.37168797480082	0.280552202371226	0.672802851996005	0.462357132069358	0.796633570495931	0.286469043388415	4.5353951081664	1.32017147267628	0.995595300309331
2.92999999999998	160	4	2.39431350542462	0.284776943162175	0.676849520657045	0.459882325766345	0.793518211331539	0.323408421162404	4.53746400271795	1.3185234291421	1.00147413825624
2.93999999999998	160	4	2.39431350542462	0.284776943162175	0.676849520657045	0.459882325766345	0.793518211331538	0.323408421162404	4.53746400271795	1.3185234291421	1.00147413825624
2.94999999999998	160	4	2.35250873001287	0.293212480279151	0.686316367520285	0.446209592817351	0.776588768182693	0.328203384386806	4.53727864265013	1.3073623406568	0.981273369019279
2.95999999999998	160	4	2.35250873001287	0.293212480279151	0.686316367520285	0.44620959281735	0.776588768182693	0.328203384386806	4.53727864265013	1.3073623406568	0.981273369019277
2.96999999999998	160	4	2.35250873001287	0.293212480279151	0.686316367520285	0.44620959281735	0.776588768182693	0.328203384386806	4.53727864265013	1.3073623406568	0.981273369019278
2.97999999999998	160	4	2.30506032775077	0.286118812735353	0.68134724316157	0.444982562346011	0.775583947682204	0.323380760087659	4.53620361609023	1.29542615294813	0.959192106231053
2.98999999999998	160	4	2.30506032775077	0.286118812735353	0.68134724316157	0.444982562346011	0.775583947682204	0.323380760087659	4.53620361609023	1.29542615294813	0.959192106231052
2.99999999999998	160	4	2.45069883208884	0.472310100371728	0.812353677641279	0.504122299395924	0.815230300379616	0.253846948076568	4.45210065993321	1.50595389541905	0.994141182351287
3.00999999999998	160	4	2.45069883208884	0.472310100371728	0.812353677641279	0.504122299395924	0.815230300379616	0.253846948076568	4.45210065993321	1.50595389541905	0.994141182351282
3.01999999999998	160	4	2.45069883208884	0.472310100371728	0.812353677641279	0.504122299395924	0.815230300379616	0.253846948076568	4.45210065993321	1.50595389541905	0.994141182351287
3.02999999999998	160	4	2.45069883208884	0.472310100371728	0.812353677641279	0.504122299395924	0.815230300379616	0.253846948076568	4.45210065993321	1.50595389541905	0.994141182351281
3.03999999999998	160	4	2.45069883208884	0.472310100371728	0.812353677641279	0.504122299395924	0.815230300379616	0.253846948076568	4.45210065993321	1.50595389541905	0.994141182351278
3.04999999999998	160	4	2.45069883208884	0.472310100371728	0.812353677641279	0.504122299395924	0.815230300379616	0.253846948076568	4.45210065993321	1.50595389541905	0.994141182351287
3.05999999999998	160	4	1.86725018234865	0.505030427241007	0.854603029402449	0.492362369063985	0.800720058384429	0.231312800049067	4.47487345011215	1.43202171007407	1.24271721617132
3.06999999999998	160	4	1.86725018234865	0.505030427241007	0.854603029402449	0.492362369063985	0.800720058384429	0.231312800049067	4.47487345011215	1.43202171007407	1.24271721617132
3.07999999999998	160	4	1.86725018234865	0.505030427241007	0.854603029402449	0.492362369063985	0.800720058384429	0.231312800049067	4.47487345011215	1.43202171007408	1.24271721617132
3.08999999999998	160	4	1.86725018234865	0.505030427241007	0.854603029402449	0.492362369063985	0.800720058384429	0.231312800049068	4.47487345011215	1.43202171007408	1.24271721617132
3.09999999999998	160	4	1.86725018234865	0.505030427241007	0.854603029402449	0.492362369063985	0.800720058384429	0.231312800049067	4.47487345011215	1.43202171007408	1.24271721617132
3.10999999999998	160	4	1.8639871850881	0.465290562174884	0.82827977235679	0.482939480638465	0.79531651002628	0.243053369506574	4.49609738105013	1.38768579465482	1.22028976340655
3.11999999999998	160	4	1.8639871850881	0.465290562174884	0.82827977235679	0.482939480638465	0.79531651002628	0.243053369506575	4.49609738105013	1.38768579465482	1.22028976340655
3.12999999999998	160	4	1.8639871850881	0.465290562174884	0.82827977235679	0.482939480638465	0.79531651002628	0.243053369506574	4.49609738105013	1.38768579465482	1.22028976340655
3.13999999999998	160	4	1.8639871850881	0.465290562174884	0.82827977235679	0.482939480638465	0.79531651002628	0.243053369506574	4.49609738105013	1.38768579465482	1.22028976340655
3.14999999999998	160	4	1.8639871850881	0.465290562174884	0.82827977235679	0.482939480638465	0.79531651002628	0.243053369506574	4.49609738105013	1.38768579465482	1.22028976340655
3.15999999999998	160	4	1.8639871850881	0.465290562174884	0.82827977235679	0.482939480638465	0.79531651002628	0.243053369506574	4.49609738105013	1.38768579465482	1.22028976340655
3.16999999999998	160	4	1.8639871850881	0.465290562174884	0.82827977235679	0.482939480638465	0.79531651002628	0.243053369506575	4.49609738105013	1.38768579465482	1.22028976340654
3.17999999999998	160	4	1.8639871850881	0.465290562174884	0.82827977235679	0.482939480638465	0.79531651002628	0.243053369506575	4.49609738105013	1.38768579465482	1.22028976340655
3.18999999999998	160	4	1.8639871850881	0.465290562174884	0.82827977235679	0.482939480638465	0.79531651002628	0.243053369506574	4.49609738105013	1.38768579465482	1.22028976340655
3.19999999999998	160	4	1.8639871850881	0.465290562174884	0.82827977235679	0.482939480638465	0.79531651002628	0.243053369506574	4.49609738105013	1.38768579465482	1.22028976340654
3.20999999999998	160	4	1.8639871850881	0.465290562174884	0.82827977235679	0.482939480638465	0.79531651002628	0.243053369506575	4.49609738105013	1.38768579465482	1.22028976340655
3.21999999999998	160	4	1.8639871850881	0.465290562174884	0.82827977235679	0.482939480638465	0.79531651002628	0.243053369506574	4.49609738105013	1.38768579465482	1.22028976340655
3.22999999999998	160	4	1.8639871850881	0.465290562174884	0.82827977235679	0.482939480638465	0.79531651002628	0.243053369506574	4.49609738105013	1.38768579465482	1.22028976340655
3.23999999999997	160	4	1.8639871850881	0.465290562174884	0.82827977235679	0.482939480638465	0.79531651002628	0.243053369506574	4.49609738105013	1.38768579465482	1.22028976340655
3.24999999999997	160	4	1.8639871850881	0.465290562174884	0.82827977235679	0.482939480638465	0.79531651002628	0.243053369506575	4.49609738105013	1.38768579465482	1.22028976340655
3.25999999999997	160	3	1.41015754103779	0.679319132228071	1.01593665764555	0.523595900622437	0.87057306769043	0.0261193983931004	4.98654916669847	1.551707671458	1.13740292279913
3.26999999999997	160	3	1.60783821127999	0.562209320617523	0.924309375773054	0.586946344789494	0.93039873157198	0.158153206183342	4.56218995650569	1.3720366473095	1.12923618498749
3.27999999999997	160	3	1.60783821127999	0.562209320617523	0.924309375773054	0.586946344789494	0.93039873157198	0.158153206183343	4.5621899565057	1.3720366473095	1.1292361849875
3.28999999999997	160	3	1.60783821127999	0.562209320617523	0.924309375773054	0.586946344789494	0.93039873157198	0.158153206183343	4.5621899565057	1.3720366473095	1.1292361849875
3.29999999999997	160	3	1.60783821127999	0.562209320617523	0.924309375773054	0.586946344789494	0.93039873157198	0.158153206183342	4.5621899565057	1.3720366473095	1.1292361849875
3.30999999999997	160	3	1.60783821127999	0.562209320617523	0.924309375773054	0.586946344789494	0.93039873157198	0.158153206183343	4.5621899565057	1.3720366473095	1.1292361849875
3.31999999999997	160	3	1.60783821127999	0.562209320617523	0.924309375773054	0.586946344789494	0.93039873157198	0.158153206183343	4.5621899565057	1.3720366473095	1.1292361849875
3.32999999999997	160	3	1.60783821127999	0.562209320617523	0.924309375773054	0.586946344789494	0.93039873157198	0.158153206183343	4.5621899565057	1.3720366473095	1.1292361849875
3.33999999999997	160	3	2.00721342323977	0.588825142481022	0.94139168320007	0.605962205134108	0.947026714416229	0.258203813856637	4.59408465864943	1.5240864584402	0.938404358380268
3.34999999999997	160	3	2.00721342323977	0.588825142481022	0.94139168320007	0.605962205134108	0.947026714416229	0.258203813856637	4.59408465864943	1.5240864584402	0.938404358380271
3.35999999999997	160	3	2.00721342323977	0.588825142481022	0.94139168320007	0.605962205134108	0.947026714416228	0.258203813856637	4.59408465864943	1.5240864584402	0.938404358380278
3.36999999999997	160	3	1.6403947199795	0.529584430280659	0.905361440526578	0.575897068022861	0.919598687946239	0.151729189501418	4.56794424367094	1.49887994247437	0.984540279028912
3.37999999999997	160	3	1.6403947199795	0.529584430280659	0.905361440526578	0.575897068022861	0.919598687946239	0.151729189501419	4.56794424367094	1.49887994247437	0.984540279028915
3.38999999999997	160	3	1.54198289362727	0.569178333075968	0.948405140579967	0.566022801458286	0.910885821531959	0.138239933458062	4.57033667406145	1.47949275546845	1.0429148023338
3.39999999999997	160	3	1.96832231277872	0.587500238322046	0.941380072030871	0.6066762681728	0.947915714824357	0.28760355691909	4.58574526779624	1.52750483478951	0.961715615813283
3.40999999999997	160	3	2.02307570728623	0.602241550605883	0.953791288510569	0.618469883883712	0.959316100730295	0.285492099743467	4.60515965478302	1.53337207155983	0.925963695832496
3.41999999999997	160	3	2.02307570728623	0.602241550605883	0.953791288510569	0.618469883883712	0.959316100730295	0.285492099743467	4.60515965478302	1.53337207155983	0.9259636958325
3.42999999999997	160	3	2.02307570728623	0.602241550605883	0.953791288510569	0.618469883883712	0.959316100730296	0.285492099743467	4.60515965478302	1.53337207155983	0.9259636958325
3.43999999999997	160	3	2.02307570728623	0.602241550605883	0.953791288510569	0.618469883883712	0.959316100730295	0.285492099743467	4.60515965478302	1.53337207155983	0.925963695832502
3.44999999999997	160	3	2.02307570728623	0.602241550605883	0.953791288510568	0.618469883883712	0.959316100730295	0.285492099743467	4.60515965478302	1.53337207155983	0.925963695832499
3.45999999999997	160	3	2.02307570728623	0.602241550605883	0.953791288510569	0.618469883883712	0.959316100730295	0.285492099743467	4.60515965478302	1.53337207155983	0.925963695832503
3.46999999999997	160	3	2.02307570728623	0.602241550605883	0.953791288510568	0.618469883883711	0.959316100730295	0.285492099743468	4.60515965478302	1.53337207155983	0.9259636958325
3.47999999999997	160	3	2.02307570728623	0.602241550605883	0.953791288510569	0.618469883883712	0.959316100730296	0.285492099743467	4.60515965478302	1.53337207155983	0.925963695832501
3.48999999999997	160	3	1.89882806705237	0.604863538810921	0.957440394350579	0.595021964935039	0.936467777347769	-0.0181001748360111	4.68041709845311	1.54356589351154	0.964860396791251
3.49999999999997	160	3	1.75030767127034	0.571916179035316	0.941897065191462	0.580597646561067	0.923414386971572	0.295171975729872	4.57435823247873	1.50796368597377	0.966123200762742
3.50999999999997	160	3	1.75030767127034	0.571916179035316	0.941897065191462	0.580597646561067	0.923414386971572	0.295171975729872	4.57435823247873	1.50796368597378	0.966123200762738
3.51999999999997	160	3	1.75030767127034	0.571916179035316	0.941897065191462	0.580597646561067	0.923414386971572	0.295171975729872	4.57435823247873	1.50796368597378	0.96612320076274
3.52999999999997	160	3	1.76527375534409	0.586634673602513	0.955659201674621	0.587939522780924	0.930504181247711	0.293895995398689	4.5772617242919	1.51284169936945	0.969548027238251
3.53999999999997	160	3	1.76527375534409	0.586634673602513	0.955659201674621	0.587939522780924	0.930504181247711	0.293895995398688	4.5772617242919	1.51284169936945	0.969548027238252
3.54999999999997	160	3	1.79447637740081	0.549197987483742	0.91828317568858	0.599573425039779	0.941730520188372	0.265564012535364	4.59588175560276	1.51622723830474	0.989482082754654
3.55999999999997	160	3	1.79447637740081	0.549197987483742	0.91828317568858	0.599573425039779	0.941730520188372	0.265564012535364	4.59588175560276	1.51622723830474	0.989482082754652
3.56999999999997	160	3	1.79447637740081	0.549197987483742	0.91828317568858	0.599573425039779	0.941730520188372	0.265564012535364	4.59588175560276	1.51622723830474	0.989482082754651
3.57999999999997	160	3	1.79447637740081	0.549197987483742	0.91828317568858	0.599573425039779	0.941730520188372	0.265564012535364	4.59588175560276	1.51622723830474	0.989482082754653
3.58999999999997	160	3	1.79447637740081	0.549197987483742	0.91828317568858	0.599573425039779	0.941730520188372	0.265564012535363	4.59588175560276	1.51622723830474	0.989482082754656
3.59999999999997	160	3	1.79447637740081	0.549197987483742	0.91828317568858	0.599573425039779	0.941730520188372	0.265564012535364	4.59588175560276	1.51622723830474	0.989482082754652
3.60999999999997	160	3	1.79447637740081	0.549197987483742	0.91828317568858	0.599573425039779	0.941730520188372	0.265564012535364	4.59588175560276	1.51622723830474	0.989482082754655
3.61999999999997	160	3	1.79447637740081	0.549197987483742	0.91828317568858	0.599573425039779	0.941730520188372	0.265564012535363	4.59588175560276	1.51622723830474	0.989482082754654
3.62999999999997	160	3	2.02307570728623	0.594911222721753	0.945706698363628	0.601729571332515	0.942771691300577	0.101652122862987	4.65326393224897	1.47303278516535	1.0483591971564
3.63999999999997	160	3	2.02307570728623	0.594911222721753	0.945706698363628	0.601729571332515	0.942771691300577	0.101652122862987	4.65326393224897	1.47303278516536	1.0483591971564
3.64999999999997	160	3	2.02307570728623	0.594911222721753	0.945706698363628	0.601729571332515	0.942771691300576	0.101652122862987	4.65326393224897	1.47303278516536	1.0483591971564
3.65999999999997	160	3	2.02307570728623	0.594911222721753	0.945706698363628	0.601729571332515	0.942771691300576	0.101652122862987	4.65326393224897	1.47303278516535	1.0483591971564
3.66999999999997	160	3	2.02307570728623	0.594911222721753	0.945706698363628	0.601729571332515	0.942771691300576	0.101652122862987	4.65326393224897	1.47303278516535	1.0483591971564
3.67999999999997	160	3	1.87490845173576	0.581381329634959	0.934535853741569	0.582274331076014	0.924235895009027	0.128529331339223	4.73381269836487	1.47198377754836	1.1063831764215
3.68999999999997	160	3	1.87490845173576	0.581381329634959	0.934535853741569	0.582274331076014	0.924235895009027	0.128529331339223	4.73381269836486	1.47198377754836	1.10638317642149
3.69999999999997	160	3	1.87490845173576	0.581381329634959	0.934535853741569	0.582274331076014	0.924235895009027	0.128529331339224	4.73381269836487	1.47198377754836	1.10638317642149
3.70999999999996	160	3	1.39387999564413	0.610344632868641	0.949289783727021	0.508502633016804	0.856782058293456	0.0326285065701841	5.01882365833044	1.54501803078052	1.16199612943858
3.71999999999996	160	3	1.39387999564413	0.610344632868641	0.949289783727021	0.508502633016804	0.856782058293457	0.0326285065701839	5.01882365833044	1.54501803078052	1.16199612943857
3.72999999999996	160	3	1.39387999564413	0.610344632868641	0.949289783727021	0.508502633016804	0.856782058293457	0.0326285065701839	5.01882365833044	1.54501803078052	1.16199612943857
3.73999999999996	160	3	1.39387999564413	0.610344632868641	0.949289783727021	0.508502633016804	0.856782058293456	0.032628506570184	5.01882365833044	1.54501803078052	1.16199612943858
3.74999999999996	160	3	1.39387999564413	0.610344632868641	0.949289783727021	0.508502633016804	0.856782058293456	0.032628506570184	5.01882365833044	1.54501803078052	1.16199612943858
3.75999999999996	160	3	1.39387999564413	0.610344632868641	0.949289783727021	0.508502633016804	0.856782058293456	0.0326285065701837	5.01882365833044	1.54501803078052	1.16199612943857
3.76999999999996	160	3	1.39387999564413	0.610344632868641	0.949289783727021	0.508502633016804	0.856782058293457	0.0326285065701837	5.01882365833044	1.54501803078052	1.16199612943857
3.77999999999996	160	3	1.39387999564413	0.610344632868641	0.949289783727021	0.508502633016804	0.856782058293456	0.0326285065701837	5.01882365833044	1.54501803078052	1.16199612943857
3.78999999999996	160	3	1.95092211553117	0.599573079565234	0.953552512144101	0.589938410520192	0.93132338958192	0.122671497953081	4.70582541538377	1.46257337009737	1.10786462385798
3.79999999999996	160	3	1.95092211553117	0.599573079565234	0.953552512144101	0.589938410520192	0.93132338958192	0.122671497953081	4.70582541538377	1.46257337009737	1.10786462385798
3.80999999999996	160	3	1.95092211553117	0.599573079565234	0.953552512144101	0.589938410520192	0.93132338958192	0.122671497953081	4.70582541538377	1.46257337009737	1.10786462385798
3.81999999999996	160	3	1.95092211553117	0.599573079565234	0.953552512144101	0.589938410520192	0.93132338958192	0.122671497953081	4.70582541538377	1.46257337009738	1.10786462385798
3.82999999999996	160	3	1.95092211553117	0.599573079565234	0.953552512144101	0.589938410520192	0.93132338958192	0.122671497953081	4.70582541538377	1.46257337009738	1.10786462385798
3.83999999999996	160	3	1.95092211553117	0.599573079565234	0.953552512144101	0.589938410520192	0.93132338958192	0.122671497953081	4.70582541538377	1.46257337009737	1.10786462385798
3.84999999999996	160	2	1.01257811881971	0.494060343697665	1	0.495298012662178	1	1.0842021724855e-16	5.73407441610063	1.16818053683386	2.45427578841614
3.85999999999996	160	2	1.01257811881971	0.494060343697665	1	0.495298012662178	1	1.0842021724855e-16	5.73407441610063	1.16818053683386	2.45427578841614
3.86999999999996	160	2	1.01257811881971	0.494060343697665	1	0.495298012662178	1	1.0842021724855e-16	5.73407441610063	1.16818053683386	2.45427578841615
3.87999999999996	160	2	1.01257811881971	0.494060343697665	1	0.495298012662178	1	1.0842021724855e-16	5.73407441610063	1.16818053683385	2.45427578841616
3.88999999999996	160	2	1.01257811881971	0.494060343697665	1	0.495298012662178	1	5.55111512312578e-17	5.73407441610063	1.16818053683386	2.45427578841614
3.89999999999996	160	2	1.01257811881971	0.494060343697665	1	0.495298012662178	1	1.0842021724855e-16	5.73407441610063	1.16818053683385	2.45427578841616
3.90999999999996	160	2	1.01257811881971	0.494060343697665	1	0.495298012662178	1	1.0842021724855e-16	5.73407441610063	1.16818053683386	2.45427578841614
3.91999999999996	160	2	1.01257811881971	0.494060343697665	1	0.495298012662178	1	1.0842021724855e-16	5.73407441610063	1.16818053683386	2.45427578841614
3.92999999999996	160	2	1.01257811881971	0.494060343697665	1	0.495298012662178	1	1.0842021724855e-16	5.73407441610063	1.16818053683385	2.45427578841616
3.93999999999996	160	2	1.01257811881971	0.494060343697665	1	0.495298012662178	1	1.0842021724855e-16	5.73407441610063	1.16818053683385	2.45427578841615
3.94999999999996	160	2	1.01257811881971	0.494060343697665	1	0.495298012662178	1	1.0842021724855e-16	5.73407441610063	1.16818053683386	2.45427578841614
3.95999999999996	160	2	1.01257811881971	0.494060343697665	1	0.495298012662178	1	5.55111512312578e-17	5.73407441610063	1.16818053683385	2.45427578841616
3.96999999999996	160	2	1.01257811881971	0.494060343697665	1	0.495298012662178	1	1.0842021724855e-16	5.73407441610063	1.16818053683385	2.45427578841616
3.97999999999996	160	2	1.01257811881971	0.494060343697665	1	0.495298012662178	1	5.55111512312578e-17	5.73407441610063	1.16818053683386	2.45427578841615
3.98999999999996	160	2	1.01257811881971	0.494060343697665	1	0.495298012662178	1	1.0842021724855e-16	5.73407441610063	1.16818053683386	2.45427578841614
3.99999999999996	160	2	1.01257811881971	0.494060343697665	1	0.495298012662178	1	1.0842021724855e-16	5.73407441610063	1.16818053683386	2.45427578841614
4.00999999999996	160	2	1.01257811881971	0.494060343697665	1	0.495298012662178	1	1.0842021724855e-16	5.73407441610063	1.16818053683386	2.45427578841615
4.01999999999996	160	2	1.01257811881971	0.494060343697665	1	0.495298012662178	1	5.55111512312578e-17	5.73407441610063	1.16818053683385	2.45427578841617
4.02999999999996	160	2	1.01257811881971	0.494060343697665	1	0.495298012662178	1	5.55111512312578e-17	5.73407441610063	1.16818053683386	2.45427578841615
4.03999999999996	160	2	1.01257811881971	0.494060343697665	1	0.495298012662178	1	5.55111512312578e-17	5.73407441610063	1.16818053683385	2.45427578841615
4.04999999999996	160	2	1.01257811881971	0.494060343697665	1	0.495298012662178	1	5.55111512312578e-17	5.73407441610063	1.16818053683386	2.45427578841615
4.05999999999996	160	2	1.01257811881971	0.494060343697665	1	0.495298012662178	1	5.55111512312578e-17	5.73407441610063	1.16818053683386	2.45427578841613
4.06999999999996	160	2	1.01257811881971	0.494060343697665	1	0.495298012662178	1	5.55111512312578e-17	5.73407441610063	1.16818053683385	2.45427578841615
4.07999999999996	160	2	1.01257811881971	0.494060343697665	1	0.495298012662178	1	5.55111512312578e-17	5.73407441610063	1.16818053683385	2.45427578841617
4.08999999999996	160	2	1.01257811881971	0.494060343697665	1	0.495298012662178	1	1.0842021724855e-16	5.73407441610063	1.16818053683386	2.45427578841615
4.09999999999996	160	2	1.01257811881971	0.494060343697665	1	0.495298012662178	1	5.55111512312578e-17	5.73407441610063	1.16818053683385	2.45427578841616
4.10999999999996	160	1	1	1	0	1	0	-0.999999999999997	0	2.37883249044812	0.420374281928368
