#dist_cut	num_seqs	num_clusters	num_clusters(recip_simpson_index)	avg_intra_clust_phylo_dist_phylum(norm_shannon_index)	avg_inter_clust_phylo_dist_phylum(norm_shannon_index)	avg_intra_clust_phylo_dist_order(norm_shannon_index)	avg_inter_clust_phylo_dist_order(norm_shannon_index)	avg_silhouette_width	avg_inter_clust_dist	avg_intra_clust_dist	dunn_index
0	4	4	4	0	0	0	0.666666666666667	1	1.026171795	0	0.69694576
0.01	4	4	4	0	0	0	0.666666666666667	1	1.026171795	0	0.69694576
0.02	4	4	4	0	0	0	0.666666666666667	1	1.026171795	0	0.69694576
0.03	4	4	4	0	0	0	0.666666666666667	1	1.026171795	0	0.69694576
0.04	4	4	4	0	0	0	0.666666666666667	1	1.026171795	0	0.69694576
0.05	4	4	4	0	0	0	0.666666666666667	1	1.026171795	0	0.69694576
0.06	4	4	4	0	0	0	0.666666666666667	1	1.026171795	0	0.69694576
0.07	4	4	4	0	0	0	0.666666666666667	1	1.026171795	0	0.69694576
0.08	4	4	4	0	0	0	0.666666666666667	1	1.026171795	0	0.69694576
0.09	4	4	4	0	0	0	0.666666666666667	1	1.026171795	0	0.69694576
0.1	4	4	4	0	0	0	0.666666666666667	1	1.026171795	0	0.69694576
0.11	4	4	4	0	0	0	0.666666666666667	1	1.026171795	0	0.69694576
0.12	4	4	4	0	0	0	0.666666666666667	1	1.026171795	0	0.69694576
0.13	4	4	4	0	0	0	0.666666666666667	1	1.026171795	0	0.69694576
0.14	4	4	4	0	0	0	0.666666666666667	1	1.026171795	0	0.69694576
0.15	4	4	4	0	0	0	0.666666666666667	1	1.026171795	0	0.69694576
0.16	4	4	4	0	0	0	0.666666666666667	1	1.026171795	0	0.69694576
0.17	4	4	4	0	0	0	0.666666666666667	1	1.026171795	0	0.69694576
0.18	4	4	4	0	0	0	0.666666666666667	1	1.026171795	0	0.69694576
0.19	4	4	4	0	0	0	0.666666666666667	1	1.026171795	0	0.69694576
0.2	4	4	4	0	0	0	0.666666666666667	1	1.026171795	0	0.69694576
0.21	4	4	4	0	0	0	0.666666666666667	1	1.026171795	0	0.69694576
0.22	4	4	4	0	0	0	0.666666666666667	1	1.026171795	0	0.69694576
0.23	4	4	4	0	0	0	0.666666666666667	1	1.026171795	0	0.69694576
0.24	4	4	4	0	0	0	0.666666666666667	1	1.026171795	0	0.69694576
0.25	4	4	4	0	0	0	0.666666666666667	1	1.026171795	0	0.69694576
0.26	4	4	4	0	0	0	0.666666666666667	1	1.026171795	0	0.69694576
0.27	4	4	4	0	0	0	0.666666666666667	1	1.026171795	0	0.69694576
0.28	4	4	4	0	0	0	0.666666666666667	1	1.026171795	0	0.69694576
0.29	4	4	4	0	0	0	0.666666666666667	1	1.026171795	0	0.69694576
0.3	4	4	4	0	0	0	0.666666666666667	1	1.026171795	0	0.69694576
0.31	4	4	4	0	0	0	0.666666666666667	1	1.026171795	0	0.69694576
0.32	4	4	4	0	0	0	0.666666666666667	1	1.026171795	0	0.69694576
0.33	4	4	4	0	0	0	0.666666666666667	1	1.026171795	0	0.69694576
0.34	4	4	4	0	0	0	0.666666666666667	1	1.026171795	0	0.69694576
0.35	4	4	4	0	0	0	0.666666666666667	1	1.026171795	0	0.69694576
0.36	4	4	4	0	0	0	0.666666666666667	1	1.026171795	0	0.69694576
0.37	4	4	4	0	0	0	0.666666666666667	1	1.026171795	0	0.69694576
0.38	4	4	4	0	0	0	0.666666666666667	1	1.026171795	0	0.69694576
0.39	4	4	4	0	0	0	0.666666666666667	1	1.026171795	0	0.69694576
0.4	4	4	4	0	0	0	0.666666666666667	1	1.026171795	0	0.69694576
0.41	4	4	4	0	0	0	0.666666666666667	1	1.026171795	0	0.69694576
0.42	4	4	4	0	0	0	0.666666666666667	1	1.026171795	0	0.69694576
0.43	4	4	4	0	0	0	0.666666666666667	1	1.026171795	0	0.69694576
0.44	4	4	4	0	0	0	0.666666666666667	1	1.026171795	0	0.69694576
0.45	4	4	4	0	0	0	0.666666666666667	1	1.026171795	0	0.69694576
0.46	4	4	4	0	0	0	0.666666666666667	1	1.026171795	0	0.69694576
0.47	4	4	4	0	0	0	0.666666666666667	1	1.026171795	0	0.69694576
0.48	4	4	4	0	0	0	0.666666666666667	1	1.026171795	0	0.69694576
0.49	4	4	4	0	0	0	0.666666666666667	1	1.026171795	0	0.69694576
0.5	4	4	4	0	0	0	0.666666666666667	1	1.026171795	0	0.69694576
0.51	4	4	4	0	0	0	0.666666666666667	1	1.026171795	0	0.69694576
0.52	4	4	4	0	0	0	0.666666666666667	1	1.026171795	0	0.69694576
0.53	4	4	4	0	0	0	0.666666666666667	1	1.026171795	0	0.69694576
0.54	4	4	4	0	0	0	0.666666666666667	1	1.026171795	0	0.69694576
0.55	4	4	4	0	0	0	0.666666666666667	1	1.026171795	0	0.69694576
0.56	4	4	4	0	0	0	0.666666666666667	1	1.026171795	0	0.69694576
0.57	4	4	4	0	0	0	0.666666666666667	1	1.026171795	0	0.69694576
0.58	4	4	4	0	0	0	0.666666666666667	1	1.026171795	0	0.69694576
0.59	4	4	4	0	0	0	0.666666666666667	1	1.026171795	0	0.69694576
0.6	4	4	4	0	0	0	0.666666666666667	1	1.026171795	0	0.69694576
0.61	4	4	4	0	0	0	0.666666666666667	1	1.026171795	0	0.69694576
0.62	4	4	4	0	0	0	0.666666666666667	1	1.026171795	0	0.69694576
0.63	4	4	4	0	0	0	0.666666666666667	1	1.026171795	0	0.69694576
0.64	4	4	4	0	0	0	0.666666666666667	1	1.026171795	0	0.69694576
0.65	4	4	4	0	0	0	0.666666666666667	1	1.026171795	0	0.69694576
0.66	4	4	4	0	0	0	0.666666666666667	1	1.026171795	0	0.69694576
0.67	4	4	4	0	0	0	0.666666666666667	1	1.026171795	0	0.69694576
0.68	4	4	4	0	0	0	0.666666666666667	1	1.026171795	0	0.69694576
0.69	4	4	4	0	0	0	0.666666666666667	1	1.026171795	0	0.69694576
0.7	4	3	2.66666666666667	0	0	0.333333333333333	0.945530556036326	0.333333333333333	1.13591380666667	0.232315253333333	1.04205971494826
0.71	4	3	2.66666666666667	0	0	0.333333333333333	0.945530556036327	0.333333333333333	1.13591380666667	0.232315253333333	1.04205971494826
0.72	4	2	1.6	0	0	0.459147917027245	1	5.55111512312578e-17	1.33585560333333	0.358243993333333	1.86444940905173
0.73	4	2	1.6	0	0	0.459147917027245	1	5.55111512312578e-17	1.33585560333333	0.358243993333333	1.86444940905173
0.74	4	2	1.6	0	0	0.459147917027245	1	5.55111512312578e-17	1.33585560333333	0.358243993333333	1.86444940905173
0.75	4	2	1.6	0	0	0.459147917027245	1	0	1.33585560333333	0.358243993333333	1.86444940905173
0.76	4	2	1.6	0	0	0.459147917027245	1	0	1.33585560333333	0.358243993333333	1.86444940905173
0.77	4	2	1.6	0	0	0.459147917027245	1	0	1.33585560333333	0.358243993333333	1.86444940905173
0.78	4	2	1.6	0	0	0.459147917027245	1	0	1.33585560333333	0.358243993333333	1.86444940905173
0.79	4	2	1.6	0	0	0.459147917027245	1	0	1.33585560333333	0.358243993333333	1.86444940905173
0.8	4	2	1.6	0	0	0.459147917027245	1	0	1.33585560333333	0.358243993333333	1.86444940905173
0.81	4	2	1.6	0	0	0.459147917027245	1	5.55111512312578e-17	1.33585560333333	0.358243993333333	1.86444940905173
0.820000000000001	4	2	1.6	0	0	0.459147917027245	1	5.55111512312578e-17	1.33585560333333	0.358243993333333	1.86444940905173
0.830000000000001	4	2	1.6	0	0	0.459147917027245	1	5.55111512312578e-17	1.33585560333333	0.358243993333333	1.86444940905173
0.840000000000001	4	2	1.6	0	0	0.459147917027245	1	0	1.33585560333333	0.358243993333333	1.86444940905173
0.850000000000001	4	2	1.6	0	0	0.459147917027245	1	0	1.33585560333333	0.358243993333333	1.86444940905173
0.860000000000001	4	2	1.6	0	0	0.459147917027245	1	0	1.33585560333333	0.358243993333333	1.86444940905173
0.870000000000001	4	2	1.6	0	0	0.459147917027245	1	5.55111512312578e-17	1.33585560333333	0.358243993333333	1.86444940905173
0.880000000000001	4	2	1.6	0	0	0.459147917027245	1	5.55111512312578e-17	1.33585560333333	0.358243993333333	1.86444940905173
0.890000000000001	4	2	1.6	0	0	0.459147917027245	1	5.55111512312578e-17	1.33585560333333	0.358243993333333	1.86444940905173
0.900000000000001	4	2	1.6	0	0	0.459147917027245	1	5.55111512312578e-17	1.33585560333333	0.358243993333333	1.86444940905173
0.910000000000001	4	2	1.6	0	0	0.459147917027245	1	0	1.33585560333333	0.358243993333333	1.86444940905173
0.920000000000001	4	2	1.6	0	0	0.459147917027245	1	5.55111512312578e-17	1.33585560333333	0.358243993333333	1.86444940905173
0.930000000000001	4	2	1.6	0	0	0.459147917027245	1	0	1.33585560333333	0.358243993333333	1.86444940905173
0.940000000000001	4	2	1.6	0	0	0.459147917027245	1	5.55111512312578e-17	1.33585560333333	0.358243993333333	1.86444940905173
0.950000000000001	4	2	1.6	0	0	0.459147917027245	1	5.55111512312578e-17	1.33585560333333	0.358243993333333	1.86444940905173
0.960000000000001	4	2	1.6	0	0	0.459147917027245	1	5.55111512312578e-17	1.33585560333333	0.358243993333333	1.86444940905173
0.970000000000001	4	2	1.6	0	0	0.459147917027245	1	5.55111512312578e-17	1.33585560333333	0.358243993333333	1.86444940905173
0.980000000000001	4	2	1.6	0	0	0.459147917027245	1	0	1.33585560333333	0.358243993333333	1.86444940905173
0.990000000000001	4	2	1.6	0	0	0.459147917027245	1	0	1.33585560333333	0.358243993333333	1.86444940905173
1	4	2	1.6	0	0	0.459147917027245	1	0	1.33585560333333	0.358243993333333	1.86444940905173
1.01	4	2	1.6	0	0	0.459147917027245	1	0	1.33585560333333	0.358243993333333	1.86444940905173
1.02	4	2	1.6	0	0	0.459147917027245	1	0	1.33585560333333	0.358243993333333	1.86444940905173
1.03	4	2	1.6	0	0	0.459147917027245	1	5.55111512312578e-17	1.33585560333333	0.358243993333333	1.86444940905173
1.04	4	2	1.6	0	0	0.459147917027245	1	5.55111512312578e-17	1.33585560333333	0.358243993333333	1.86444940905173
1.05	4	2	1.6	0	0	0.459147917027245	1	5.55111512312578e-17	1.33585560333333	0.358243993333333	1.86444940905173
1.06	4	2	1.6	0	0	0.459147917027245	1	0	1.33585560333333	0.358243993333333	1.86444940905173
1.07	4	2	1.6	0	0	0.459147917027245	1	0	1.33585560333333	0.358243993333333	1.86444940905173
1.08	4	2	1.6	0	0	0.459147917027245	1	0	1.33585560333333	0.358243993333333	1.86444940905173
1.09	4	2	1.6	0	0	0.459147917027245	1	5.55111512312578e-17	1.33585560333333	0.358243993333333	1.86444940905173
1.1	4	2	1.6	0	0	0.459147917027245	1	5.55111512312578e-17	1.33585560333333	0.358243993333333	1.86444940905173
1.11	4	2	1.6	0	0	0.459147917027245	1	5.55111512312578e-17	1.33585560333333	0.358243993333333	1.86444940905173
1.12	4	2	1.6	0	0	0.459147917027245	1	5.55111512312578e-17	1.33585560333333	0.358243993333333	1.86444940905173
1.13	4	2	1.6	0	0	0.459147917027245	1	0	1.33585560333333	0.358243993333333	1.86444940905173
1.14	4	2	1.6	0	0	0.459147917027245	1	5.55111512312578e-17	1.33585560333333	0.358243993333333	1.86444940905173
1.15	4	2	1.6	0	0	0.459147917027245	1	5.55111512312578e-17	1.33585560333333	0.358243993333333	1.86444940905173
1.16	4	2	1.6	0	0	0.459147917027245	1	5.55111512312578e-17	1.33585560333333	0.358243993333333	1.86444940905173
1.17	4	2	1.6	0	0	0.459147917027245	1	5.55111512312578e-17	1.33585560333333	0.358243993333333	1.86444940905173
1.18	4	2	1.6	0	0	0.459147917027245	1	0	1.33585560333333	0.358243993333333	1.86444940905173
1.19	4	2	1.6	0	0	0.459147917027245	1	5.55111512312578e-17	1.33585560333333	0.358243993333333	1.86444940905173
1.2	4	2	1.6	0	0	0.459147917027245	1	5.55111512312578e-17	1.33585560333333	0.358243993333333	1.86444940905173
1.21	4	2	1.6	0	0	0.459147917027245	1	0	1.33585560333333	0.358243993333333	1.86444940905173
1.22	4	2	1.6	0	0	0.459147917027245	1	0	1.33585560333333	0.358243993333333	1.86444940905173
1.23	4	2	1.6	0	0	0.459147917027245	1	0	1.33585560333333	0.358243993333333	1.86444940905173
1.24	4	2	1.6	0	0	0.459147917027245	1	5.55111512312578e-17	1.33585560333333	0.358243993333333	1.86444940905173
1.25	4	2	1.6	0	0	0.459147917027245	1	0	1.33585560333333	0.358243993333333	1.86444940905173
1.26	4	2	1.6	0	0	0.459147917027245	1	0	1.33585560333333	0.358243993333333	1.86444940905173
1.27	4	2	1.6	0	0	0.459147917027245	1	5.55111512312578e-17	1.33585560333333	0.358243993333333	1.86444940905173
1.28	4	2	1.6	0	0	0.459147917027245	1	0	1.33585560333333	0.358243993333333	1.86444940905173
1.29	4	2	1.6	0	0	0.459147917027245	1	0	1.33585560333333	0.358243993333333	1.86444940905173
1.3	4	2	1.6	0	0	0.459147917027245	1	5.55111512312578e-17	1.33585560333333	0.358243993333333	1.86444940905173
1.31	4	2	1.6	0	0	0.459147917027245	1	0	1.33585560333333	0.358243993333333	1.86444940905173
1.32	4	1	1	0	0	1	0	-1	0	1.026171795	0.97449569835429
1.33	4	1	1	0	0	1	0	-1	0	1.026171795	0.97449569835429
1.34	4	1	1	0	0	1	0	-1	0	1.026171795	0.97449569835429
1.35	4	1	1	0	0	1	0	-1	0	1.026171795	0.97449569835429
1.36	4	1	1	0	0	1	0	-1	0	1.026171795	0.97449569835429
1.37	4	1	1	0	0	1	0	-1	0	1.026171795	0.97449569835429
1.38	4	1	1	0	0	1	0	-1	0	1.026171795	0.97449569835429
1.39	4	1	1	0	0	1	0	-1	0	1.026171795	0.97449569835429
1.4	4	1	1	0	0	1	0	-1	0	1.026171795	0.97449569835429
1.41	4	1	1	0	0	1	0	-1	0	1.026171795	0.97449569835429
1.42	4	1	1	0	0	1	0	-1	0	1.026171795	0.97449569835429
1.43	4	1	1	0	0	1	0	-1	0	1.026171795	0.97449569835429
1.44	4	1	1	0	0	1	0	-1	0	1.026171795	0.97449569835429
1.45	4	1	1	0	0	1	0	-1	0	1.026171795	0.97449569835429
1.46	4	1	1	0	0	1	0	-1	0	1.026171795	0.97449569835429
1.47	4	1	1	0	0	1	0	-1	0	1.026171795	0.97449569835429
1.48	4	1	1	0	0	1	0	-1	0	1.026171795	0.97449569835429
1.49	4	1	1	0	0	1	0	-1	0	1.026171795	0.97449569835429
1.5	4	1	1	0	0	1	0	-1	0	1.026171795	0.97449569835429
1.51	4	1	1	0	0	1	0	-1	0	1.026171795	0.97449569835429
1.52	4	1	1	0	0	1	0	-1	0	1.026171795	0.97449569835429
1.53	4	1	1	0	0	1	0	-1	0	1.026171795	0.97449569835429
1.54	4	1	1	0	0	1	0	-1	0	1.026171795	0.97449569835429
1.55	4	1	1	0	0	1	0	-1	0	1.026171795	0.97449569835429
1.56	4	1	1	0	0	1	0	-1	0	1.026171795	0.97449569835429
1.57	4	1	1	0	0	1	0	-1	0	1.026171795	0.97449569835429
1.58	4	1	1	0	0	1	0	-1	0	1.026171795	0.97449569835429
1.59	4	1	1	0	0	1	0	-1	0	1.026171795	0.97449569835429
1.6	4	1	1	0	0	1	0	-1	0	1.026171795	0.97449569835429
1.61	4	1	1	0	0	1	0	-1	0	1.026171795	0.97449569835429
1.62	4	1	1	0	0	1	0	-1	0	1.026171795	0.97449569835429
1.63	4	1	1	0	0	1	0	-1	0	1.026171795	0.97449569835429
1.64	4	1	1	0	0	1	0	-1	0	1.026171795	0.97449569835429
1.65	4	1	1	0	0	1	0	-1	0	1.026171795	0.97449569835429
1.66	4	1	1	0	0	1	0	-1	0	1.026171795	0.97449569835429
1.67	4	1	1	0	0	1	0	-1	0	1.026171795	0.97449569835429
1.68	4	1	1	0	0	1	0	-1	0	1.026171795	0.97449569835429
1.69	4	1	1	0	0	1	0	-1	0	1.026171795	0.97449569835429
1.7	4	1	1	0	0	1	0	-1	0	1.026171795	0.97449569835429
1.71	4	1	1	0	0	1	0	-1	0	1.026171795	0.97449569835429
1.72	4	1	1	0	0	1	0	-1	0	1.026171795	0.97449569835429
1.73	4	1	1	0	0	1	0	-1	0	1.026171795	0.97449569835429
1.74	4	1	1	0	0	1	0	-1	0	1.026171795	0.97449569835429
1.75	4	1	1	0	0	1	0	-1	0	1.026171795	0.97449569835429
1.76	4	1	1	0	0	1	0	-1	0	1.026171795	0.97449569835429
1.77	4	1	1	0	0	1	0	-1	0	1.026171795	0.97449569835429
1.78	4	1	1	0	0	1	0	-1	0	1.026171795	0.97449569835429
