#dist_cut	num_seqs	num_clusters	num_clusters(recip_simpson_index)	avg_intra_clust_phylo_dist_phylum(norm_shannon_index)	avg_inter_clust_phylo_dist_phylum(norm_shannon_index)	avg_intra_clust_phylo_dist_order(norm_shannon_index)	avg_inter_clust_phylo_dist_order(norm_shannon_index)	avg_silhouette_width	avg_inter_clust_dist	avg_intra_clust_dist	dunn_index
0	3	3	3	0	0	0	0.725982457878719	1	0.986318273333333	0	0.70138912
0.01	3	3	3	0	0	0	0.725982457878719	1	0.986318273333333	0	0.70138912
0.02	3	3	3	0	0	0	0.725982457878719	1	0.986318273333333	0	0.70138912
0.03	3	3	3	0	0	0	0.725982457878719	1	0.986318273333333	0	0.70138912
0.04	3	3	3	0	0	0	0.725982457878719	1	0.986318273333333	0	0.70138912
0.05	3	3	3	0	0	0	0.725982457878719	1	0.986318273333333	0	0.70138912
0.06	3	3	3	0	0	0	0.725982457878719	1	0.986318273333333	0	0.70138912
0.07	3	3	3	0	0	0	0.725982457878719	1	0.986318273333333	0	0.70138912
0.08	3	3	3	0	0	0	0.725982457878719	1	0.986318273333333	0	0.70138912
0.09	3	3	3	0	0	0	0.725982457878719	1	0.986318273333333	0	0.70138912
0.1	3	3	3	0	0	0	0.725982457878719	1	0.986318273333333	0	0.70138912
0.11	3	3	3	0	0	0	0.725982457878719	1	0.986318273333333	0	0.70138912
0.12	3	3	3	0	0	0	0.725982457878719	1	0.986318273333333	0	0.70138912
0.13	3	3	3	0	0	0	0.725982457878719	1	0.986318273333333	0	0.70138912
0.14	3	3	3	0	0	0	0.725982457878719	1	0.986318273333333	0	0.70138912
0.15	3	3	3	0	0	0	0.725982457878719	1	0.986318273333333	0	0.70138912
0.16	3	3	3	0	0	0	0.725982457878719	1	0.986318273333333	0	0.70138912
0.17	3	3	3	0	0	0	0.725982457878719	1	0.986318273333333	0	0.70138912
0.18	3	3	3	0	0	0	0.725982457878719	1	0.986318273333333	0	0.70138912
0.19	3	3	3	0	0	0	0.725982457878719	1	0.986318273333333	0	0.70138912
0.2	3	3	3	0	0	0	0.725982457878719	1	0.986318273333333	0	0.70138912
0.21	3	3	3	0	0	0	0.725982457878719	1	0.986318273333333	0	0.70138912
0.22	3	3	3	0	0	0	0.725982457878719	1	0.986318273333333	0	0.70138912
0.23	3	3	3	0	0	0	0.725982457878719	1	0.986318273333333	0	0.70138912
0.24	3	3	3	0	0	0	0.725982457878719	1	0.986318273333333	0	0.70138912
0.25	3	3	3	0	0	0	0.725982457878719	1	0.986318273333333	0	0.70138912
0.26	3	3	3	0	0	0	0.725982457878719	1	0.986318273333333	0	0.70138912
0.27	3	3	3	0	0	0	0.725982457878719	1	0.986318273333333	0	0.70138912
0.28	3	3	3	0	0	0	0.725982457878719	1	0.986318273333333	0	0.70138912
0.29	3	3	3	0	0	0	0.725982457878719	1	0.986318273333333	0	0.70138912
0.3	3	3	3	0	0	0	0.725982457878719	1	0.986318273333333	0	0.70138912
0.31	3	3	3	0	0	0	0.725982457878719	1	0.986318273333333	0	0.70138912
0.32	3	3	3	0	0	0	0.725982457878719	1	0.986318273333333	0	0.70138912
0.33	3	3	3	0	0	0	0.725982457878719	1	0.986318273333333	0	0.70138912
0.34	3	3	3	0	0	0	0.725982457878719	1	0.986318273333333	0	0.70138912
0.35	3	3	3	0	0	0	0.725982457878719	1	0.986318273333333	0	0.70138912
0.36	3	3	3	0	0	0	0.725982457878719	1	0.986318273333333	0	0.70138912
0.37	3	3	3	0	0	0	0.725982457878719	1	0.986318273333333	0	0.70138912
0.38	3	3	3	0	0	0	0.725982457878719	1	0.986318273333333	0	0.70138912
0.39	3	3	3	0	0	0	0.725982457878719	1	0.986318273333333	0	0.70138912
0.4	3	3	3	0	0	0	0.725982457878719	1	0.986318273333333	0	0.70138912
0.41	3	3	3	0	0	0	0.725982457878719	1	0.986318273333333	0	0.70138912
0.42	3	3	3	0	0	0	0.725982457878719	1	0.986318273333333	0	0.70138912
0.43	3	2	1.8	0	0	0	1	0	1.12878285	0.35069456	1.60935323604678
0.44	3	2	1.8	0	0	0	1	0	1.12878285	0.35069456	1.60935323604678
0.45	3	2	1.8	0	0	0	1	0	1.12878285	0.35069456	1.60935323604678
0.46	3	2	1.8	0	0	0	1	0	1.12878285	0.35069456	1.60935323604678
0.47	3	2	1.8	0	0	0	1	0	1.12878285	0.35069456	1.60935323604678
0.48	3	2	1.8	0	0	0	1	0	1.12878285	0.35069456	1.60935323604678
0.49	3	2	1.8	0	0	0	1	0	1.12878285	0.35069456	1.60935323604678
0.5	3	2	1.8	0	0	0	1	0	1.12878285	0.35069456	1.60935323604678
0.51	3	2	1.8	0	0	0	1	0	1.12878285	0.35069456	1.60935323604678
0.52	3	2	1.8	0	0	0	1	0	1.12878285	0.35069456	1.60935323604678
0.53	3	2	1.8	0	0	0	1	0	1.12878285	0.35069456	1.60935323604678
0.54	3	2	1.8	0	0	0	1	0	1.12878285	0.35069456	1.60935323604678
0.55	3	2	1.8	0	0	0	1	0	1.12878285	0.35069456	1.60935323604678
0.56	3	2	1.8	0	0	0	1	0	1.12878285	0.35069456	1.60935323604678
0.57	3	2	1.8	0	0	0	1	0	1.12878285	0.35069456	1.60935323604678
0.58	3	2	1.8	0	0	0	1	0	1.12878285	0.35069456	1.60935323604678
0.59	3	2	1.8	0	0	0	1	0	1.12878285	0.35069456	1.60935323604678
0.6	3	2	1.8	0	0	0	1	0	1.12878285	0.35069456	1.60935323604678
0.61	3	2	1.8	0	0	0	1	0	1.12878285	0.35069456	1.60935323604678
0.62	3	2	1.8	0	0	0	1	0	1.12878285	0.35069456	1.60935323604678
0.63	3	2	1.8	0	0	0	1	0	1.12878285	0.35069456	1.60935323604678
0.64	3	2	1.8	0	0	0	1	0	1.12878285	0.35069456	1.60935323604678
0.65	3	2	1.8	0	0	0	1	0	1.12878285	0.35069456	1.60935323604678
0.66	3	2	1.8	0	0	0	1	0	1.12878285	0.35069456	1.60935323604678
0.67	3	2	1.8	0	0	0	1	0	1.12878285	0.35069456	1.60935323604678
0.68	3	2	1.8	0	0	0	1	0	1.12878285	0.35069456	1.60935323604678
0.69	3	2	1.8	0	0	0	1	0	1.12878285	0.35069456	1.60935323604678
0.7	3	2	1.8	0	0	0	1	0	1.12878285	0.35069456	1.60935323604678
0.71	3	2	1.8	0	0	0	1	0	1.12878285	0.35069456	1.60935323604678
0.72	3	2	1.8	0	0	0	1	0	1.12878285	0.35069456	1.60935323604678
0.73	3	2	1.8	0	0	0	1	0	1.12878285	0.35069456	1.60935323604678
0.74	3	2	1.8	0	0	0	1	0	1.12878285	0.35069456	1.60935323604678
0.75	3	2	1.8	0	0	0	1	0	1.12878285	0.35069456	1.60935323604678
0.76	3	2	1.8	0	0	0	1	0	1.12878285	0.35069456	1.60935323604678
0.77	3	2	1.8	0	0	0	1	0	1.12878285	0.35069456	1.60935323604678
0.78	3	2	1.8	0	0	0	1	0	1.12878285	0.35069456	1.60935323604678
0.79	3	2	1.8	0	0	0	1	0	1.12878285	0.35069456	1.60935323604678
0.8	3	2	1.8	0	0	0	1	0	1.12878285	0.35069456	1.60935323604678
0.81	3	2	1.8	0	0	0	1	0	1.12878285	0.35069456	1.60935323604678
0.820000000000001	3	2	1.8	0	0	0	1	0	1.12878285	0.35069456	1.60935323604678
0.830000000000001	3	2	1.8	0	0	0	1	0	1.12878285	0.35069456	1.60935323604678
0.840000000000001	3	2	1.8	0	0	0	1	0	1.12878285	0.35069456	1.60935323604678
0.850000000000001	3	2	1.8	0	0	0	1	0	1.12878285	0.35069456	1.60935323604678
0.860000000000001	3	2	1.8	0	0	0	1	0	1.12878285	0.35069456	1.60935323604678
0.870000000000001	3	1	1	0	0	1	0	-1	0	0.986318273333333	1.01387151291482
0.880000000000001	3	1	1	0	0	1	0	-1	0	0.986318273333333	1.01387151291482
0.890000000000001	3	1	1	0	0	1	0	-1	0	0.986318273333333	1.01387151291482
0.900000000000001	3	1	1	0	0	1	0	-1	0	0.986318273333333	1.01387151291482
0.910000000000001	3	1	1	0	0	1	0	-1	0	0.986318273333333	1.01387151291482
0.920000000000001	3	1	1	0	0	1	0	-1	0	0.986318273333333	1.01387151291482
0.930000000000001	3	1	1	0	0	1	0	-1	0	0.986318273333333	1.01387151291482
0.940000000000001	3	1	1	0	0	1	0	-1	0	0.986318273333333	1.01387151291482
0.950000000000001	3	1	1	0	0	1	0	-1	0	0.986318273333333	1.01387151291482
0.960000000000001	3	1	1	0	0	1	0	-1	0	0.986318273333333	1.01387151291482
0.970000000000001	3	1	1	0	0	1	0	-1	0	0.986318273333333	1.01387151291482
0.980000000000001	3	1	1	0	0	1	0	-1	0	0.986318273333333	1.01387151291482
0.990000000000001	3	1	1	0	0	1	0	-1	0	0.986318273333333	1.01387151291482
1	3	1	1	0	0	1	0	-1	0	0.986318273333333	1.01387151291482
1.01	3	1	1	0	0	1	0	-1	0	0.986318273333333	1.01387151291482
1.02	3	1	1	0	0	1	0	-1	0	0.986318273333333	1.01387151291482
1.03	3	1	1	0	0	1	0	-1	0	0.986318273333333	1.01387151291482
1.04	3	1	1	0	0	1	0	-1	0	0.986318273333333	1.01387151291482
1.05	3	1	1	0	0	1	0	-1	0	0.986318273333333	1.01387151291482
1.06	3	1	1	0	0	1	0	-1	0	0.986318273333333	1.01387151291482
1.07	3	1	1	0	0	1	0	-1	0	0.986318273333333	1.01387151291482
1.08	3	1	1	0	0	1	0	-1	0	0.986318273333333	1.01387151291482
1.09	3	1	1	0	0	1	0	-1	0	0.986318273333333	1.01387151291482
1.1	3	1	1	0	0	1	0	-1	0	0.986318273333333	1.01387151291482
1.11	3	1	1	0	0	1	0	-1	0	0.986318273333333	1.01387151291482
1.12	3	1	1	0	0	1	0	-1	0	0.986318273333333	1.01387151291482
1.13	3	1	1	0	0	1	0	-1	0	0.986318273333333	1.01387151291482
1.14	3	1	1	0	0	1	0	-1	0	0.986318273333333	1.01387151291482
1.15	3	1	1	0	0	1	0	-1	0	0.986318273333333	1.01387151291482
1.16	3	1	1	0	0	1	0	-1	0	0.986318273333333	1.01387151291482
1.17	3	1	1	0	0	1	0	-1	0	0.986318273333333	1.01387151291482
1.18	3	1	1	0	0	1	0	-1	0	0.986318273333333	1.01387151291482
1.19	3	1	1	0	0	1	0	-1	0	0.986318273333333	1.01387151291482
1.2	3	1	1	0	0	1	0	-1	0	0.986318273333333	1.01387151291482
1.21	3	1	1	0	0	1	0	-1	0	0.986318273333333	1.01387151291482
1.22	3	1	1	0	0	1	0	-1	0	0.986318273333333	1.01387151291482
1.23	3	1	1	0	0	1	0	-1	0	0.986318273333333	1.01387151291482
1.24	3	1	1	0	0	1	0	-1	0	0.986318273333333	1.01387151291482
1.25	3	1	1	0	0	1	0	-1	0	0.986318273333333	1.01387151291482
1.26	3	1	1	0	0	1	0	-1	0	0.986318273333333	1.01387151291482
1.27	3	1	1	0	0	1	0	-1	0	0.986318273333333	1.01387151291482
1.28	3	1	1	0	0	1	0	-1	0	0.986318273333333	1.01387151291482
1.29	3	1	1	0	0	1	0	-1	0	0.986318273333333	1.01387151291482
1.3	3	1	1	0	0	1	0	-1	0	0.986318273333333	1.01387151291482
1.31	3	1	1	0	0	1	0	-1	0	0.986318273333333	1.01387151291482
1.32	3	1	1	0	0	1	0	-1	0	0.986318273333333	1.01387151291482
1.33	3	1	1	0	0	1	0	-1	0	0.986318273333333	1.01387151291482
1.34	3	1	1	0	0	1	0	-1	0	0.986318273333333	1.01387151291482
1.35	3	1	1	0	0	1	0	-1	0	0.986318273333333	1.01387151291482
1.36	3	1	1	0	0	1	0	-1	0	0.986318273333333	1.01387151291482
1.37	3	1	1	0	0	1	0	-1	0	0.986318273333333	1.01387151291482
1.38	3	1	1	0	0	1	0	-1	0	0.986318273333333	1.01387151291482
1.39	3	1	1	0	0	1	0	-1	0	0.986318273333333	1.01387151291482
1.4	3	1	1	0	0	1	0	-1	0	0.986318273333333	1.01387151291482
1.41	3	1	1	0	0	1	0	-1	0	0.986318273333333	1.01387151291482
1.42	3	1	1	0	0	1	0	-1	0	0.986318273333333	1.01387151291482
1.43	3	1	1	0	0	1	0	-1	0	0.986318273333333	1.01387151291482
1.44	3	1	1	0	0	1	0	-1	0	0.986318273333333	1.01387151291482
1.45	3	1	1	0	0	1	0	-1	0	0.986318273333333	1.01387151291482
1.46	3	1	1	0	0	1	0	-1	0	0.986318273333333	1.01387151291482
1.47	3	1	1	0	0	1	0	-1	0	0.986318273333333	1.01387151291482
1.48	3	1	1	0	0	1	0	-1	0	0.986318273333333	1.01387151291482
1.49	3	1	1	0	0	1	0	-1	0	0.986318273333333	1.01387151291482
1.5	3	1	1	0	0	1	0	-1	0	0.986318273333333	1.01387151291482
1.51	3	1	1	0	0	1	0	-1	0	0.986318273333333	1.01387151291482
1.52	3	1	1	0	0	1	0	-1	0	0.986318273333333	1.01387151291482
1.53	3	1	1	0	0	1	0	-1	0	0.986318273333333	1.01387151291482
1.54	3	1	1	0	0	1	0	-1	0	0.986318273333333	1.01387151291482
1.55	3	1	1	0	0	1	0	-1	0	0.986318273333333	1.01387151291482
1.56	3	1	1	0	0	1	0	-1	0	0.986318273333333	1.01387151291482
1.57	3	1	1	0	0	1	0	-1	0	0.986318273333333	1.01387151291482
1.58	3	1	1	0	0	1	0	-1	0	0.986318273333333	1.01387151291482
1.59	3	1	1	0	0	1	0	-1	0	0.986318273333333	1.01387151291482
1.6	3	1	1	0	0	1	0	-1	0	0.986318273333333	1.01387151291482
1.61	3	1	1	0	0	1	0	-1	0	0.986318273333333	1.01387151291482
1.62	3	1	1	0	0	1	0	-1	0	0.986318273333333	1.01387151291482
1.63	3	1	1	0	0	1	0	-1	0	0.986318273333333	1.01387151291482
1.64	3	1	1	0	0	1	0	-1	0	0.986318273333333	1.01387151291482
1.65	3	1	1	0	0	1	0	-1	0	0.986318273333333	1.01387151291482
1.66	3	1	1	0	0	1	0	-1	0	0.986318273333333	1.01387151291482
1.67	3	1	1	0	0	1	0	-1	0	0.986318273333333	1.01387151291482
1.68	3	1	1	0	0	1	0	-1	0	0.986318273333333	1.01387151291482
1.69	3	1	1	0	0	1	0	-1	0	0.986318273333333	1.01387151291482
1.7	3	1	1	0	0	1	0	-1	0	0.986318273333333	1.01387151291482
1.71	3	1	1	0	0	1	0	-1	0	0.986318273333333	1.01387151291482
1.72	3	1	1	0	0	1	0	-1	0	0.986318273333333	1.01387151291482
1.73	3	1	1	0	0	1	0	-1	0	0.986318273333333	1.01387151291482
1.74	3	1	1	0	0	1	0	-1	0	0.986318273333333	1.01387151291482
1.75	3	1	1	0	0	1	0	-1	0	0.986318273333333	1.01387151291482
1.76	3	1	1	0	0	1	0	-1	0	0.986318273333333	1.01387151291482
1.77	3	1	1	0	0	1	0	-1	0	0.986318273333333	1.01387151291482
1.78	3	1	1	0	0	1	0	-1	0	0.986318273333333	1.01387151291482
1.79	3	1	1	0	0	1	0	-1	0	0.986318273333333	1.01387151291482
1.8	3	1	1	0	0	1	0	-1	0	0.986318273333333	1.01387151291482
