#dist_cut	num_seqs	num_clusters	num_clusters(recip_simpson_index)	avg_intra_clust_phylo_dist_phylum(norm_shannon_index)	avg_inter_clust_phylo_dist_phylum(norm_shannon_index)	avg_intra_clust_phylo_dist_order(norm_shannon_index)	avg_inter_clust_phylo_dist_order(norm_shannon_index)	avg_silhouette_width	avg_inter_clust_dist	avg_intra_clust_dist	dunn_index
0	6	6	6	0	0	0	0.512802823767298	1	0.947178066666667	0	0.14227425
0.01	6	6	6	0	0	0	0.512802823767298	1	0.947178066666667	0	0.14227425
0.02	6	6	6	0	0	0	0.512802823767298	1	0.947178066666667	0	0.14227425
0.03	6	6	6	0	0	0	0.512802823767298	1	0.947178066666667	0	0.14227425
0.04	6	6	6	0	0	0	0.512802823767298	1	0.947178066666667	0	0.14227425
0.05	6	6	6	0	0	0	0.512802823767298	1	0.947178066666666	0	0.14227425
0.06	6	6	6	0	0	0	0.512802823767298	1	0.947178066666667	0	0.14227425
0.07	6	6	6	0	0	0	0.512802823767298	1	0.947178066666667	0	0.14227425
0.08	6	6	6	0	0	0	0.512802823767298	1	0.947178066666667	0	0.14227425
0.09	6	6	6	0	0	0	0.512802823767298	1	0.947178066666667	0	0.14227425
0.1	6	6	6	0	0	0	0.512802823767298	1	0.947178066666667	0	0.14227425
0.11	6	6	6	0	0	0	0.512802823767298	1	0.947178066666667	0	0.14227425
0.12	6	6	6	0	0	0	0.512802823767298	1	0.947178066666667	0	0.14227425
0.13	6	6	6	0	0	0	0.512802823767298	1	0.947178066666667	0	0.14227425
0.14	6	6	6	0	0	0	0.512802823767298	1	0.947178066666667	0	0.14227425
0.15	6	5	4.5	0	0	0	0.602793950417635	0.6	1.08690485	0.02845485	1.35699436124246
0.16	6	5	4.5	0	0	0	0.602793950417635	0.6	1.08690485	0.02845485	1.35699436124246
0.17	6	5	4.5	0	0	0	0.602793950417635	0.6	1.08690485	0.02845485	1.35699436124246
0.18	6	5	4.5	0	0	0	0.602793950417635	0.6	1.08690485	0.02845485	1.35699436124246
0.19	6	4	3	0	0	0	0.720815680308939	0.582406961777174	1.25442358666667	0.0477484566666667	1.13838832975893
0.2	6	4	3	0	0	0	0.720815680308939	0.582406961777174	1.25442358666667	0.0477484566666667	1.13838832975893
0.21	6	4	3	0	0	0	0.720815680308939	0.582406961777174	1.25442358666667	0.0477484566666667	1.13838832975893
0.22	6	4	3	0	0	0	0.720815680308939	0.582406961777174	1.25442358666667	0.0477484566666667	1.13838832975893
0.23	6	3	2	0	0	0	0.883009589382484	0.333333333333333	1.47760684833333	0.0680698283333333	6.1086630354119
0.24	6	3	2	0	0	0	0.883009589382484	0.333333333333333	1.47760684833333	0.0680698283333333	6.1086630354119
0.25	6	3	2	0	0	0	0.883009589382484	0.333333333333333	1.47760684833333	0.0680698283333333	6.1086630354119
0.26	6	3	2	0	0	0	0.883009589382484	0.333333333333333	1.47760684833333	0.0680698283333333	6.10866303541189
0.27	6	3	2	0	0	0	0.883009589382484	0.333333333333333	1.47760684833333	0.0680698283333333	6.1086630354119
0.28	6	3	2	0	0	0	0.883009589382484	0.333333333333333	1.47760684833333	0.0680698283333333	6.1086630354119
0.29	6	3	2	0	0	0	0.883009589382484	0.333333333333333	1.47760684833333	0.0680698283333333	6.1086630354119
0.3	6	3	2	0	0	0	0.883009589382484	0.333333333333333	1.47760684833333	0.0680698283333333	6.1086630354119
0.31	6	3	2	0	0	0	0.883009589382484	0.333333333333333	1.47760684833333	0.0680698283333333	6.1086630354119
0.32	6	3	2	0	0	0	0.883009589382484	0.333333333333333	1.47760684833333	0.0680698283333333	6.1086630354119
0.33	6	3	2	0	0	0	0.883009589382484	0.333333333333333	1.47760684833333	0.0680698283333333	6.10866303541189
0.34	6	3	2	0	0	0	0.883009589382484	0.333333333333333	1.47760684833333	0.0680698283333333	6.1086630354119
0.35	6	3	2	0	0	0	0.883009589382484	0.333333333333333	1.47760684833333	0.0680698283333333	6.1086630354119
0.36	6	3	2	0	0	0	0.883009589382484	0.333333333333333	1.47760684833333	0.0680698283333333	6.1086630354119
0.37	6	3	2	0	0	0	0.883009589382484	0.333333333333333	1.47760684833333	0.0680698283333333	6.10866303541189
0.38	6	3	2	0	0	0	0.883009589382484	0.333333333333333	1.47760684833333	0.0680698283333333	6.1086630354119
0.39	6	3	2	0	0	0	0.883009589382484	0.333333333333333	1.47760684833333	0.0680698283333333	6.1086630354119
0.4	6	3	2	0	0	0	0.883009589382484	0.333333333333333	1.47760684833333	0.0680698283333333	6.10866303541189
0.41	6	3	2	0	0	0	0.883009589382484	0.333333333333333	1.47760684833333	0.0680698283333333	6.1086630354119
0.42	6	3	2	0	0	0	0.883009589382484	0.333333333333333	1.47760684833333	0.0680698283333333	6.1086630354119
0.43	6	3	2	0	0	0	0.883009589382484	0.333333333333333	1.47760684833333	0.0680698283333333	6.1086630354119
0.44	6	3	2	0	0	0	0.883009589382484	0.333333333333333	1.47760684833333	0.0680698283333333	6.1086630354119
0.45	6	3	2	0	0	0	0.883009589382484	0.333333333333333	1.47760684833333	0.0680698283333333	6.1086630354119
0.46	6	3	2	0	0	0	0.883009589382484	0.333333333333333	1.47760684833333	0.0680698283333333	6.1086630354119
0.47	6	3	2	0	0	0	0.883009589382484	0.333333333333333	1.47760684833333	0.0680698283333333	6.10866303541189
0.48	6	3	2	0	0	0	0.883009589382484	0.333333333333333	1.47760684833333	0.0680698283333333	6.1086630354119
0.49	6	3	2	0	0	0	0.883009589382484	0.333333333333333	1.47760684833333	0.0680698283333333	6.1086630354119
0.5	6	3	2	0	0	0	0.883009589382484	0.333333333333333	1.47760684833333	0.0680698283333333	6.1086630354119
0.51	6	3	2	0	0	0	0.883009589382484	0.333333333333333	1.47760684833333	0.0680698283333333	6.1086630354119
0.52	6	3	2	0	0	0	0.883009589382484	0.333333333333333	1.47760684833333	0.0680698283333333	6.1086630354119
0.53	6	3	2	0	0	0	0.883009589382484	0.333333333333333	1.47760684833333	0.0680698283333333	6.1086630354119
0.54	6	3	2	0	0	0	0.883009589382484	0.333333333333333	1.47760684833333	0.0680698283333333	6.10866303541189
0.55	6	3	2	0	0	0	0.883009589382484	0.333333333333333	1.47760684833333	0.0680698283333333	6.1086630354119
0.56	6	3	2	0	0	0	0.883009589382484	0.333333333333333	1.47760684833333	0.0680698283333333	6.1086630354119
0.57	6	3	2	0	0	0	0.883009589382484	0.333333333333333	1.47760684833333	0.0680698283333333	6.1086630354119
0.58	6	3	2	0	0	0	0.883009589382484	0.333333333333333	1.47760684833333	0.0680698283333333	6.1086630354119
0.59	6	3	2	0	0	0	0.883009589382484	0.333333333333333	1.47760684833333	0.0680698283333333	6.1086630354119
0.6	6	3	2	0	0	0	0.883009589382484	0.333333333333333	1.47760684833333	0.0680698283333333	6.1086630354119
0.61	6	3	2	0	0	0	0.883009589382484	0.333333333333333	1.47760684833333	0.0680698283333333	6.1086630354119
0.62	6	3	2	0	0	0	0.883009589382484	0.333333333333333	1.47760684833333	0.0680698283333333	6.1086630354119
0.63	6	3	2	0	0	0	0.883009589382484	0.333333333333333	1.47760684833333	0.0680698283333333	6.1086630354119
0.64	6	3	2	0	0	0	0.883009589382484	0.333333333333333	1.47760684833333	0.0680698283333333	6.10866303541189
0.65	6	3	2	0	0	0	0.883009589382484	0.333333333333333	1.47760684833333	0.0680698283333333	6.1086630354119
0.66	6	3	2	0	0	0	0.883009589382484	0.333333333333333	1.47760684833333	0.0680698283333333	6.10866303541189
0.67	6	3	2	0	0	0	0.883009589382484	0.333333333333333	1.47760684833333	0.0680698283333333	6.10866303541189
0.68	6	3	2	0	0	0	0.883009589382484	0.333333333333333	1.47760684833333	0.0680698283333333	6.1086630354119
0.69	6	3	2	0	0	0	0.883009589382484	0.333333333333333	1.47760684833333	0.0680698283333333	6.1086630354119
0.7	6	3	2	0	0	0	0.883009589382484	0.333333333333333	1.47760684833333	0.0680698283333333	6.1086630354119
0.71	6	3	2	0	0	0	0.883009589382484	0.333333333333333	1.47760684833333	0.0680698283333333	6.1086630354119
0.72	6	3	2	0	0	0	0.883009589382484	0.333333333333333	1.47760684833333	0.0680698283333333	6.1086630354119
0.73	6	3	2	0	0	0	0.883009589382484	0.333333333333333	1.47760684833333	0.0680698283333333	6.10866303541189
0.74	6	3	2	0	0	0	0.883009589382484	0.333333333333333	1.47760684833333	0.0680698283333333	6.1086630354119
0.75	6	3	2	0	0	0	0.883009589382484	0.333333333333333	1.47760684833333	0.0680698283333333	6.1086630354119
0.76	6	3	2	0	0	0	0.883009589382484	0.333333333333333	1.47760684833333	0.0680698283333333	6.1086630354119
0.77	6	3	2	0	0	0	0.883009589382484	0.333333333333333	1.47760684833333	0.0680698283333333	6.10866303541189
0.78	6	3	2	0	0	0	0.883009589382484	0.333333333333333	1.47760684833333	0.0680698283333333	6.10866303541189
0.79	6	3	2	0	0	0	0.883009589382484	0.333333333333333	1.47760684833333	0.0680698283333333	6.10866303541189
0.8	6	3	2	0	0	0	0.883009589382484	0.333333333333333	1.47760684833333	0.0680698283333333	6.1086630354119
0.81	6	3	2	0	0	0	0.883009589382484	0.333333333333333	1.47760684833333	0.0680698283333333	6.1086630354119
0.820000000000001	6	3	2	0	0	0	0.883009589382484	0.333333333333333	1.47760684833333	0.0680698283333333	6.10866303541189
0.830000000000001	6	3	2	0	0	0	0.883009589382484	0.333333333333333	1.47760684833333	0.0680698283333333	6.1086630354119
0.840000000000001	6	3	2	0	0	0	0.883009589382484	0.333333333333333	1.47760684833333	0.0680698283333333	6.1086630354119
0.850000000000001	6	3	2	0	0	0	0.883009589382484	0.333333333333333	1.47760684833333	0.0680698283333333	6.1086630354119
0.860000000000001	6	3	2	0	0	0	0.883009589382484	0.333333333333333	1.47760684833333	0.0680698283333333	6.10866303541189
0.870000000000001	6	3	2	0	0	0	0.883009589382484	0.333333333333333	1.47760684833333	0.0680698283333333	6.1086630354119
0.880000000000001	6	3	2	0	0	0	0.883009589382484	0.333333333333333	1.47760684833333	0.0680698283333333	6.1086630354119
0.890000000000001	6	3	2	0	0	0	0.883009589382484	0.333333333333333	1.47760684833333	0.0680698283333333	6.10866303541189
0.900000000000001	6	3	2	0	0	0	0.883009589382484	0.333333333333333	1.47760684833333	0.0680698283333333	6.1086630354119
0.910000000000001	6	3	2	0	0	0	0.883009589382484	0.333333333333333	1.47760684833333	0.0680698283333333	6.10866303541189
0.920000000000001	6	3	2	0	0	0	0.883009589382484	0.333333333333333	1.47760684833333	0.0680698283333333	6.1086630354119
0.930000000000001	6	3	2	0	0	0	0.883009589382484	0.333333333333333	1.47760684833333	0.0680698283333333	6.1086630354119
0.940000000000001	6	3	2	0	0	0	0.883009589382484	0.333333333333333	1.47760684833333	0.0680698283333333	6.1086630354119
0.950000000000001	6	3	2	0	0	0	0.883009589382484	0.333333333333333	1.47760684833333	0.0680698283333333	6.10866303541189
0.960000000000001	6	3	2	0	0	0	0.883009589382484	0.333333333333333	1.47760684833333	0.0680698283333333	6.10866303541189
0.970000000000001	6	3	2	0	0	0	0.883009589382484	0.333333333333333	1.47760684833333	0.0680698283333333	6.10866303541189
0.980000000000001	6	3	2	0	0	0	0.883009589382484	0.333333333333333	1.47760684833333	0.0680698283333333	6.1086630354119
0.990000000000001	6	3	2	0	0	0	0.883009589382484	0.333333333333333	1.47760684833333	0.0680698283333333	6.10866303541189
1	6	3	2	0	0	0	0.883009589382484	0.333333333333333	1.47760684833333	0.0680698283333333	6.1086630354119
1.01	6	3	2	0	0	0	0.883009589382484	0.333333333333333	1.47760684833333	0.0680698283333333	6.10866303541189
1.02	6	3	2	0	0	0	0.883009589382484	0.333333333333333	1.47760684833333	0.0680698283333333	6.1086630354119
1.03	6	3	2	0	0	0	0.883009589382484	0.333333333333333	1.47760684833333	0.0680698283333333	6.10866303541189
1.04	6	3	2	0	0	0	0.883009589382484	0.333333333333333	1.47760684833333	0.0680698283333333	6.1086630354119
1.05	6	3	2	0	0	0	0.883009589382484	0.333333333333333	1.47760684833333	0.0680698283333333	6.1086630354119
1.06	6	3	2	0	0	0	0.883009589382484	0.333333333333333	1.47760684833333	0.0680698283333333	6.1086630354119
1.07	6	3	2	0	0	0	0.883009589382484	0.333333333333333	1.47760684833333	0.0680698283333333	6.10866303541189
1.08	6	3	2	0	0	0	0.883009589382484	0.333333333333333	1.47760684833333	0.0680698283333333	6.1086630354119
1.09	6	3	2	0	0	0	0.883009589382484	0.333333333333333	1.47760684833333	0.0680698283333333	6.10866303541189
1.1	6	3	2	0	0	0	0.883009589382484	0.333333333333333	1.47760684833333	0.0680698283333333	6.1086630354119
1.11	6	3	2	0	0	0	0.883009589382484	0.333333333333333	1.47760684833333	0.0680698283333333	6.10866303541189
1.12	6	3	2	0	0	0	0.883009589382484	0.333333333333333	1.47760684833333	0.0680698283333333	6.1086630354119
1.13	6	3	2	0	0	0	0.883009589382484	0.333333333333333	1.47760684833333	0.0680698283333333	6.1086630354119
1.14	6	3	2	0	0	0	0.883009589382484	0.333333333333333	1.47760684833333	0.0680698283333333	6.1086630354119
1.15	6	3	2	0	0	0	0.883009589382484	0.333333333333333	1.47760684833333	0.0680698283333333	6.1086630354119
1.16	6	3	2	0	0	0	0.883009589382484	0.333333333333333	1.47760684833333	0.0680698283333333	6.1086630354119
1.17	6	3	2	0	0	0	0.883009589382484	0.333333333333333	1.47760684833333	0.0680698283333333	6.10866303541189
1.18	6	3	2	0	0	0	0.883009589382484	0.333333333333333	1.47760684833333	0.0680698283333333	6.1086630354119
1.19	6	2	1.38461538461538	0	0	0	1	0	1.598525272	0.310752232	2.57202540704519
1.2	6	2	1.38461538461538	0	0	0	1	2.77555756156289e-17	1.598525272	0.310752232	2.57202540704519
1.21	6	2	1.38461538461538	0	0	0	1	2.77555756156289e-17	1.598525272	0.310752232	2.57202540704519
1.22	6	2	1.38461538461538	0	0	0	1	2.77555756156289e-17	1.598525272	0.310752232	2.57202540704519
1.23	6	2	1.38461538461538	0	0	0	1	2.77555756156289e-17	1.598525272	0.310752232	2.57202540704519
1.24	6	2	1.38461538461538	0	0	0	1	0	1.598525272	0.310752232	2.57202540704519
1.25	6	2	1.38461538461538	0	0	0	1	0	1.598525272	0.310752232	2.57202540704519
1.26	6	2	1.38461538461538	0	0	0	1	2.77555756156289e-17	1.598525272	0.310752232	2.57202540704519
1.27	6	2	1.38461538461538	0	0	0	1	2.77555756156289e-17	1.598525272	0.310752232	2.57202540704519
1.28	6	2	1.38461538461538	0	0	0	1	0	1.598525272	0.310752232	2.57202540704519
1.29	6	2	1.38461538461538	0	0	0	1	2.77555756156289e-17	1.598525272	0.310752232	2.57202540704519
1.3	6	2	1.38461538461538	0	0	0	1	2.77555756156289e-17	1.598525272	0.310752232	2.57202540704519
1.31	6	2	1.38461538461538	0	0	0	1	2.77555756156289e-17	1.598525272	0.310752232	2.57202540704519
1.32	6	2	1.38461538461538	0	0	0	1	2.77555756156289e-17	1.598525272	0.310752232	2.57202540704519
1.33	6	2	1.38461538461538	0	0	0	1	2.77555756156289e-17	1.598525272	0.310752232	2.57202540704519
1.34	6	2	1.38461538461538	0	0	0	1	2.77555756156289e-17	1.598525272	0.310752232	2.57202540704519
1.35	6	2	1.38461538461538	0	0	0	1	2.77555756156289e-17	1.598525272	0.310752232	2.57202540704519
1.36	6	2	1.38461538461538	0	0	0	1	2.77555756156289e-17	1.598525272	0.310752232	2.57202540704519
1.37	6	2	1.38461538461538	0	0	0	1	0	1.598525272	0.310752232	2.57202540704519
1.38	6	2	1.38461538461538	0	0	0	1	2.77555756156289e-17	1.598525272	0.310752232	2.57202540704519
1.39	6	2	1.38461538461538	0	0	0	1	0	1.598525272	0.310752232	2.57202540704519
1.4	6	2	1.38461538461538	0	0	0	1	0	1.598525272	0.310752232	2.57202540704519
1.41	6	2	1.38461538461538	0	0	0	1	0	1.598525272	0.310752232	2.57202540704519
1.42	6	2	1.38461538461538	0	0	0	1	2.77555756156289e-17	1.598525272	0.310752232	2.57202540704519
1.43	6	2	1.38461538461538	0	0	0	1	0	1.598525272	0.310752232	2.57202540704519
1.44	6	2	1.38461538461538	0	0	0	1	2.77555756156289e-17	1.598525272	0.310752232	2.57202540704519
1.45	6	2	1.38461538461538	0	0	0	1	2.77555756156289e-17	1.598525272	0.310752232	2.57202540704519
1.46	6	2	1.38461538461538	0	0	0	1	2.77555756156289e-17	1.598525272	0.310752232	2.57202540704519
1.47	6	2	1.38461538461538	0	0	0	1	0	1.598525272	0.310752232	2.57202540704519
1.48	6	2	1.38461538461538	0	0	0	1	0	1.598525272	0.310752232	2.57202540704519
1.49	6	2	1.38461538461538	0	0	0	1	0	1.598525272	0.310752232	2.57202540704519
1.5	6	2	1.38461538461538	0	0	0	1	2.77555756156289e-17	1.598525272	0.310752232	2.57202540704519
1.51	6	2	1.38461538461538	0	0	0	1	0	1.598525272	0.310752232	2.57202540704519
1.52	6	2	1.38461538461538	0	0	0	1	2.77555756156289e-17	1.598525272	0.310752232	2.57202540704519
1.53	6	2	1.38461538461538	0	0	0	1	2.77555756156289e-17	1.598525272	0.310752232	2.57202540704519
1.54	6	1	1	0	0	1	0	-1	0	0.947178066666667	1.0557676905666
1.55	6	1	1	0	0	1	0	-1	0	0.947178066666667	1.0557676905666
1.56	6	1	1	0	0	1	0	-1	0	0.947178066666667	1.0557676905666
1.57	6	1	1	0	0	1	0	-1	0	0.947178066666667	1.0557676905666
1.58	6	1	1	0	0	1	0	-1	0	0.947178066666667	1.0557676905666
1.59	6	1	1	0	0	1	0	-1	0	0.947178066666666	1.0557676905666
1.6	6	1	1	0	0	1	0	-1	0	0.947178066666667	1.0557676905666
1.61	6	1	1	0	0	1	0	-1	0	0.947178066666667	1.0557676905666
1.62	6	1	1	0	0	1	0	-1	0	0.947178066666667	1.0557676905666
1.63	6	1	1	0	0	1	0	-1	0	0.947178066666666	1.0557676905666
1.64	6	1	1	0	0	1	0	-1	0	0.947178066666667	1.0557676905666
1.65	6	1	1	0	0	1	0	-1	0	0.947178066666667	1.0557676905666
1.66	6	1	1	0	0	1	0	-1	0	0.947178066666667	1.0557676905666
1.67	6	1	1	0	0	1	0	-1	0	0.947178066666667	1.0557676905666
1.68	6	1	1	0	0	1	0	-1	0	0.947178066666667	1.0557676905666
1.69	6	1	1	0	0	1	0	-1	0	0.947178066666667	1.0557676905666
1.7	6	1	1	0	0	1	0	-1	0	0.947178066666667	1.0557676905666
1.71	6	1	1	0	0	1	0	-1	0	0.947178066666666	1.0557676905666
1.72	6	1	1	0	0	1	0	-1	0	0.947178066666666	1.0557676905666
1.73	6	1	1	0	0	1	0	-1	0	0.947178066666667	1.0557676905666
1.74	6	1	1	0	0	1	0	-1	0	0.947178066666667	1.0557676905666
1.75	6	1	1	0	0	1	0	-1	0	0.947178066666666	1.0557676905666
1.76	6	1	1	0	0	1	0	-1	0	0.947178066666667	1.0557676905666
1.77	6	1	1	0	0	1	0	-1	0	0.947178066666666	1.0557676905666
1.78	6	1	1	0	0	1	0	-1	0	0.947178066666666	1.0557676905666
1.79	6	1	1	0	0	1	0	-1	0	0.947178066666667	1.0557676905666
1.8	6	1	1	0	0	1	0	-1	0	0.947178066666666	1.0557676905666
1.81	6	1	1	0	0	1	0	-1	0	0.947178066666667	1.0557676905666
1.82	6	1	1	0	0	1	0	-1	0	0.947178066666667	1.0557676905666
1.83	6	1	1	0	0	1	0	-1	0	0.947178066666667	1.0557676905666
1.84	6	1	1	0	0	1	0	-1	0	0.947178066666667	1.0557676905666
1.85	6	1	1	0	0	1	0	-1	0	0.947178066666666	1.0557676905666
1.86	6	1	1	0	0	1	0	-1	0	0.947178066666666	1.0557676905666
1.87	6	1	1	0	0	1	0	-1	0	0.947178066666667	1.0557676905666
1.88	6	1	1	0	0	1	0	-1	0	0.947178066666666	1.0557676905666
1.89	6	1	1	0	0	1	0	-1	0	0.947178066666667	1.0557676905666
1.9	6	1	1	0	0	1	0	-1	0	0.947178066666667	1.0557676905666
1.91	6	1	1	0	0	1	0	-1	0	0.947178066666667	1.0557676905666
1.92	6	1	1	0	0	1	0	-1	0	0.947178066666666	1.0557676905666
1.93	6	1	1	0	0	1	0	-1	0	0.947178066666667	1.0557676905666
1.94	6	1	1	0	0	1	0	-1	0	0.947178066666667	1.0557676905666
1.95	6	1	1	0	0	1	0	-1	0	0.947178066666667	1.0557676905666
1.96	6	1	1	0	0	1	0	-1	0	0.947178066666667	1.0557676905666
1.97	6	1	1	0	0	1	0	-1	0	0.947178066666666	1.0557676905666
1.98	6	1	1	0	0	1	0	-1	0	0.947178066666667	1.0557676905666
1.99	6	1	1	0	0	1	0	-1	0	0.947178066666667	1.0557676905666
2	6	1	1	0	0	1	0	-1	0	0.947178066666666	1.0557676905666
2.01	6	1	1	0	0	1	0	-1	0	0.947178066666667	1.0557676905666
2.02	6	1	1	0	0	1	0	-1	0	0.947178066666666	1.0557676905666
2.03	6	1	1	0	0	1	0	-1	0	0.947178066666666	1.0557676905666
2.04	6	1	1	0	0	1	0	-1	0	0.947178066666666	1.0557676905666
2.05	6	1	1	0	0	1	0	-1	0	0.947178066666666	1.0557676905666
2.06	6	1	1	0	0	1	0	-1	0	0.947178066666666	1.0557676905666
2.07	6	1	1	0	0	1	0	-1	0	0.947178066666666	1.0557676905666
2.08	6	1	1	0	0	1	0	-1	0	0.947178066666667	1.0557676905666
2.09	6	1	1	0	0	1	0	-1	0	0.947178066666667	1.0557676905666
2.1	6	1	1	0	0	1	0	-1	0	0.947178066666667	1.0557676905666
2.11	6	1	1	0	0	1	0	-1	0	0.947178066666666	1.0557676905666
2.12	6	1	1	0	0	1	0	-1	0	0.947178066666667	1.0557676905666
2.13	6	1	1	0	0	1	0	-1	0	0.947178066666667	1.0557676905666
2.14	6	1	1	0	0	1	0	-1	0	0.947178066666667	1.0557676905666
2.15	6	1	1	0	0	1	0	-1	0	0.947178066666667	1.0557676905666
2.16	6	1	1	0	0	1	0	-1	0	0.947178066666667	1.0557676905666
2.17	6	1	1	0	0	1	0	-1	0	0.947178066666666	1.0557676905666
2.18	6	1	1	0	0	1	0	-1	0	0.947178066666666	1.0557676905666
2.19	6	1	1	0	0	1	0	-1	0	0.947178066666667	1.0557676905666
2.2	6	1	1	0	0	1	0	-1	0	0.947178066666667	1.0557676905666
2.21	6	1	1	0	0	1	0	-1	0	0.947178066666667	1.0557676905666
2.22	6	1	1	0	0	1	0	-1	0	0.947178066666667	1.0557676905666
2.23	6	1	1	0	0	1	0	-1	0	0.947178066666667	1.0557676905666
2.24	6	1	1	0	0	1	0	-1	0	0.947178066666667	1.0557676905666
2.25	6	1	1	0	0	1	0	-1	0	0.947178066666667	1.0557676905666
2.26	6	1	1	0	0	1	0	-1	0	0.947178066666666	1.0557676905666
2.27	6	1	1	0	0	1	0	-1	0	0.947178066666667	1.0557676905666
2.28	6	1	1	0	0	1	0	-1	0	0.947178066666667	1.0557676905666
2.29	6	1	1	0	0	1	0	-1	0	0.947178066666667	1.0557676905666
2.29999999999999	6	1	1	0	0	1	0	-1	0	0.947178066666666	1.0557676905666
2.30999999999999	6	1	1	0	0	1	0	-1	0	0.947178066666667	1.0557676905666
2.31999999999999	6	1	1	0	0	1	0	-1	0	0.947178066666666	1.0557676905666
2.32999999999999	6	1	1	0	0	1	0	-1	0	0.947178066666666	1.0557676905666
2.33999999999999	6	1	1	0	0	1	0	-1	0	0.947178066666667	1.0557676905666
2.34999999999999	6	1	1	0	0	1	0	-1	0	0.947178066666666	1.0557676905666
2.35999999999999	6	1	1	0	0	1	0	-1	0	0.947178066666667	1.0557676905666
2.36999999999999	6	1	1	0	0	1	0	-1	0	0.947178066666666	1.0557676905666
2.37999999999999	6	1	1	0	0	1	0	-1	0	0.947178066666667	1.0557676905666
2.38999999999999	6	1	1	0	0	1	0	-1	0	0.947178066666667	1.0557676905666
2.39999999999999	6	1	1	0	0	1	0	-1	0	0.947178066666667	1.0557676905666
2.40999999999999	6	1	1	0	0	1	0	-1	0	0.947178066666666	1.0557676905666
2.41999999999999	6	1	1	0	0	1	0	-1	0	0.947178066666666	1.0557676905666
2.42999999999999	6	1	1	0	0	1	0	-1	0	0.947178066666667	1.0557676905666
2.43999999999999	6	1	1	0	0	1	0	-1	0	0.947178066666666	1.0557676905666
2.44999999999999	6	1	1	0	0	1	0	-1	0	0.947178066666667	1.0557676905666
2.45999999999999	6	1	1	0	0	1	0	-1	0	0.947178066666667	1.0557676905666
2.46999999999999	6	1	1	0	0	1	0	-1	0	0.947178066666667	1.0557676905666
2.47999999999999	6	1	1	0	0	1	0	-1	0	0.947178066666667	1.0557676905666
2.48999999999999	6	1	1	0	0	1	0	-1	0	0.947178066666667	1.0557676905666
2.49999999999999	6	1	1	0	0	1	0	-1	0	0.947178066666667	1.0557676905666
2.50999999999999	6	1	1	0	0	1	0	-1	0	0.947178066666666	1.0557676905666
2.51999999999999	6	1	1	0	0	1	0	-1	0	0.947178066666666	1.0557676905666
2.52999999999999	6	1	1	0	0	1	0	-1	0	0.947178066666666	1.0557676905666
2.53999999999999	6	1	1	0	0	1	0	-1	0	0.947178066666667	1.0557676905666
2.54999999999999	6	1	1	0	0	1	0	-1	0	0.947178066666667	1.0557676905666
2.55999999999999	6	1	1	0	0	1	0	-1	0	0.947178066666666	1.0557676905666
2.56999999999999	6	1	1	0	0	1	0	-1	0	0.947178066666667	1.0557676905666
2.57999999999999	6	1	1	0	0	1	0	-1	0	0.947178066666667	1.0557676905666
2.58999999999999	6	1	1	0	0	1	0	-1	0	0.947178066666666	1.0557676905666
2.59999999999999	6	1	1	0	0	1	0	-1	0	0.947178066666667	1.0557676905666
2.60999999999999	6	1	1	0	0	1	0	-1	0	0.947178066666667	1.0557676905666
2.61999999999999	6	1	1	0	0	1	0	-1	0	0.947178066666667	1.0557676905666
2.62999999999999	6	1	1	0	0	1	0	-1	0	0.947178066666667	1.0557676905666
2.63999999999999	6	1	1	0	0	1	0	-1	0	0.947178066666667	1.0557676905666
2.64999999999999	6	1	1	0	0	1	0	-1	0	0.947178066666666	1.0557676905666
2.65999999999999	6	1	1	0	0	1	0	-1	0	0.947178066666667	1.0557676905666
2.66999999999999	6	1	1	0	0	1	0	-1	0	0.947178066666666	1.0557676905666
2.67999999999999	6	1	1	0	0	1	0	-1	0	0.947178066666666	1.0557676905666
2.68999999999999	6	1	1	0	0	1	0	-1	0	0.947178066666667	1.0557676905666
2.69999999999999	6	1	1	0	0	1	0	-1	0	0.947178066666667	1.0557676905666
2.70999999999999	6	1	1	0	0	1	0	-1	0	0.947178066666667	1.0557676905666
2.71999999999999	6	1	1	0	0	1	0	-1	0	0.947178066666667	1.0557676905666
2.72999999999999	6	1	1	0	0	1	0	-1	0	0.947178066666666	1.0557676905666
2.73999999999999	6	1	1	0	0	1	0	-1	0	0.947178066666667	1.0557676905666
2.74999999999999	6	1	1	0	0	1	0	-1	0	0.947178066666667	1.0557676905666
2.75999999999999	6	1	1	0	0	1	0	-1	0	0.947178066666666	1.0557676905666
2.76999999999998	6	1	1	0	0	1	0	-1	0	0.947178066666666	1.0557676905666
2.77999999999998	6	1	1	0	0	1	0	-1	0	0.947178066666667	1.0557676905666
2.78999999999998	6	1	1	0	0	1	0	-1	0	0.947178066666667	1.0557676905666
2.79999999999998	6	1	1	0	0	1	0	-1	0	0.947178066666666	1.0557676905666
2.80999999999998	6	1	1	0	0	1	0	-1	0	0.947178066666667	1.0557676905666
2.81999999999998	6	1	1	0	0	1	0	-1	0	0.947178066666667	1.0557676905666
2.82999999999998	6	1	1	0	0	1	0	-1	0	0.947178066666667	1.0557676905666
2.83999999999998	6	1	1	0	0	1	0	-1	0	0.947178066666666	1.0557676905666
2.84999999999998	6	1	1	0	0	1	0	-1	0	0.947178066666667	1.0557676905666
2.85999999999998	6	1	1	0	0	1	0	-1	0	0.947178066666667	1.0557676905666
2.86999999999998	6	1	1	0	0	1	0	-1	0	0.947178066666667	1.0557676905666
2.87999999999998	6	1	1	0	0	1	0	-1	0	0.947178066666666	1.0557676905666
2.88999999999998	6	1	1	0	0	1	0	-1	0	0.947178066666666	1.0557676905666
